35,2048,-253,11,-50,230
41,2051,-262,-25,-387,247
44,2058,-261,-75,-309,177
45,2059,-261,-96,-89,128
45,2058,-255,-81,98,115
46,2057,-252,-151,200,144
48,2050,-248,-241,397,194
49,2039,-251,-174,371,147
41,2028,-251,-288,178,104
29,2021,-254,-235,256,97
23,2017,-257,-238,386,141
22,2019,-252,-180,266,149
19,2020,-255,-113,153,171
18,2017,-252,-140,75,136
24,2019,-248,-157,236,160
27,2030,-247,-153,280,134
26,2040,-245,-116,148,109
25,2047,-247,3,51,64
29,2049,-254,42,35,66
31,2050,-261,13,47,69
36,2054,-259,-33,97,102
43,2062,-252,-78,169,62
42,2064,-251,-90,134,70
40,2054,-250,-119,179,72
33,2042,-247,-149,144,140
35,2037,-245,-221,177,180
37,2040,-247,-173,66,154
41,2043,-253,-104,139,110
32,2039,-257,-48,88,89
25,2031,-255,-98,138,124
24,2029,-252,-46,140,217
30,2033,-252,-28,-5,182
38,2033,-253,-50,-85,125
40,2032,-253,-17,31,109
37,2034,-251,-38,204,128
35,2041,-247,25,182,104
37,2050,-245,4,114,96
38,2051,-245,-4,-2,69
36,2045,-245,-33,-56,77
37,2039,-245,-51,126,77
35,2038,-245,-56,40,46
32,2041,-244,-44,-49,74
34,2043,-250,-24,84,57
33,2043,-255,-27,48,38
30,2040,-256,38,-47,57
31,2034,-257,-7,4,101
30,2033,-258,30,-177,94
29,2041,-264,69,-490,73
31,2046,-265,20,-495,89
31,2043,-256,164,-239,113
29,2037,-253,-34,-156,114
34,2036,-249,-116,73,101
40,2041,-247,0,342,38
39,2048,-251,-67,372,-9
37,2051,-249,-166,425,-37
33,2049,-247,-102,608,-77
28,2044,-250,-59,433,-117
31,2040,-253,-68,540,-100
33,2038,-257,20,677,-149
35,2043,-258,32,803,-173
30,2042,-262,57,620,-167
26,2038,-263,48,635,-118
20,2034,-262,65,572,-97
20,2036,-263,-11,589,-82
21,2035,-264,90,608,-81
21,2031,-264,144,628,-90
18,2027,-271,150,401,-34
19,2027,-277,101,451,-45
17,2031,-274,113,308,-33
19,2035,-272,119,374,-20
21,2038,-276,81,374,26
19,2035,-276,143,412,81
16,2037,-278,71,490,125
20,2043,-273,13,537,119
26,2051,-271,-60,824,92
28,2052,-266,-10,931,25
22,2043,-265,-126,772,51
13,2032,-260,-173,524,104
9,2025,-253,-339,539,120
3,2023,-254,-265,350,120
7,2026,-259,-295,483,130
-1,2034,-272,-223,170,86
-15,2034,-287,31,-39,59
-12,2037,-290,27,-22,158
-5,2046,-282,-26,126,236
13,2053,-274,-44,371,227
24,2049,-270,49,138,133
22,2041,-270,24,124,132
12,2035,-270,-18,58,115
4,2035,-270,7,53,137
5,2042,-271,-9,202,115
3,2050,-271,42,182,110
9,2053,-266,-11,431,127
12,2050,-262,-69,361,91
15,2047,-264,-124,322,66
16,2045,-262,-98,292,21
9,2039,-262,-79,180,35
7,2030,-268,-61,353,62
5,2028,-272,-25,300,19
5,2031,-271,-49,252,2
9,2035,-273,-42,357,-3
11,2037,-276,-72,196,-16
14,2037,-278,-81,254,21
14,2037,-278,-103,302,46
12,2037,-275,-72,374,60
11,2039,-277,-28,430,113
11,2040,-272,-69,311,122
10,2040,-268,-59,297,119
9,2041,-267,-101,114,116
5,2038,-272,-129,31,141
4,2036,-271,-83,110,184
9,2038,-276,-83,101,189
15,2044,-274,-33,198,200
19,2048,-270,-36,140,230
20,2050,-265,-170,272,204
17,2047,-267,-90,152,204
18,2040,-270,-171,197,218
6,2036,-275,-85,-115,257
4,2037,-278,-134,-137,315
7,2039,-274,-107,-23,349
4,2037,-274,-50,11,287
10,2032,-273,-59,168,265
16,2033,-270,-35,230,225
13,2036,-269,-32,222,167
7,2036,-268,10,92,195
8,2036,-270,-45,98,161
10,2034,-275,7,79,125
9,2035,-276,-49,100,134
12,2037,-269,-64,272,114
16,2038,-264,-95,336,99
19,2038,-266,-64,260,71
20,2038,-276,11,112,37
18,2039,-280,19,106,83
17,2041,-280,58,273,154
19,2047,-279,-10,298,123
19,2047,-280,-40,190,121
20,2043,-282,-61,137,157
20,2036,-282,-128,135,251
23,2034,-279,-129,177,246
26,2036,-278,-178,198,206
26,2038,-277,-97,86,186
22,2038,-281,-137,63,157
21,2037,-278,-147,171,176
19,2039,-280,-178,52,169
23,2041,-277,-188,9,135
26,2045,-275,-213,-32,193
27,2044,-273,-220,136,175
24,2041,-274,-279,123,145
25,2036,-271,-318,100,154
31,2035,-268,-312,270,148
34,2037,-265,-329,504,118
34,2038,-264,-251,568,34
32,2036,-263,-243,550,20
27,2038,-267,-166,321,44
25,2041,-281,-266,484,105
26,2043,-271,-137,535,120
21,2046,-267,-199,512,161
22,2048,-262,-251,545,201
26,2045,-257,-278,474,138
27,2040,-257,-246,320,87
25,2035,-257,-242,185,40
18,2031,-260,-193,203,87
15,2031,-265,-157,255,30
11,2034,-263,-168,198,61
18,2037,-259,-155,378,128
28,2040,-257,-136,399,106
29,2041,-256,-55,223,88
26,2037,-256,-91,92,68
20,2036,-255,-51,149,138
15,2037,-260,-64,59,169
17,2041,-261,-55,-49,158
26,2045,-260,-75,-22,147
30,2045,-256,-57,35,181
28,2041,-255,-89,4,182
28,2038,-254,-47,96,205
25,2036,-259,-55,-73,169
23,2032,-258,-88,-86,142
20,2031,-259,-85,-52,190
19,2034,-255,16,-109,217
22,2040,-257,2,-69,220
23,2044,-257,17,-66,188
27,2043,-258,-56,-46,170
26,2040,-254,-62,-54,167
26,2041,-251,-68,51,151
30,2040,-258,-37,79,155
31,2039,-260,-74,122,102
29,2040,-262,-156,256,75
23,2042,-259,-80,110,67
27,2040,-255,-132,278,94
22,2041,-258,-105,42,66
21,2040,-262,-60,-3,70
17,2034,-263,-18,-76,85
12,2025,-262,10,-5,108
9,2021,-264,59,-73,70
9,2026,-266,96,-259,111
17,2036,-270,125,-222,150
25,2045,-270,113,-196,124
32,2053,-270,66,-12,105
32,2058,-265,88,143,89
31,2055,-268,-29,220,92
30,2050,-265,-98,410,109
27,2047,-265,-131,299,114
28,2046,-266,-119,365,116
21,2044,-268,-121,294,85
17,2038,-265,-135,312,45
16,2033,-266,-145,254,41
15,2030,-271,-120,148,61
15,2031,-274,-59,113,84
16,2032,-275,-19,103,144
22,2035,-272,-29,316,193
25,2042,-272,-1,230,149
27,2045,-274,-2,173,97
26,2042,-275,-30,120,89
26,2040,-274,-14,168,117
28,2042,-268,-42,189,86
29,2047,-265,-96,300,125
30,2048,-261,-124,302,104
32,2044,-262,-217,311,95
32,2037,-265,-217,329,44
29,2031,-267,-252,285,11
24,2025,-268,-154,202,18
25,2026,-270,-110,289,76
20,2030,-272,-90,38,82
26,2031,-274,-134,233,162
25,2035,-275,-127,12,151
21,2040,-274,-34,-27,151
22,2042,-269,-71,16,209
25,2044,-261,-125,103,247
30,2044,-255,-97,208,191
32,2043,-251,-98,284,147
27,2038,-249,-107,235,105
21,2034,-255,-123,88,124
17,2033,-252,-142,120,133
15,2039,-256,-161,144,76
11,2043,-261,-79,116,78
14,2041,-261,-80,231,125
16,2039,-259,-93,126,119
21,2040,-257,-162,161,104
23,2038,-258,-202,217,51
24,2036,-255,-247,417,37
19,2034,-255,-212,392,40
15,2032,-257,-201,414,93
11,2030,-260,-148,363,89
4,2029,-262,-92,196,59
6,2030,-264,-97,268,81
9,2039,-267,-91,176,107
11,2052,-269,-29,90,45
17,2057,-267,22,208,5
17,2055,-266,-2,158,55
17,2053,-268,-48,127,97
19,2052,-264,-89,218,134
24,2051,-263,-68,278,131
27,2050,-261,-95,375,107
22,2045,-260,-111,337,93
15,2038,-261,-117,323,102
11,2029,-264,-151,184,114
9,2027,-262,-174,171,114
11,2030,-267,-146,45,143
18,2030,-267,-156,106,188
20,2038,-267,-148,20,186
18,2044,-273,-124,-65,195
20,2046,-270,-140,84,262
21,2045,-265,-175,90,245
27,2044,-256,-178,197,217
32,2042,-251,-155,233,200
30,2037,-251,-116,201,186
25,2035,-250,-188,196,223
24,2033,-248,-189,223,220
23,2034,-248,-202,217,142
20,2033,-252,-195,163,109
16,2030,-252,-83,100,139
23,2028,-251,-127,154,187
24,2031,-252,-128,114,177
31,2039,-254,-124,178,178
36,2043,-255,-94,181,156
32,2044,-255,-47,110,156
32,2044,-251,-20,285,176
32,2045,-251,-96,331,137
32,2045,-247,-38,455,153
34,2042,-251,-59,451,139
30,2040,-250,-34,382,163
25,2039,-253,-153,305,157
25,2039,-247,-150,326,158
26,2040,-249,-109,242,136
28,2036,-251,-123,207,83
27,2033,-254,-94,98,51
29,2033,-255,-89,140,106
28,2039,-254,-60,223,115
34,2045,-252,-75,272,118
37,2048,-253,-24,259,125
38,2044,-254,-64,263,121
35,2039,-251,-81,408,110
31,2037,-250,-135,467,60
26,2036,-251,-104,277,82
28,2037,-248,-147,463,111
15,2040,-258,-122,47,121
16,2040,-260,-115,16,133
24,2038,-255,-133,223,150
23,2037,-253,-178,122,83
29,2035,-253,-130,221,76
31,2040,-254,-64,145,42
28,2045,-258,-89,68,99
33,2049,-255,-72,142,169
37,2051,-253,-121,317,94
35,2050,-250,-142,307,67
28,2042,-249,-121,215,53
24,2034,-251,-122,191,112
26,2029,-251,-154,204,143
30,2032,-252,-117,240,107
32,2037,-251,-114,197,80
31,2037,-254,-25,164,108
29,2037,-258,-65,156,121
29,2040,-258,-74,147,178
30,2041,-258,-24,131,174
30,2041,-251,-37,156,209
31,2040,-250,-101,226,155
31,2044,-249,-128,214,171
29,2047,-249,-130,225,174
29,2047,-247,-93,272,140
29,2046,-243,-166,317,79
25,2041,-242,-154,421,79
19,2034,-244,-103,191,83
20,2031,-249,-18,268,99
23,2038,-250,-6,302,122
26,2044,-251,6,346,107
27,2043,-252,-38,352,97
29,2041,-251,-17,329,93
30,2039,-255,20,231,75
30,2040,-256,-77,341,129
31,2046,-256,-107,300,109
30,2051,-250,-136,475,128
21,2051,-254,-61,185,111
24,2048,-257,-64,195,108
24,2041,-259,-48,116,151
26,2038,-254,-56,128,187
35,2042,-250,-92,305,118
42,2049,-245,-99,472,91
41,2046,-248,-76,343,53
35,2034,-250,-99,278,78
29,2029,-249,-142,391,82
27,2032,-244,-187,480,117
26,2035,-244,-164,327,75
30,2033,-245,-171,437,41
30,2033,-250,-171,325,50
25,2035,-255,-117,239,116
25,2039,-252,-113,255,142
27,2040,-251,-82,97,140
29,2040,-255,-119,79,135
29,2043,-255,-116,51,125
27,2045,-254,-103,122,165
31,2046,-249,-153,211,172
37,2046,-246,-160,247,143
35,2047,-246,-204,265,101
33,2041,-242,-126,281,117
26,2039,-247,-178,224,128
22,2039,-247,-135,160,120
25,2041,-246,-116,330,121
30,2043,-242,-182,362,114
34,2040,-242,-155,373,65
31,2036,-243,-163,202,63
29,2035,-240,-148,236,104
26,2037,-239,-153,268,139
28,2040,-243,-108,344,145
28,2040,-244,-121,240,109
26,2037,-244,-136,189,99
26,2037,-243,-209,381,158
26,2038,-241,-132,185,102
27,2041,-234,-104,250,133
22,2043,-237,-109,86,153
23,2044,-243,-147,103,195
23,2047,-240,-65,46,146
22,2048,-243,-81,27,170
28,2047,-239,-134,243,157
31,2047,-238,-92,197,124
33,2045,-239,-55,173,70
29,2043,-240,-52,178,111
25,2039,-240,-95,176,106
23,2039,-244,-91,96,77
23,2040,-243,-13,66,65
28,2040,-239,-4,282,83
30,2041,-240,-23,174,105
32,2044,-247,-20,170,77
32,2043,-249,-53,60,82
32,2042,-243,-54,286,130
32,2041,-240,-64,300,158
30,2041,-243,-31,99,136
30,2039,-247,10,161,119
29,2038,-244,8,191,163
28,2040,-244,-35,49,168
32,2045,-243,-67,-46,147
33,2047,-243,-4,-18,125
31,2043,-248,-49,18,135
31,2041,-246,-88,-31,166
34,2046,-243,-69,39,208
39,2048,-240,-70,5,142
39,2044,-236,-11,-42,106
36,2036,-240,-25,-132,89
35,2031,-244,-67,101,123
30,2035,-246,-48,-58,92
26,2039,-249,-30,-180,130
29,2040,-248,19,-94,164
31,2042,-247,-15,-169,144
35,2043,-252,-124,-69,125
36,2042,-253,-45,-138,114
41,2040,-251,-45,110,117
31,2042,-253,34,-142,131
34,2044,-256,-25,17,138
31,2045,-253,30,49,161
28,2041,-245,-6,40,148
37,2038,-241,-73,141,128
43,2037,-240,-104,321,60
40,2037,-245,-106,329,27
34,2036,-248,-69,355,16
31,2038,-249,-39,392,51
29,2042,-249,-39,506,61
26,2041,-256,-3,423,50
26,2038,-257,-6,369,14
28,2037,-256,-64,355,22
32,2039,-253,-24,498,18
30,2040,-250,-52,445,12
23,2042,-255,-26,334,47
21,2043,-257,8,282,52
21,2043,-255,1,288,62
23,2044,-251,-53,337,56
28,2047,-248,-92,455,40
28,2043,-250,-83,466,12
21,2038,-256,-77,428,42
15,2037,-255,-56,244,111
16,2041,-252,-103,180,106
26,2046,-250,-153,258,101
32,2046,-251,-128,453,51
29,2042,-255,-169,219,44
28,2041,-254,-122,354,94
24,2042,-252,-140,326,106
21,2041,-251,-120,368,110
23,2040,-248,-139,404,116
25,2034,-253,-88,205,75
25,2031,-254,-173,215,85
23,2036,-252,-108,241,125
24,2042,-251,-131,320,198
26,2045,-247,-127,281,201
18,2047,-256,-35,-95,216
17,2046,-259,-71,-106,271
15,2045,-254,-56,56,305
21,2046,-248,-106,-21,252
29,2045,-243,-122,80,203
34,2045,-238,-137,196,151
28,2039,-245,-85,17,148
21,2031,-248,-77,99,210
18,2032,-247,-30,136,175
17,2037,-250,-35,154,170
23,2039,-252,17,165,145
28,2043,-253,6,143,130
29,2045,-257,33,169,152
27,2046,-255,9,157,175
24,2045,-248,-28,122,216
27,2043,-250,-76,37,190
29,2043,-251,-76,-77,157
28,2041,-260,19,-4,136
32,2039,-258,29,293,208
34,2042,-254,-38,273,169
36,2044,-249,-99,335,108
39,2041,-247,-103,421,120
36,2033,-251,-56,447,81
28,2028,-256,-8,292,129
29,2032,-255,-94,342,179
31,2039,-254,-62,257,111
37,2037,-251,19,391,91
42,2037,-254,6,343,73
37,2037,-257,35,266,94
34,2040,-253,42,258,169
33,2038,-251,29,120,172
35,2033,-250,9,83,193
38,2031,-255,-39,130,193
40,2035,-255,59,345,170
37,2043,-258,23,166,160
34,2049,-257,5,204,183
31,2051,-258,-102,-4,135
29,2045,-265,-53,23,168
33,2039,-262,6,46,175
36,2039,-259,-9,230,205
38,2045,-259,-29,236,141
39,2042,-259,-10,174,112
33,2036,-261,67,97,102
29,2028,-260,72,23,126
32,2029,-260,51,159,114
35,2035,-263,56,205,104
34,2038,-267,58,73,111
32,2038,-270,2,-57,136
34,2036,-269,-20,94,214
40,2038,-268,17,348,201
43,2047,-270,-35,271,160
43,2053,-268,-21,262,125
40,2053,-266,-41,256,147
40,2046,-266,-164,234,153
41,2038,-266,-128,364,110
40,2033,-271,-130,348,108
36,2036,-270,-78,377,145
36,2039,-267,-85,346,192
37,2037,-263,-75,222,103
34,2031,-264,-108,9,43
32,2026,-273,18,163,88
27,2033,-269,75,273,193
28,2045,-264,73,262,193
32,2047,-265,5,-10,105
38,2037,-264,88,-84,32
39,2034,-258,149,-57,73
42,2045,-258,5,143,97
42,2052,-264,-19,-113,59
43,2044,-273,91,-364,3
39,2036,-275,113,-351,21
37,2033,-273,63,-117,45
40,2034,-277,-19,301,80
41,2032,-282,45,89,77
36,2025,-288,48,117,88
27,2010,-305,237,-210,144
5,1998,-336,332,-999,149
-42,1978,-389,763,-1896,211
-108,1927,-458,1357,-2490,333
-94,1877,-540,2064,-3677,324
-1,1891,-608,2165,-2897,-64
79,1960,-683,824,-1782,-349
155,2003,-707,748,-1210,-862
170,1977,-716,829,-1927,-1033
146,1894,-736,206,-1878,-544
118,1832,-791,-1031,-425,150
139,1827,-824,-1259,1735,250
199,1864,-875,-2126,4595,-121
176,1906,-898,-1278,4144,-146
110,1961,-916,81,3928,324
68,2013,-935,1393,3665,870
110,2075,-938,1773,4233,1015
62,2259,-777,2477,-2971,1345
86,2437,-826,3876,2495,796
92,2540,-750,3326,7023,817
149,2707,-568,3606,10236,132
203,2873,-382,1986,11295,-562
169,2872,-82,592,12804,-1625
137,2735,155,-428,11383,-2074
147,2605,243,-511,6162,-2392
117,2426,230,-40,1480,-2691
41,2211,200,-423,2206,-3120
-48,2075,236,-778,4529,-3537
-104,2023,275,-1078,4753,-4128
-98,1951,197,-106,4115,-3996
-64,1830,18,545,2122,-3782
-77,1675,-120,510,86,-3437
-155,1579,-139,1026,851,-2034
-226,1571,-185,3590,-573,-1808
-259,1582,-283,6928,-4797,-2598
-237,1544,-291,10238,-6161,-1793
-172,1531,-357,10935,-4089,-642
-111,1540,-418,10863,-1725,-236
-9,1554,-419,8037,3202,-1300
-104,1525,-551,6945,5975,-1999
-392,1504,-673,6381,824,-1731
-505,1584,-684,5227,585,-135
-510,1671,-716,3767,3314,224
-509,1784,-684,2785,-4937,-79
-458,1959,-607,934,-8710,216
-315,2079,-585,324,-6106,205
-210,2113,-682,-330,-11073,91
-14,2190,-679,-951,-4008,-101
0,2296,-745,-2250,-2496,805
-60,2371,-758,-3140,2396,1309
-202,2416,-827,-3955,695,1347
-165,2396,-869,-4511,6496,755
-239,2374,-920,-5905,928,1961
-291,2296,-856,-5935,-2829,2911
-303,2181,-849,-7155,-3977,1707
-322,2046,-848,-5743,-6482,1458
-298,1995,-772,-6735,-5969,1579
-254,1974,-629,-7225,-3044,786
-233,1907,-528,-9401,-1383,-72
-188,1795,-384,-9759,1382,-1098
-181,1687,-403,-8747,4984,-2071
-312,1592,-437,-8846,-2386,-1966
-373,1534,-306,-8155,1086,-1224
-425,1570,-24,-11013,6849,-1491
-464,1645,79,-8474,3725,-3064
-339,1725,25,-6677,1537,-2826
-189,1732,34,-6730,643,-1857
-161,1728,175,-7646,1869,-1871
-170,1724,304,-6831,1598,-1892
-134,1718,333,-5988,2001,-903
-107,1739,371,-5784,2186,370
-135,1805,468,-5577,2415,764
-161,1911,552,-5355,1842,412
-167,2010,637,-4729,2417,121
-248,2040,678,-4114,1899,120
-339,2046,723,-3748,2913,119
-410,2095,752,-3277,3694,-207
-443,2110,707,-2450,3470,-222
-419,2097,695,-1982,3610,144
-416,2098,661,-1491,3568,268
-441,2046,548,-730,721,557
-458,1911,398,798,-2789,1033
-408,1808,205,2003,-3522,1653
-279,1855,59,2066,-941,1345
-114,2071,-22,2545,1837,-118
-11,2338,-76,3551,2193,-1164
-12,2468,-155,4703,48,-690
-132,2433,-261,5841,-1018,-243
-283,2309,-308,6222,573,303
-366,2163,-317,6304,2579,1265
-355,2023,-352,7083,2099,2199
-222,1925,-365,7339,-437,2568
-57,1878,-345,6122,-2757,2807
36,1864,-359,5288,-4313,3042
92,1943,-518,6078,-5990,3049
151,2216,-652,6263,-3374,569
-78,2525,-689,6906,-343,-1953
-494,2473,-693,6033,-835,-520
-548,2186,-725,4223,3482,2049
-365,2006,-665,3086,3822,2675
-95,2043,-583,1695,1371,2402
118,2125,-508,-201,-2708,2826
175,2117,-423,-1598,-4720,3405
41,2071,-361,-983,-4538,2771
-149,2064,-318,-1160,-2177,2052
-251,2032,-283,-1021,1109,1742
-253,2001,-279,-1303,3535,1280
-213,1989,-293,-1284,4434,660
-159,1992,-314,-1203,3994,179
-94,1993,-326,-994,4393,84
-75,1988,-317,-852,3510,102
-80,1996,-289,-1038,2524,129
-85,2023,-255,-1615,2247,134
-86,2051,-239,-1317,2468,115
-86,2070,-253,-928,2179,36
-77,2065,-271,-350,1992,67
-70,2057,-275,-496,1504,-37
-75,2065,-248,-708,1783,-112
-80,2077,-215,-801,1676,-296
-102,2078,-200,-1102,96,-360
-96,2062,-199,-1230,-58,-236
-87,2048,-205,-709,-109,-34
-85,2048,-198,-669,-276,111
-90,2051,-188,-572,-975,95
-111,2053,-192,-528,-1886,-12
-131,2049,-190,-472,-1519,51
-145,2034,-200,-365,-1070,329
-139,2026,-201,-270,-799,537
-111,2039,-190,-400,-755,436
-89,2057,-168,-483,-1093,243
-71,2064,-157,-506,-921,124
-62,2059,-153,-541,-351,175
-68,2049,-153,-412,-274,216
-62,2043,-160,-252,103,297
-61,2049,-164,-361,359,297
-71,2059,-170,-431,386,240
-76,2064,-169,-281,1019,197
-84,2062,-171,-307,1425,149
-97,2056,-180,-75,1582,90
-101,2046,-189,111,1959,62
-119,2045,-190,-47,1257,104
-115,2044,-162,-143,1340,234
-84,2046,-156,-289,1561,227
-59,2048,-153,-287,1466,-1
-60,2043,-160,-167,1034,-138
-75,2037,-177,-180,645,-105
-99,2035,-194,-400,201,66
-111,2036,-201,-247,152,211
-97,2047,-202,-235,281,290
-79,2060,-195,-266,-37,231
-76,2063,-192,-389,-190,184
-86,2054,-185,-400,-353,154
-102,2044,-180,-440,-378,205
-102,2038,-173,-319,202,302
-93,2040,-171,-277,409,432
-86,2045,-159,-261,272,418
-80,2048,-153,-184,251,408
-77,2046,-151,-281,381,278
-84,2045,-148,-497,-18,128
-88,2045,-154,-504,81,116
-94,2044,-157,-418,190,190
-97,2043,-152,-313,223,249
-94,2046,-149,-259,53,233
-84,2051,-145,-183,184,256
-72,2057,-147,-260,171,252
-67,2056,-144,-258,389,232
-75,2050,-143,-219,244,192
-84,2049,-149,-151,430,185
-89,2047,-150,-121,483,227
-87,2047,-153,-51,541,280
-82,2049,-151,-68,545,268
-76,2052,-145,11,610,202
-76,2055,-133,-220,588,143
-81,2050,-126,-199,544,90
-80,2043,-133,-301,473,40
-90,2043,-139,-343,-147,-50
-98,2046,-147,-118,-5,41
-96,2052,-153,-179,315,100
-85,2058,-146,-191,490,134
-73,2066,-143,-148,649,153
-65,2068,-142,-212,452,69
-64,2059,-139,-177,487,41
-70,2044,-136,-128,671,65
-73,2037,-138,-76,919,74
-78,2035,-140,-79,811,31
-78,2040,-143,-55,757,3
-81,2045,-146,-13,643,-9
-86,2046,-147,-60,451,7
-89,2047,-150,-186,285,27
-87,2048,-147,-135,392,93
-83,2051,-146,-300,267,141
-86,2060,-149,-523,-562,67
-80,2062,-149,-343,-512,110
-75,2059,-145,-328,-379,162
-75,2056,-136,-248,-131,187
-67,2053,-134,-211,172,199
-64,2056,-128,-258,169,159
-68,2054,-131,-316,-53,187
-72,2052,-128,-291,-320,172
-74,2048,-128,-303,-198,180
-82,2046,-129,-232,-356,204
-78,2048,-131,-247,28,262
-73,2048,-127,-170,124,298
-74,2050,-123,-175,160,272
-72,2053,-119,-219,116,295
-72,2054,-113,-224,43,220
-71,2053,-113,-175,133,187
-68,2050,-114,-171,346,181
-71,2050,-112,-274,49,188
-72,2056,-115,-122,-117,189
-70,2060,-120,-169,179,197
-73,2061,-115,-103,194,180
-69,2061,-112,-101,422,209
-67,2060,-112,-57,525,151
-67,2053,-111,-66,508,93
-71,2047,-111,-180,242,114
-71,2042,-116,-44,210,89
-73,2040,-120,-37,390,110
-75,2043,-121,-58,489,121
-77,2047,-120,-25,419,130
-79,2046,-125,36,166,96
-81,2042,-133,-13,175,140
-86,2046,-133,15,-93,182
-81,2050,-131,-31,35,201
-73,2052,-133,-18,-96,151
-78,2056,-133,-183,-749,175
-81,2060,-130,-192,-1000,241
-75,2064,-129,-233,-939,226
-72,2063,-131,-165,-1154,224
-71,2061,-123,-231,-1058,220
-60,2060,-117,-147,-475,231
-56,2062,-116,-133,-251,172
-61,2062,-113,-172,-393,115
-61,2055,-110,-25,-141,126
-67,2047,-111,-13,164,105
-80,2045,-117,30,183,140
-78,2051,-118,8,445,188
-80,2053,-125,42,329,186
-81,2049,-129,98,45,183
-81,2051,-124,123,-129,182
-76,2053,-121,51,-98,171
-74,2054,-118,-1,-304,173
-75,2058,-117,-55,-746,141
-75,2060,-117,50,-783,184
-71,2059,-112,14,-584,241
-69,2057,-103,29,-458,230
-65,2056,-105,-57,-732,213
-52,2051,-112,-96,-991,203
-44,2050,-122,-58,-1205,149
-50,2051,-129,-11,-1232,105
-60,2051,-129,-41,-1054,84
-58,2052,-133,-7,-906,95
-50,2052,-142,-37,-951,53
-40,2046,-158,172,-420,-26
-52,2041,-159,251,-408,0
-69,2036,-157,283,-376,148
-73,2034,-152,136,-426,169
-67,2037,-148,99,-362,80
-65,2042,-150,128,-1100,53
-60,2039,-173,130,-1559,0
-69,2025,-223,475,-3086,-138
-80,2016,-282,541,-4376,-434
-76,2003,-345,717,-5431,-474
-59,1981,-405,1273,-6529,-477
-24,1951,-470,1251,-6095,-535
25,1932,-507,1093,-4609,-915
41,1914,-534,1173,-3571,-730
47,1877,-576,999,-2755,0
71,1837,-608,404,-1880,477
86,1814,-654,-517,-1379,737
106,1802,-706,-580,-379,750
142,1813,-702,-481,2198,845
151,1868,-670,-1173,4909,1320
140,1933,-697,-395,5689,1767
128,2010,-821,1177,3501,1999
60,2123,-907,2814,-180,2310
-40,2302,-850,4227,-1784,2830
-88,2569,-594,1780,892,3163
-130,2841,-327,906,5735,2366
-175,3044,-108,-1730,12238,1357
-231,3118,83,-995,13758,-392
-197,2960,341,-914,13765,-582
-131,2762,518,-230,7117,-615
27,2632,571,902,1980,-795
95,2433,567,1419,650,-860
77,2207,534,1756,1777,-1259
58,2106,471,1667,4121,-1853
29,2057,395,2149,4485,-2696
-18,1962,311,2753,4489,-2555
-95,1869,260,2351,2574,-1894
-155,1814,234,3366,-1536,-1226
-128,1787,287,3496,-2465,-1139
-114,1761,227,4351,-6070,-2684
-69,1755,127,4085,-4441,-4440
-77,1713,-57,5126,-692,-3913
-147,1519,-380,5308,-1178,-2626
-128,1180,-575,6259,6057,-2701
-113,885,-861,6544,13877,-4685
-401,782,-1049,8811,-1296,-5334
-753,1020,-1007,8627,-12690,-3259
-906,1392,-928,7007,-12827,-2925
-834,1650,-768,5892,-15106,-3478
-511,1890,-591,4347,-11514,-3495
-139,2117,-415,2864,-4356,-3459
36,2266,-420,1906,-1534,-1291
-6,2491,-432,156,1183,735
-127,2697,-462,-1890,4327,2187
-255,2774,-552,-3421,7000,2709
-410,2727,-645,-4759,7914,3078
-517,2565,-800,-5008,8768,3649
-497,2462,-833,-6306,11222,3802
-475,2413,-799,-7178,5617,2729
-403,2326,-771,-8067,1828,2377
-403,2185,-802,-7669,-4109,2443
-350,2059,-727,-8407,-4327,1325
-198,1958,-529,-9823,4920,241
-156,1834,-488,-9068,9765,-514
-252,1670,-505,-8195,2046,-1161
-233,1542,-332,-8538,4676,-1588
-349,1483,-129,-9461,1513,-1432
-470,1448,-145,-8030,2244,-2102
-483,1411,-194,-7782,-501,-1803
-432,1394,-82,-9502,-2022,-307
-456,1468,320,-11543,-4272,651
-369,1598,356,-8050,-6323,-106
-199,1731,205,-6461,-7200,-494
-151,1672,182,-5913,-7359,1319
-217,1549,281,-5697,-5933,2087
-214,1528,417,-5277,-1272,2105
-178,1601,474,-4351,450,1038
-114,1719,494,-3743,-393,387
-86,1826,568,-3379,517,-399
-163,1900,674,-2334,805,-951
-313,1943,765,-1796,683,-561
-357,1970,822,-1230,1850,-364
-323,2002,856,-448,3615,-607
-329,2072,815,153,1317,-1309
-304,2074,713,-128,-1748,-878
-206,1984,611,236,-2126,207
-160,2057,357,1486,-3312,-369
-162,2252,163,2484,406,-1680
-165,2397,56,2957,1203,-1472
-115,2449,-100,3630,-1491,70
-36,2470,-163,4216,-2638,1093
27,2444,-142,4383,-1572,965
20,2377,-56,4350,495,1009
-18,2316,-19,4170,1637,807
-27,2240,-31,3886,1108,988
-45,2163,-126,3684,-535,1438
-121,2147,-219,2452,-1417,1850
-175,2234,-364,2195,-1844,2406
-156,2399,-500,2515,-2269,1822
-164,2564,-511,1683,131,318
-257,2559,-440,1897,2188,-528
-350,2386,-320,1780,1362,160
-294,2201,-234,352,3991,1332
-217,2116,-184,132,2151,1623
-94,2064,-103,-73,1666,1844
-54,2000,-63,-42,-1101,1836
-68,1944,-33,-486,433,1508
-127,1916,-17,-780,3217,787
-199,1917,-23,-940,2857,-71
-229,1948,-31,-1214,3042,-468
-261,1988,-24,-995,3455,-399
-279,2013,-11,-920,2516,-227
-226,2036,-15,-1005,4320,-161
-190,2056,-28,-1024,2437,-353
-147,2051,-25,-1122,2635,-415
-119,2039,9,-1082,3918,-324
-112,2027,37,-810,3911,-380
-94,2010,37,-580,3684,-484
-103,1998,38,-639,2121,-472
-131,1997,28,-591,1449,-518
-174,2002,18,-282,441,-302
-183,2017,-2,-251,1293,141
-190,2040,-2,-193,822,316
-175,2058,0,-164,766,202
-172,2059,13,-131,274,228
-173,2041,35,-184,1178,356
-175,2021,47,-9,1450,489
-167,2022,42,-9,1193,575
-163,2031,43,-55,147,459
-162,2032,51,-64,315,380
-176,2031,61,-224,-138,433
-179,2031,58,-69,-257,466
-169,2042,44,-50,-86,430
-170,2055,44,14,38,303
-172,2058,44,164,376,319
-178,2052,40,131,724,367
-187,2045,40,152,815,348
-186,2041,40,221,991,351
-178,2048,42,265,1148,339
-164,2051,46,266,1341,283
-154,2054,46,185,1413,175
-159,2054,39,77,1136,89
-171,2054,42,29,93,165
-162,2059,40,-80,138,216
-172,2067,31,99,-450,269
-164,2070,24,42,205,329
-164,2061,31,123,571,398
-159,2055,36,26,777,388
-158,2054,40,21,920,369
-154,2052,42,22,1096,323
-151,2042,41,84,1299,284
-144,2031,29,143,1409,250
-138,2033,18,79,1546,238
-132,2044,14,-4,1557,310
-116,2061,17,-10,1829,322
-106,2076,22,-151,1595,223
-117,2085,28,-592,-59,160
-126,2082,24,-437,-670,273
-133,2071,18,-574,-949,472
-138,2062,17,-548,-824,622
-146,2062,24,-630,-1161,630
-134,2062,32,-768,-394,571
-134,2060,45,-765,-430,520
-140,2053,57,-676,-599,454
-144,2039,60,-697,-331,464
-148,2025,63,-637,-353,457
-137,2024,64,-621,-287,522
-123,2030,65,-457,-42,510
-109,2039,68,-490,72,506
-109,2049,66,-345,67,505
-107,2053,64,-250,390,542
-107,2050,67,-268,284,459
-108,2050,65,-113,132,344
-107,2053,64,-173,305,324
-121,2060,68,-127,-329,308
-120,2062,74,-84,-201,322
-120,2061,72,-90,-65,348
-107,2060,77,-209,467,348
-105,2059,87,-204,402,309
-108,2055,88,-189,335,197
-116,2051,85,-260,-213,148
-113,2048,84,-145,-353,158
-105,2051,78,-62,-374,157
-97,2053,74,-178,-358,146
-101,2060,72,-200,-552,212
-109,2063,70,-229,-1236,333
-107,2060,69,-234,-1473,430
-99,2053,77,-147,-1582,473
-80,2051,85,-128,-1221,400
-80,2053,83,-84,-1472,311
-83,2050,77,-108,-1735,250
-85,2045,80,-37,-1560,345
-83,2041,77,27,-1384,419
-76,2041,74,32,-967,384
-65,2039,83,-6,-487,362
-64,2042,89,-77,-205,336
-70,2046,88,-60,195,258
-75,2046,84,8,713,191
-87,2045,81,39,762,179
-98,2042,82,126,590,182
-96,2042,73,191,890,154
-91,2044,66,183,944,52
-87,2050,67,198,775,-44
-85,2053,70,117,282,-15
-85,2050,67,194,214,33
-86,2045,58,253,234,27
-89,2043,50,222,36,87
-84,2045,50,191,-8,151
-77,2050,45,177,26,137
-77,2062,47,284,65,92
-70,2069,46,218,162,138
-69,2073,50,149,98,260
-65,2072,54,9,-146,289
-63,2070,59,63,-233,265
-58,2070,64,-42,-51,261
-68,2065,71,-135,-139,268
-88,2057,75,-214,-868,357
-96,2051,72,-75,-951,405
-90,2044,60,-166,-661,435
-75,2033,52,-252,-720,324
-64,2023,47,-302,-726,177
-60,2018,38,-224,-1059,130
-65,2028,39,-49,-1168,146
-64,2042,49,27,-844,297
-58,2053,53,58,-627,339
-51,2057,60,63,-561,288
-48,2058,63,-30,-667,244
-43,2058,53,-97,-270,209
-59,2060,56,-69,-168,240
-77,2057,62,-31,-28,346
-88,2051,66,59,130,437
-78,2043,66,27,397,418
-73,2037,62,4,-247,391
-67,2030,56,-1,-604,322
-58,2032,53,64,-569,331
-52,2038,49,113,-708,255
-43,2043,42,228,-469,254
-41,2053,40,228,-469,230
-37,2062,46,118,-58,221
-38,2070,48,47,-135,138
-34,2071,46,-64,-117,93
-45,2071,39,21,-352,83
-52,2078,40,-33,-137,197
-54,2078,45,-242,-108,200
-51,2070,53,-358,-8,165
-47,2060,50,-400,-24,28
-48,2051,46,-534,-243,7
-49,2046,41,-550,-299,-8
-50,2036,33,-624,-474,63
-47,2027,23,-603,-715,69
-42,2023,5,-531,-1255,31
-33,2015,-29,-369,-1716,-82
-35,2006,-85,-208,-2469,-256
-35,1993,-152,4,-2842,-226
-16,1968,-247,78,-3132,-113
5,1949,-328,394,-4566,207
39,1930,-399,768,-5543,605
72,1923,-432,51,-5236,898
116,1930,-428,-168,-3676,1317
182,1958,-417,-1399,-1610,1664
218,1986,-417,-2347,-2086,1951
233,2006,-404,-2883,-2594,2317
222,2044,-393,-2302,-2938,2586
165,2095,-390,-824,-4154,2845
155,2149,-406,151,-3092,2840
161,2242,-349,1031,-1723,2903
151,2425,-268,3362,-914,2242
104,2650,-242,5170,3030,1911
83,2867,-201,5554,5989,822
114,3024,-1,4084,8339,-1210
130,2980,325,2415,11819,-2136
95,2817,692,1792,12659,-1941
59,2697,840,2712,8803,-1897
9,2505,720,2904,1831,-526
-43,2260,587,3050,554,366
-61,2112,520,2490,3028,463
-53,2090,526,2842,3399,-1310
-60,2012,472,3607,3173,-3132
-10,1862,432,4595,2493,-3436
-28,1719,367,4760,389,-3542
-175,1624,247,4384,-2940,-2844
-345,1622,155,4219,-5048,-1630
-357,1703,154,4864,-3525,-1866
-207,1766,62,6124,-1390,-3736
-95,1764,12,7069,-2766,-4587
-70,1684,-70,8235,-7218,-3096
-51,1526,-264,8321,-8911,-1552
-46,1345,-420,7090,-3980,-1342
-142,1236,-495,6368,-2344,-2286
-230,1268,-547,6455,-2044,-3467
-278,1388,-527,5506,-423,-4659
-274,1476,-517,4800,2126,-4951
-280,1588,-493,4145,2953,-4009
-318,1749,-508,4506,-1131,-2942
-200,1934,-435,3381,2919,-2688
-194,2113,-476,2030,-4476,-1961
-130,2295,-533,141,-1703,-781
-148,2476,-576,-1902,-817,687
-174,2615,-561,-3248,4082,1595
-211,2705,-577,-4169,7565,1715
-183,2721,-617,-5289,11853,1672
-216,2640,-698,-5676,11217,2442
-235,2553,-696,-6586,10935,3146
-277,2391,-699,-7186,9529,3425
-307,2185,-750,-6728,9620,2684
-378,2030,-754,-7006,3425,1947
-432,1908,-747,-7018,-3017,1021
-377,1770,-605,-7865,-1939,-594
-325,1612,-562,-7888,2436,-1124
-401,1491,-578,-6690,-3976,-1106
-443,1415,-358,-8522,-928,-154
-501,1386,-128,-9877,-1042,-649
-580,1418,-19,-6082,-2976,-2106
-560,1499,-32,-7771,-1733,-3181
-481,1510,228,-7251,1942,-2264
-374,1553,330,-7625,6859,-1930
-340,1600,381,-6239,2624,-1882
-284,1624,350,-4575,-6755,-1205
-186,1581,312,-4106,-6504,510
-144,1593,395,-4529,-3485,1400
-115,1752,546,-5199,-646,894
-90,1899,684,-4583,908,-180
-94,1923,739,-3744,1373,-649
-159,1902,829,-3488,2881,-677
-161,1926,915,-3407,3729,-907
-129,2033,852,-2257,226,-1654
-147,2202,630,-373,-5602,-2060
-282,2377,423,417,-4985,-2401
-395,2431,321,-511,1800,-2354
-305,2400,294,-1524,6220,-1687
-146,2393,274,-1065,5914,-1667
-56,2358,183,-148,505,-531
-67,2299,94,896,-3274,301
-200,2363,-246,4989,-11230,1456
-190,2680,-529,5488,-7916,-654
-311,2948,-396,5200,2884,-5245
-513,2781,-322,5408,6815,-4803
-539,2412,-370,5939,5755,-976
-388,2094,-388,4444,417,2339
-192,1936,-311,2759,-4405,3474
-98,1937,-173,1319,-6100,3150
-81,1966,-73,678,-443,2802
-225,1960,-54,-14,279,1402
-338,1991,-43,-876,6019,140
-404,1963,-86,66,6859,260
-388,1949,-93,-81,9148,-275
-386,1953,-73,-402,6841,-312
-312,1986,-45,-626,5671,399
-255,2022,29,15,4210,556
-227,1997,76,-119,1678,357
-229,1977,89,209,1773,266
-261,1987,42,526,1922,-3
-288,2019,-11,674,2122,-301
-303,2041,-37,551,2472,-609
-324,2039,-30,432,2010,-520
-324,2032,-23,340,1288,-321
-306,2012,-13,87,1451,-83
-296,1992,3,-118,1355,4
-282,1991,4,-137,1229,7
-285,2017,-2,-220,554,2
-273,2033,-12,-213,1201,-2
-279,2031,-16,1,1532,1
-296,2036,-15,-127,705,87
-297,2039,-27,-350,-198,207
-322,2047,-15,-720,-1820,370
-330,2048,-4,-663,-766,624
-342,2053,-4,-807,-773,668
-335,2065,4,-720,15,754
-342,2066,12,-621,390,799
-311,2063,34,-653,1001,597
-296,2053,70,-787,936,384
-303,2037,93,-752,668,294
-294,2022,106,-569,1275,274
-287,2028,97,-727,1291,159
-283,2036,81,-568,1548,69
-302,2041,74,-605,978,-56
-317,2044,70,-566,755,-56
-329,2042,62,-497,700,39
-335,2037,49,-255,1076,193
-326,2034,45,-225,1394,348
-305,2037,55,-285,1576,348
-290,2036,69,-215,1484,194
-285,2023,79,-52,1615,114
-285,2002,79,73,1717,119
-286,1999,75,166,1668,112
-293,2015,61,160,1125,63
-294,2030,57,147,1428,-10
-300,2039,59,118,935,116
-288,2040,54,176,1039,221
-286,2039,48,272,1011,231
-303,2028,39,86,306,179
-322,2024,40,53,386,347
-335,2032,33,156,433,498
-326,2042,32,228,673,479
-308,2045,32,262,730,381
-298,2041,38,171,995,258
-288,2029,45,139,1207,174
-293,2009,50,149,1032,119
-296,2004,48,296,1079,225
-305,2022,37,169,1001,245
-301,2040,23,256,729,228
-308,2047,20,272,576,292
-305,2043,12,126,590,398
-313,2050,8,-143,-452,430
-301,2052,2,-57,-343,477
-297,2043,1,86,-249,544
-290,2040,4,109,-368,557
-284,2040,3,47,-282,550
-273,2037,12,-81,225,384
-265,2033,16,54,519,307
-268,2035,14,70,441,219
-268,2032,15,112,711,237
-264,2034,11,90,712,218
-251,2042,9,142,952,179
-258,2052,11,116,896,185
-264,2051,15,49,952,258
-262,2051,12,-82,1000,254
-260,2049,6,-28,844,329
-262,2042,-2,-8,667,351
-266,2034,-4,-33,672,378
-271,2032,2,-24,703,461
-272,2037,1,-77,496,422
-268,2046,0,-119,369,409
-268,2049,10,-212,443,359
-265,2043,18,-299,578,354
-265,2038,25,-300,452,337
-258,2034,24,-301,430,306
-263,2032,23,-178,285,281
-257,2030,14,14,207,199
-248,2033,7,102,251,225
-245,2044,-5,142,304,249
-242,2059,-6,216,718,273
-250,2067,11,262,722,330
-255,2061,20,37,939,485
-256,2046,28,86,836,571
-248,2033,26,38,496,594
-247,2025,31,109,540,613
-254,2027,36,-101,148,558
-253,2035,35,-70,610,538
-267,2044,12,-40,-3,488
-266,2046,-8,-160,163,375
-272,2046,-13,75,-258,371
-275,2049,-21,132,-222,445
-262,2050,-22,153,471,439
-240,2049,-12,213,788,410
-216,2056,-1,244,609,293
-230,2065,-2,-201,-727,298
-233,2058,-4,-168,-370,403
-239,2052,-5,-284,-152,486
-228,2055,-10,-269,185,529
-228,2060,-10,-124,-88,507
-219,2056,-16,-66,177,430
-235,2043,-17,-267,-455,479
-239,2027,-18,-182,-210,497
-233,2024,-19,-206,151,532
-225,2030,-11,-118,223,540
-211,2036,-8,75,250,481
-210,2035,-12,222,-16,403
-212,2027,-16,344,-332,464
-215,2031,-17,221,-952,467
-212,2058,-11,-2,-2052,504
-196,2079,5,-265,-2081,508
-185,2084,14,-468,-1909,518
-203,2077,19,-413,-2895,568
-215,2059,14,-363,-3031,698
-213,2036,2,-314,-2467,792
-206,2026,-4,-197,-2094,839
-187,2032,-5,-86,-1489,695
-169,2041,-5,-108,-1395,512
-180,2051,3,-504,-1988,392
-198,2049,14,-367,-2355,422
-193,2048,13,-188,-1698,529
-192,2057,9,-214,-1989,421
-183,2068,13,-120,-2282,351
-165,2072,18,22,-2000,326
-156,2069,18,20,-1259,332
-151,2059,22,109,-482,358
-152,2046,26,40,95,325
-150,2038,26,-141,288,251
-153,2034,20,-49,205,153
-148,2031,14,55,644,107
-156,2034,16,-27,639,16
-163,2038,24,-84,635,49
-159,2041,23,61,712,83
-153,2040,19,43,713,77
-158,2040,8,-81,-84,18
-148,2040,-8,-112,208,12
-149,2042,-16,-62,628,55
-155,2042,-6,-44,881,131
-156,2047,3,-127,718,180
-152,2049,11,-69,568,258
-150,2051,17,-137,439,348
-155,2052,19,-164,104,407
-149,2048,14,-155,342,407
-145,2048,13,-221,647,367
-155,2055,8,-156,259,453
-153,2063,6,-249,679,516
-148,2063,9,-402,865,542
-162,2067,9,-627,312,458
-183,2072,12,-1009,-593,264
-202,2073,8,-1431,-1789,105
-208,2073,-24,-1526,-3570,-131
-196,2074,-60,-1544,-4137,-355
-162,2070,-109,-1281,-2598,-490
-180,2052,-151,-1218,-3871,-636
-146,1999,-185,-842,-2839,-501
-107,1917,-232,-700,-3504,-470
-81,1832,-216,-765,-3614,-270
-46,1756,-198,-1173,-3108,170
-6,1702,-222,-1153,-2542,504
40,1678,-302,-264,-1707,1100
66,1721,-443,1210,-2322,1633
52,1851,-550,2382,-2602,2148
35,2036,-599,3509,-2264,2526
54,2246,-614,4558,-1610,2709
78,2465,-590,5337,-1102,2721
27,2719,-486,4977,-3065,2763
-29,2925,-355,5432,-3137,2833
-28,3041,-226,5210,-1407,2240
-2,3088,-19,3926,726,858
71,3029,244,1879,7261,-115
92,2944,554,1251,9962,-475
107,2811,726,2409,6682,129
87,2534,675,3099,406,927
48,2322,538,2732,-23,-30
-11,2262,512,2486,2984,-1178
-45,2219,556,2946,5553,-2428
-48,2054,583,5030,7295,-2449
-62,1872,461,4410,6277,-2092
-166,1743,397,4145,1501,-1272
-180,1623,230,6041,866,-867
-197,1472,104,6579,868,-1842
-374,1343,-117,5844,-3973,-2198
-433,1235,-434,5774,670,-1229
-508,1129,-564,6815,-2211,560
-415,1017,-665,9412,-5630,571
-125,1000,-722,12282,-689,-732
21,1143,-847,9779,-1766,-1799
-44,1275,-914,8638,-121,-2073
-362,1466,-1030,8290,-2218,-2790
-481,1814,-940,5520,-5976,-2611
-355,2101,-702,2694,-8381,-2153
-130,2215,-455,291,-6716,-1662
-64,2285,-398,-586,-6453,-969
-187,2427,-505,-1407,-5144,626
-289,2572,-601,-2637,-2851,632
-243,2659,-589,-3756,1611,2032
-265,2691,-582,-4740,3241,2266
-356,2613,-693,-5639,3527,1992
-395,2416,-821,-5602,3192,2047
-381,2291,-818,-5939,1197,1866
-328,2193,-779,-6432,2932,1491
-321,2127,-704,-7796,-629,1398
-210,2006,-740,-8175,1725,1330
-210,1869,-589,-9415,1959,391
-282,1783,-548,-10604,3840,-1786
-321,1676,-333,-10598,9366,-3558
-395,1561,-424,-9967,30,-3386
-441,1500,-326,-9960,-4096,-2137
-503,1484,-137,-10396,-3960,-1161
-573,1464,-7,-8915,-6635,-1338
-459,1469,58,-8751,-347,-1353
-303,1486,147,-8085,-1160,-1031
-216,1471,233,-5830,-3241,-818
-180,1419,293,-4607,-5682,114
-125,1407,301,-5022,-6160,554
-149,1462,401,-4777,-6174,498
-254,1606,520,-5000,-3733,-75
-303,1787,614,-4956,-240,-523
-254,1912,701,-4950,2119,-893
-284,1982,710,-3420,209,-931
-281,2028,673,-1670,-842,-308
-332,2069,665,-748,-1550,2
-336,2093,598,-1406,-2075,-228
-286,2087,578,-1991,-2158,-114
-212,2103,386,-507,-5950,226
-220,2161,172,554,-7186,-63
-292,2249,92,809,-3004,-265
-219,2345,26,823,-864,135
-83,2474,-20,1269,-703,821
4,2580,-49,1592,-1069,1673
20,2596,-57,1539,-656,1983
-19,2521,-73,1698,140,1803
-81,2425,-135,2197,-1282,1647
-91,2405,-244,2835,-3335,1912
-77,2447,-265,2538,-3061,1776
-122,2478,-187,2137,-893,897
-196,2425,-121,2237,1325,243
-229,2277,-93,2143,2425,487
-212,2107,-78,1576,3273,1314
-181,1984,-20,666,3665,1785
-158,1940,68,96,5330,2054
-163,1962,127,-205,5576,1947
-188,1969,132,-58,3474,1706
-185,1936,127,-220,2518,1446
-170,1898,118,56,1508,1152
-153,1897,98,21,1234,846
-150,1940,86,187,1000,750
-125,2000,88,194,1029,713
-100,2042,105,445,728,658
-83,2066,108,471,-87,535
-97,2069,98,486,-832,269
-123,2058,96,293,-1090,215
-149,2051,98,242,-1151,437
-131,2064,106,174,-145,717
-111,2090,114,122,-133,581
-106,2093,104,129,-209,445
-118,2064,101,57,-90,328
-134,2033,106,-153,210,262
-146,2023,105,-154,-160,185
-135,2022,103,-188,175,211
-123,2027,99,-106,-137,171
-116,2029,97,41,165,247
-110,2026,93,51,15,321
-98,2026,98,41,34,359
-86,2032,103,70,-325,366
-73,2043,101,184,-93,386
-70,2058,99,167,-129,381
-65,2063,102,145,157,371
-73,2071,105,174,434,418
-82,2074,110,62,636,352
-88,2073,116,-16,698,312
-91,2074,118,-85,1075,254
-100,2077,120,-228,771,235
-109,2073,120,-208,611,169
-111,2061,119,-358,631,133
-110,2047,121,-472,657,132
-96,2043,122,-682,679,87
-93,2046,114,-728,381,74
-94,2044,113,-691,541,131
-87,2044,108,-708,444,194
-94,2043,108,-503,212,223
-88,2048,109,-512,344,249
-81,2048,117,-415,723,369
-81,2047,115,-394,433,371
-91,2043,117,-298,406,335
-94,2033,120,-144,430,268
-95,2023,125,-25,629,184
-94,2019,121,49,451,160
-103,2023,119,52,510,169
-116,2024,117,51,317,197
-123,2022,111,132,384,234
-124,2023,113,172,265,267
-115,2031,114,118,392,202
-104,2037,119,99,552,229
-94,2048,122,67,315,213
-96,2062,128,106,177,209
-94,2073,130,112,1,230
-94,2076,135,96,-122,346
-91,2072,138,84,83,412
-87,2077,143,-141,-50,510
-82,2081,145,-230,-538,519
-76,2073,150,-244,-577,540
-77,2059,143,-239,-851,483
-74,2045,136,-203,-775,454
-77,2042,128,-210,-920,421
-77,2040,124,-264,-869,443
-76,2038,120,-150,-978,420
-75,2038,109,-115,-943,410
-74,2034,109,10,-593,360
-65,2030,114,-68,-388,349
-59,2027,112,-9,-219,283
-56,2029,116,-21,-164,267
-47,2036,111,-46,-121,198
-49,2045,120,-47,-228,236
-50,2053,119,-116,-14,216
-50,2059,127,-11,422,231
-47,2064,127,-140,414,201
-49,2070,129,-160,420,98
-53,2067,133,-236,369,66
-55,2062,133,-301,340,58
-54,2056,131,-283,224,26
-53,2052,134,-303,75,-17
-44,2055,143,-271,401,-14
-39,2058,142,-299,57,3
-44,2056,138,-268,-212,-21
-47,2048,136,-241,-301,40
-39,2041,129,-250,-132,59
-38,2038,127,-193,-395,44
-37,2040,119,-192,-253,65
-44,2047,120,-105,27,164
-41,2053,120,-91,259,307
-46,2056,125,-8,332,342
-54,2054,124,53,204,342
-62,2044,127,-6,17,308
-61,2032,130,-15,-213,250
-51,2024,134,5,-10,195
-49,2023,130,-142,57,100
-56,2029,131,-136,-187,87
-56,2040,141,-172,23,114
-57,2052,139,-97,-110,50
-50,2059,140,-121,104,-26
-48,2067,137,-83,320,15
-59,2072,143,-41,401,21
-60,2075,147,-1,415,73
-56,2074,146,-20,210,41
-55,2065,151,-82,93,-6
-45,2055,149,-201,462,-4
-45,2050,157,-282,483,-12
-43,2045,166,-195,529,10
-42,2045,162,-115,427,-53
-52,2042,155,-83,-47,-43
-49,2039,148,-6,278,-79
-51,2036,142,-68,374,-40
-55,2028,135,119,360,-53
-61,2029,128,200,111,-47
-62,2032,125,231,-35,-10
-59,2035,124,196,186,3
-61,2039,122,162,161,-5
-59,2036,115,154,229,-93
-66,2039,104,226,-15,-201
-65,2047,98,240,347,-113
-60,2050,99,276,482,38
-53,2051,107,286,759,92
-49,2053,104,146,611,64
-53,2048,104,144,612,90
-57,2046,105,25,416,91
-57,2046,94,0,76,121
-62,2051,99,-56,252,112
-64,2059,107,-26,580,94
-62,2070,116,-205,878,121
-65,2076,126,-251,1188,136
-70,2081,126,-294,930,16
-69,2088,128,-308,1186,-15
-77,2085,141,-379,1393,12
-79,2072,147,-426,1359,-26
-79,2055,144,-402,1285,-118
-87,2043,140,-414,1094,-206
-101,2031,139,-443,745,-104
-107,2019,137,-417,566,-18
-101,2009,117,-311,104,-44
-107,2012,116,-325,64,9
-106,2029,129,-408,233,120
-94,2047,132,-408,286,89
-86,2049,131,-291,176,-62
-83,2036,124,-225,405,-175
-101,2028,119,-59,296,-114
-113,2028,121,-100,300,12
-107,2029,123,-19,285,45
-92,2028,128,-81,235,72
-93,2031,132,-147,-148,86
-96,2036,129,-85,-151,117
-95,2027,121,-108,-471,189
-79,2017,91,-61,-643,199
-72,2015,49,52,-1305,123
-64,2011,-3,118,-2833,133
-41,1990,-74,587,-4150,71
15,1944,-178,988,-4850,-112
77,1890,-283,964,-4284,0
96,1872,-346,1318,-4144,482
106,1900,-375,1412,-3649,970
127,1937,-369,1214,-2997,1451
148,1945,-384,1278,-1471,1672
137,1946,-406,1051,-250,2107
106,1983,-433,1268,-135,2638
93,2050,-460,2055,-485,2883
82,2150,-484,2532,-2317,2896
110,2269,-484,4266,50,2601
173,2457,-450,4595,2435,2005
190,2713,-288,4982,3060,873
168,2927,-74,3384,6941,43
115,3058,177,1613,12032,-1034
104,3053,386,836,16748,-2124
138,2993,596,975,17125,-2434
73,2864,668,1386,10933,-1156
56,2591,600,1600,2750,-275
64,2346,596,853,481,-1025
107,2265,619,526,5472,-2532
36,2211,633,875,8851,-3912
-121,2091,574,2464,4446,-4440
-220,1912,452,2813,4189,-3668
-306,1726,370,2767,4643,-3108
-376,1598,343,3923,2590,-2269
-354,1544,315,6660,-901,-1728
-239,1507,105,5107,-1327,-2293
-242,1449,-104,6106,-3543,-1657
-423,1389,-232,6945,-2551,541
-572,1296,-384,7609,-4529,857
-505,1161,-552,8867,-2998,-506
-389,1081,-721,9811,-2568,-1688
-443,1086,-834,10560,-6429,-2406
-554,1204,-890,10770,-6981,-2570
-640,1439,-884,9436,-11571,-2442
-507,1742,-733,7943,-7598,-2996
-361,1991,-640,5508,-10488,-2389
-101,2156,-460,3445,-3317,-2302
-14,2267,-447,2358,-4179,-1085
-84,2414,-496,834,-2379,601
-195,2578,-569,-1726,-2498,1217
-255,2642,-655,-4185,-622,2049
-279,2623,-644,-4566,4435,3178
-356,2557,-691,-4463,5925,3570
-422,2436,-807,-5796,3161,2544
-319,2317,-864,-5999,8036,2198
-239,2199,-907,-6083,13913,2333
-359,2091,-951,-7651,1075,4010
-236,2060,-672,-8515,5145,2739
-217,2063,-485,-9602,-223,1379
-144,2004,-490,-9994,2984,-275
-164,1845,-499,-10580,3349,-1471
-300,1641,-320,-9117,-498,-1443
-386,1536,-183,-9774,2326,-872
-447,1470,-83,-9229,6570,-935
-448,1461,-136,-9589,4226,-2040
-478,1518,73,-9026,2290,-1708
-494,1609,69,-6931,-2409,-1919
-479,1646,58,-6491,-6062,-2283
-416,1629,96,-7295,-6968,-2252
-349,1557,318,-7363,-4363,-1778
-311,1525,422,-7117,-3192,-1920
-267,1538,424,-4958,-4312,-1969
-199,1622,322,-5375,-5688,-869
-211,1733,425,-5555,-4432,1259
-186,1839,566,-4872,-3667,1844
-116,1877,619,-3950,-3221,1168
-70,1895,668,-3587,-388,353
-119,1908,680,-3032,237,334
-187,1930,715,-2598,32,361
-186,1953,791,-2643,748,404
-213,1950,800,-1499,1274,178
-239,1953,793,-662,3553,404
-242,1916,751,-4,3946,1460
-273,1860,648,1172,435,2351
-209,1894,410,2462,-1477,2627
-113,1973,280,2576,691,2124
-63,2061,235,1967,4034,1260
-9,2206,237,1694,5539,482
50,2396,182,1920,4060,365
-12,2619,-171,5172,-8730,1039
94,2835,-501,6521,-7502,1335
-54,2889,-342,6099,735,-1876
-294,2805,-202,6756,5553,-2518
-323,2669,-271,6991,2196,547
-161,2557,-230,6084,-101,1608
-97,2327,-101,4906,-1652,2771
-83,2019,-85,3555,-1876,2849
-49,1827,-61,1241,-2111,2680
-62,1847,-25,143,-2998,2506
-73,1967,19,44,-725,2156
-89,2021,12,235,658,1880
-96,2027,0,177,244,1333
-119,2023,-5,266,-1269,814
-154,2014,-8,245,-604,1120
-185,2013,-23,373,-60,1508
-134,2029,-38,364,741,1667
-47,2061,-20,304,265,1372
6,2081,-6,430,-717,942
1,2075,14,213,-310,623
-53,2051,-1,128,-239,662
-100,2039,-15,-24,-673,877
-97,2053,-22,-61,768,1032
-81,2068,-11,-31,742,687
-64,2080,-3,-105,704,369
-47,2089,7,-274,524,277
-42,2089,21,-343,678,232
-51,2083,31,-492,635,191
-65,2075,37,-638,661,198
-73,2067,32,-677,875,161
-78,2063,21,-733,658,150
-71,2056,10,-682,1144,189
-57,2055,16,-533,1460,241
-58,2065,18,-597,969,286
-54,2075,27,-706,1814,294
-50,2075,32,-678,2250,139
-60,2064,36,-600,2284,-25
-74,2045,45,-597,2451,-51
-84,2031,53,-733,2122,-77
-91,2028,68,-755,1814,-74
-80,2031,73,-744,1469,-119
-78,2038,86,-642,580,-209
-74,2034,89,-495,121,-214
-73,2031,83,-504,58,-165
-72,2032,77,-378,-182,-159
-67,2037,77,-314,-209,-39
-65,2041,77,-303,-641,82
-49,2042,76,-276,-637,143
-41,2038,70,-122,-776,110
-42,2040,69,-77,-558,126
-55,2040,71,-5,-709,230
-59,2043,70,20,-596,362
-56,2048,70,-11,-637,334
-53,2050,73,45,-893,333
-54,2054,77,-28,-1130,327
-52,2052,81,-34,-1014,328
-55,2051,84,-205,-845,270
-45,2047,89,-182,-439,279
-41,2047,93,-303,-390,325
-48,2054,93,-242,-306,339
-50,2057,96,-271,-318,357
-48,2063,99,-233,-304,379
-43,2067,101,-246,-112,316
-42,2065,102,-197,244,255
-42,2066,99,-195,567,204
-50,2064,101,-199,322,181
-57,2059,99,-143,298,121
-49,2055,101,-229,487,97
-44,2053,99,-197,75,23
-48,2050,98,-170,42,0
-47,2042,101,-181,353,33
-46,2039,94,-137,198,26
-47,2039,88,-74,-39,57
-51,2042,80,-93,-327,170
-59,2048,75,-74,-519,235
-52,2052,81,-90,-300,274
-42,2052,82,-45,-380,190
-45,2050,84,10,-541,199
-43,2044,92,-25,-308,209
-39,2041,94,-57,-377,194
-30,2039,89,-152,-514,172
-28,2042,90,-156,-634,127
-34,2048,86,-230,-748,104
-35,2055,85,-360,-171,193
-30,2059,79,-386,47,163
-29,2065,86,-381,221,174
-29,2076,87,-461,270,123
-29,2076,87,-422,253,111
-29,2069,93,-492,358,197
-37,2060,97,-569,157,167
-40,2051,111,-502,188,230
-41,2047,118,-510,441,276
-36,2041,125,-468,212,255
-32,2035,130,-343,37,219
-30,2032,133,-327,-292,242
-39,2035,134,-166,-345,211
-42,2039,129,-187,-294,250
-40,2045,127,-165,-106,255
-29,2052,129,-175,370,240
-18,2056,134,-99,483,128
-16,2057,135,-159,385,62
-26,2054,129,-7,-87,45
-27,2054,133,-76,-179,71
-27,2056,131,-108,-92,164
-22,2059,130,-169,-214,182
-14,2057,133,-264,-303,163
-9,2058,132,-394,-593,113
-5,2056,133,-377,-555,111
-7,2052,126,-370,-752,74
-22,2046,128,-435,-1232,98
-28,2043,134,-384,-1337,122
-28,2042,135,-331,-1028,218
-16,2042,129,-297,-894,197
-3,2041,122,-261,-768,76
-3,2039,119,-145,-850,104
-4,2039,110,-191,-607,150
-12,2033,111,-154,-267,185
-30,2023,108,-177,-512,224
-38,2023,105,-94,-44,262
-40,2036,107,-199,242,266
-41,2047,126,-202,319,233
-34,2053,128,-255,412,152
-38,2055,133,-316,260,98
-28,2049,141,-316,213,153
-14,2041,143,-445,219,147
-4,2034,146,-474,-13,82
3,2040,151,-519,-181,75
6,2049,157,-440,92,120
4,2053,155,-378,157,101
1,2054,157,-342,343,103
-2,2055,153,-278,543,121
-7,2058,148,-160,439,102
-14,2051,146,-22,517,57
-20,2040,143,-96,432,81
-27,2028,142,-76,207,38
-24,2019,141,-32,407,97
-22,2019,141,-83,339,104
-21,2025,147,-104,276,150
-24,2030,149,-45,-74,166
-22,2035,146,-37,-75,151
-23,2040,145,-49,-8,180
-25,2043,146,8,-193,197
-21,2043,147,13,-108,190
-15,2042,150,20,13,191
-14,2048,151,3,-27,276
-13,2056,152,-31,-50,255
-8,2061,158,-38,196,246
-15,2067,154,-17,181,225
-19,2066,155,-16,196,231
-20,2064,159,-96,330,203
-14,2062,168,-130,587,169
-16,2059,170,-71,483,86
-17,2051,161,-200,462,10
-25,2045,153,-122,320,14
-34,2042,150,-157,210,6
-38,2034,153,-31,-15,51
-32,2028,146,-126,-45,27
-27,2028,148,-159,-221,74
-13,2033,151,-206,-398,47
-6,2035,147,-130,-600,85
-7,2037,135,-99,-1136,145
2,2044,128,-83,-1003,168
19,2050,130,5,-477,209
22,2060,135,-2,-500,263
28,2065,133,59,-215,252
27,2069,112,111,-589,233
30,2073,73,211,-874,270
36,2089,59,193,-741,354
47,2119,78,138,-87,512
56,2154,103,-124,1190,561
57,2173,115,-322,1637,736
54,2170,130,-502,1320,806
58,2135,149,-777,1331,769
46,2084,163,-1040,849,856
28,2040,171,-1174,949,838
16,2005,196,-1335,1284,856
-4,1994,222,-1574,1262,716
-23,1975,249,-1867,1401,770
-27,1935,271,-1844,681,738
-36,1889,234,-1414,-562,505
-29,1869,160,-1439,-937,-37
-35,1883,94,-1246,-2364,-340
-4,1916,26,-953,-2116,-359
39,1917,-52,-374,-2108,-592
78,1871,-140,-18,-1910,-1094
124,1803,-192,255,-2284,-1290
169,1752,-225,325,-2619,-1005
180,1748,-248,131,-2052,-483
172,1794,-280,203,-1005,122
157,1884,-361,1037,-746,651
122,2048,-429,1906,-2761,1003
108,2267,-459,3325,-3297,1717
130,2481,-459,4157,-4909,2240
219,2734,-308,4361,-4590,1620
276,3014,-102,3855,-4401,668
243,3264,129,3456,-2851,-504
179,3420,325,1932,5782,-1012
195,3306,531,597,10355,-792
215,3118,819,25,13151,-1559
150,2903,912,2026,8511,-1777
98,2610,787,3499,2052,-1168
86,2315,657,3440,867,-1244
93,2135,642,3164,3786,-2232
179,2044,695,3148,8975,-4075
263,1900,695,3464,15456,-4741
249,1717,660,5353,16034,-4360
98,1535,585,4836,12365,-3262
-137,1346,365,6470,6402,-2345
-376,1149,160,8599,-2003,-2126
-513,1018,-15,8883,-8135,-1036
-570,940,-130,9320,-8804,-642
-623,900,-354,9979,-7380,-1620
-562,1008,-478,8971,-4692,-4261
-617,1185,-587,9206,-11271,-4134
-697,1258,-664,8865,-6695,-3546
-701,1236,-779,9446,-4706,-4182
-610,1236,-902,10694,-10741,-3276
-519,1510,-853,9520,-15247,-1475
-494,2016,-772,6101,-14438,-1809
-373,2247,-613,2970,-7956,-3493
-72,2368,-470,2013,-1713,-3675
118,2489,-421,1251,-298,-1503
11,2651,-475,-900,489,1841
-224,2711,-533,-2555,3640,3163
-476,2644,-557,-3948,4157,3009
-541,2530,-599,-4716,7498,2514
-474,2424,-617,-5035,8684,2899
-367,2333,-665,-6351,12114,3819
-474,2233,-715,-6676,3821,4816
-484,2132,-697,-7819,1293,4676
-397,2020,-676,-8141,1228,3544
-379,1935,-674,-7885,-71,2736
-306,1834,-692,-9074,3279,1061
-306,1712,-586,-9376,-585,600
-255,1617,-496,-8905,3709,208
-316,1556,-418,-9680,2791,-37
-454,1516,-278,-10755,-4445,370
-477,1525,-45,-10319,-5612,1070
-383,1566,137,-10228,-2888,752
-287,1540,152,-8110,-3765,1031
-275,1495,206,-7560,-5974,2404
-196,1447,316,-7758,222,2812
-70,1440,392,-7227,2365,2126
95,1504,430,-6992,609,1739
209,1595,492,-7063,-524,1832
186,1694,587,-6639,989,1623
24,1821,644,-7158,1102,586
-113,1890,712,-5447,2761,14
-288,1898,785,-3683,1828,-75
-344,1933,809,-2937,2185,-522
-265,2019,848,-2565,4065,-1471
-264,2114,868,-2159,3778,-2031
-235,2177,880,-2260,3735,-1358
-168,2190,862,-2629,2659,172
-151,2122,701,-194,-2368,523
-121,2051,395,2177,-3474,537
-42,2101,218,1949,-103,-404
14,2297,170,1783,3069,-623
98,2531,142,2232,3390,-527
157,2662,57,2338,1703,75
72,2608,-5,3346,146,270
-88,2477,-110,4806,-358,287
-159,2470,-272,5257,-1840,105
-82,2576,-286,4705,-854,-954
-106,2601,-185,5299,-638,-931
-112,2471,-163,4819,-699,672
-106,2285,-153,4989,-3671,2070
-80,2094,-125,3821,-6297,2670
-94,1933,-52,3016,-8598,2605
-110,1852,26,1606,-5911,3061
-148,1833,100,341,-3840,3216
-125,1837,134,-83,505,3032
-105,1857,94,-733,3760,2365
-124,1892,42,-525,3560,1405
-131,1946,6,-421,2943,760
-113,2009,11,-134,2660,707
-81,2073,39,-379,3959,979
-71,2133,67,-195,2917,927
-63,2159,91,-216,3567,1090
-49,2134,108,-286,2690,1078
-4,2104,116,-509,3675,654
-9,2092,102,-388,2965,-79
-63,2064,93,-2,1166,-310
-103,2023,108,-38,1385,-19
-110,2001,129,-296,1218,258
-98,2010,144,-339,908,372
-79,2031,154,-284,1101,250
-71,2037,156,-240,469,54
-70,2035,147,-280,-2,-32
-65,2039,143,-265,508,-48
-55,2052,144,-317,410,-48
-45,2073,146,-240,-423,35
-10,2086,156,-461,-394,251
4,2088,168,-526,-1595,317
2,2086,172,-561,-2208,380
-4,2081,170,-507,-2432,468
-5,2071,171,-342,-2142,513
-6,2056,167,-143,-2011,504
-21,2041,162,-9,-2139,407
-22,2031,163,-55,-745,370
-37,2026,167,-38,-86,280
-62,2019,174,26,-124,54
-71,2007,183,-64,498,149
-68,1998,183,-2,494,185
-58,1997,181,-27,444,87
-32,2000,169,54,889,-32
-26,2007,148,249,334,-103
-27,2017,142,216,116,-39
-21,2033,135,327,-96,120
-5,2051,133,389,456,319
13,2060,134,471,700,319
14,2066,129,606,251,246
2,2065,126,571,211,189
-23,2058,127,633,170,241
-41,2052,118,594,672,316
-60,2049,128,552,753,389
-61,2047,129,559,676,349
-61,2046,124,520,177,216
-45,2047,127,462,748,156
-34,2049,113,373,1071,46
-30,2047,110,515,2057,-102
-21,2041,93,623,2148,-242
-21,2038,82,631,1909,-309
-49,2041,85,573,807,-324
-57,2043,82,422,1350,-170
-67,2048,91,322,1388,57
-48,2064,90,314,1729,254
-24,2084,87,44,1179,285
-19,2097,96,-29,850,222
-16,2093,107,-192,1380,189
-24,2076,110,-219,1391,200
-36,2066,96,-454,1141,228
-34,2062,87,-277,968,123
-29,2063,91,-285,851,174
-33,2054,94,-302,323,236
-33,2044,96,-329,264,282
-39,2044,104,-285,87,272
-51,2049,103,-257,-229,315
-58,2052,101,-446,-675,363
-56,2053,104,-461,-977,420
-51,2056,111,-397,-987,442
-48,2060,114,-331,-996,432
-43,2061,118,-394,-833,446
-44,2062,118,-424,-1114,433
-40,2063,116,-424,-1393,439
-29,2059,119,-395,-1570,438
-20,2051,121,-377,-1587,377
-12,2047,121,-370,-1493,389
-4,2043,128,-402,-1468,406
0,2046,127,-375,-1271,489
6,2048,132,-326,-1304,459
12,2050,131,-288,-1333,373
13,2047,128,-220,-864,282
8,2045,124,-128,-708,243
5,2041,126,-82,22,297
1,2042,121,-63,138,286
-5,2038,117,42,-61,210
-3,2029,111,145,745,98
-15,2025,110,176,787,13
-24,2020,107,297,301,-57
-21,2017,102,159,342,-89
-10,2025,111,162,617,-96
-4,2040,114,153,421,-92
-4,2048,116,130,548,-32
-10,2050,113,90,387,18
-7,2055,112,104,369,65
6,2057,111,95,823,93
13,2061,111,136,952,31
5,2066,107,113,633,-30
-5,2065,108,100,950,-12
-15,2067,113,77,1292,44
-16,2068,109,1,1329,51
-13,2062,101,22,1405,-36
-12,2057,99,-69,1166,-148
-17,2051,98,-69,830,-140
-19,2047,98,-56,1004,-94
-19,2045,96,-20,1128,-49
-28,2044,95,-16,481,2
-31,2046,98,-93,604,94
-22,2043,98,-112,492,123
-17,2045,91,-191,90,162
-13,2048,91,-220,211,227
-4,2048,95,-248,50,262
-7,2051,96,-195,-346,259
-12,2055,101,-264,-513,342
-4,2058,102,-326,-299,380
-4,2062,111,-249,-441,399
2,2062,110,-337,-553,429
9,2058,120,-312,-684,416
10,2059,126,-406,-856,375
10,2060,130,-390,-961,353
9,2059,130,-413,-869,393
10,2055,125,-483,-944,378
17,2049,115,-506,-1273,349
14,2043,112,-459,-1203,340
17,2041,117,-405,-664,372
15,2045,125,-404,-367,370
9,2054,123,-382,-564,276
9,2055,120,-276,-583,216
4,2050,119,-189,-772,228
4,2033,120,-171,-762,222
12,2022,127,-203,-7,199
13,2026,127,-195,-187,131
17,2031,123,-74,-40,148
19,2031,120,-68,-55,114
19,2029,118,-57,93,66
16,2026,114,-35,15,16
5,2027,110,57,-131,-16
2,2034,101,115,-106,46
5,2036,92,74,-260,91
6,2044,98,38,-334,59
16,2052,100,-67,-277,32
21,2052,106,-127,-45,25
23,2047,104,-175,-35,-29
30,2039,84,-12,-197,-88
25,2039,37,247,-937,-266
30,2045,-33,546,-1340,-280
51,2051,-118,853,-1483,-223
89,2040,-194,1135,-968,-301
146,2010,-242,1344,262,-702
164,1953,-302,1650,823,-753
166,1881,-380,1885,646,-262
135,1826,-447,1577,-457,615
114,1790,-485,904,-908,1273
145,1793,-497,696,-164,1571
157,1857,-515,834,-794,1662
143,1953,-564,1430,-1038,1667
125,2064,-566,2329,-1396,2013
174,2262,-514,1892,-657,2235
217,2583,-221,2456,-1062,1682
162,2901,-129,3168,-541,1040
144,3156,9,2181,6402,-268
143,3304,158,358,8882,-1828
170,3225,482,-397,12218,-1653
37,3032,741,538,11322,-1603
-43,2723,741,2291,6580,-1118
29,2426,609,2956,1136,-1230
89,2252,544,2429,1514,-2136
104,2238,576,2147,6212,-3441
89,2219,608,2662,10641,-4118
28,2126,516,3723,6395,-4427
-53,1991,348,4611,3689,-3348
-150,1824,214,4556,4386,-1950
-282,1694,214,4119,2852,-1039
-307,1625,264,4445,1932,-1254
-280,1513,274,6374,-2129,-1877
-244,1334,63,8156,-2612,-1314
-200,1137,-226,7040,-1331,-1096
-229,955,-403,7469,-4549,-1390
-311,841,-540,8927,-3018,-2179
-474,909,-730,10201,-1078,-4655
-566,1127,-852,11231,-1441,-6698
-560,1239,-891,10708,-7458,-5887
-550,1417,-799,9399,-13638,-4224
-561,1739,-616,7391,-10053,-3677
-640,2008,-586,4927,-16483,-3271
-360,2169,-451,2187,-7349,-4588
5,2310,-387,963,-479,-4141
79,2437,-420,593,-657,-658
-95,2584,-489,-1184,-46,2477
-335,2669,-515,-3581,3786,3372
-538,2654,-567,-4740,5991,2756
-587,2577,-572,-5376,6238,2649
-496,2430,-744,-6745,13181,3118
-584,2328,-807,-6702,7594,4344
-598,2262,-786,-7220,6684,4774
-565,2128,-753,-8395,4058,3829
-515,2008,-713,-8218,1550,3089
-417,1907,-668,-8510,3221,2435
-355,1826,-567,-9101,2671,1425
-312,1765,-465,-8508,6348,-45
-479,1650,-526,-8137,-3209,-1219
-417,1480,-405,-7266,55,-1698
-364,1403,-457,-6041,-4382,-1332
-341,1446,-297,-9936,-2732,-1158
-314,1501,16,-9171,274,-1149
-246,1623,120,-10253,-3541,-1251
-106,1704,203,-8977,-1795,-288
-101,1731,312,-7329,-3599,561
-113,1714,320,-6466,-1964,945
-141,1688,343,-6136,-4685,2008
-70,1695,405,-6660,-2463,3283
-48,1742,489,-6254,-1325,2772
-53,1763,521,-5850,-1516,1089
-65,1732,574,-5523,-711,-148
-141,1706,628,-5563,-240,-630
-195,1764,726,-5616,83,-628
-223,1872,816,-5206,1974,-430
-321,1902,844,-3637,1325,161
-292,1884,797,-2380,1552,1345
-254,1910,696,-491,-2016,1991
-185,1944,523,883,-4080,2316
-157,1993,350,1969,-3338,1610
-107,2035,291,2274,32,690
6,2160,265,2667,3288,58
47,2344,190,3789,2904,86
61,2476,97,4884,958,741
57,2483,5,5547,-51,1465
-52,2481,-157,6782,-2918,1878
-42,2539,-365,7842,-4341,1846
-12,2644,-410,8270,-1798,410
-59,2705,-322,8776,620,-961
-151,2601,-252,9234,1249,-324
-206,2383,-209,8062,405,1747
-128,2202,-169,5217,-150,2750
9,2117,-43,3058,-800,2447
107,2047,49,566,-1237,2335
40,1985,36,-462,-636,2210
-120,1999,28,-867,960,1849
-177,2029,-14,-777,3198,1097
-176,2053,-95,-493,3163,582
-171,2085,-141,17,2780,534
-167,2112,-157,464,2143,462
-142,2115,-135,769,2696,280
-130,2086,-104,765,1791,199
-88,2050,-52,78,2703,405
-62,2038,-29,-143,2898,300
-52,2044,-28,-158,2787,109
-42,2043,-30,-109,2832,-128
-56,2043,-37,-34,1782,-276
-84,2049,-34,-149,1118,-63
-103,2062,-36,31,1069,94
-83,2070,-35,114,1988,169
-34,2065,-22,151,3152,12
5,2057,-27,-22,3004,-387
-4,2050,-35,-238,1360,-798
-39,2034,-42,-213,852,-754
-76,2029,-45,-129,1033,-383
-83,2039,-56,-221,928,-116
-78,2051,-47,-260,1050,-26
-81,2057,-30,-416,472,68
-71,2063,-21,-365,359,195
-61,2070,-13,-416,304,212
-58,2071,-13,-379,-79,122
-58,2058,-12,-380,-10,101
-66,2047,-15,-481,-175,37
-73,2040,-12,-514,-77,102
-76,2043,-9,-449,-206,109
-69,2048,3,-529,-19,217
-54,2049,11,-587,238,283
-52,2051,12,-530,-356,254
-52,2052,-1,-509,-384,231
-66,2049,-14,-421,-486,344
-74,2048,-17,-339,195,459
-70,2052,-14,-220,485,449
-71,2062,-18,-288,-112,344
-73,2067,-19,-310,-471,410
-68,2057,-22,-214,-301,490
-75,2052,-19,-293,-506,493
-77,2048,-12,-370,-797,524
-75,2053,-10,-360,-911,524
-68,2054,-14,-292,-822,449
-60,2046,-13,-375,-731,358
-52,2039,-12,-366,-301,330
-53,2044,-8,-318,-373,255
-58,2048,-7,-389,-202,246
-71,2050,-13,-238,-273,322
-69,2051,-16,-189,4,406
-61,2056,-12,-158,561,435
-54,2068,-9,-161,561,391
-45,2071,-6,-135,775,419
-41,2072,4,-220,461,446
-35,2068,11,-202,685,445
-28,2060,11,-397,1087,481
-42,2054,14,-437,900,339
-47,2048,20,-438,800,345
-51,2051,22,-441,600,305
-46,2057,25,-460,718,215
-39,2057,25,-424,1024,162
-37,2054,29,-400,848,114
-44,2048,26,-281,597,23
-50,2038,29,-396,472,9
-49,2035,33,-527,442,36
-45,2042,28,-339,161,30
-49,2047,26,-258,-164,-24
-58,2047,27,-286,-549,29
-57,2046,30,-345,-324,199
-49,2046,38,-381,-88,180
-45,2050,35,-375,-410,153
-42,2053,33,-326,-561,183
-38,2051,34,-287,-369,241
-34,2047,36,-305,-310,315
-20,2053,33,-422,-519,211
-3,2059,35,-346,-545,214
-7,2068,37,-421,-501,232
-12,2074,38,-436,-246,293
-14,2070,45,-355,111,379
-22,2060,51,-340,454,291
-29,2051,49,-286,346,279
-32,2046,57,-305,54,214
-29,2041,56,-226,-92,118
-28,2037,53,-250,-141,44
-29,2032,52,-265,-105,89
-28,2034,60,-178,-122,100
-27,2040,64,-255,-92,142
-20,2048,61,-244,72,195
-20,2054,60,-300,-255,203
-26,2058,52,-186,-289,199
-30,2053,59,-165,-95,251
-31,2056,63,-127,98,268
-25,2066,68,-185,223,334
-21,2073,65,-254,190,259
-25,2074,68,-331,31,210
-25,2072,73,-390,87,168
-32,2070,74,-410,-222,107
-37,2066,75,-407,-365,119
-33,2062,76,-407,-317,146
-25,2058,79,-442,-266,155
-17,2051,76,-443,-319,129
-15,2047,74,-347,-401,65
-16,2046,71,-266,-262,59
-18,2045,69,-189,-11,103
-10,2042,71,-124,-14,77
-5,2043,69,-207,-90,116
-9,2045,66,-41,-345,87
-7,2039,71,42,-417,164
-13,2034,69,6,-285,255
-17,2036,74,-36,-135,334
-13,2042,76,17,-30,343
-14,2044,75,75,-36,301
-12,2040,71,123,-179,249
-13,2034,68,53,-169,223
-10,2033,67,97,-287,221
-10,2037,66,77,-468,166
-10,2039,65,80,-306,244
-7,2052,74,14,-316,340
-2,2061,77,-62,-366,330
7,2070,82,-102,134,319
6,2073,79,-98,595,378
1,2075,78,-134,902,434
-2,2074,80,-127,932,470
-1,2069,78,-173,921,387
-4,2056,72,-162,710,354
-5,2043,68,-185,252,324
0,2036,64,-226,-22,301
-2,2034,63,-189,-220,268
-3,2035,69,-214,-248,295
-1,2041,71,-214,-318,283
5,2046,68,-131,-369,174
8,2051,65,-122,-571,97
14,2058,69,-179,60,175
22,2055,75,-139,867,147
22,2049,74,-210,875,123
16,2052,75,-76,778,149
10,2053,68,-90,248,226
7,2044,68,6,115,355
11,2036,64,19,-10,424
17,2033,67,48,7,379
23,2038,75,72,349,325
28,2047,77,78,188,243
26,2056,76,3,-83,228
15,2059,75,55,-272,217
15,2063,80,104,-104,188
17,2061,77,112,28,162
17,2057,71,13,220,214
18,2055,72,-50,345,212
19,2059,75,-138,299,244
19,2060,75,-122,135,185
18,2057,72,-155,-110,107
20,2050,73,-159,-71,89
24,2044,70,-166,36,71
20,2043,67,-165,107,118
13,2049,69,-147,167,138
9,2052,66,-60,76,163
13,2051,59,-126,34,115
14,2042,58,-75,-105,81
22,2034,53,-53,164,69
17,2035,58,-21,278,98
11,2045,57,-27,188,137
13,2052,58,9,475,177
17,2050,57,87,256,109
16,2046,53,-56,116,59
5,2056,59,-84,149,188
8,2068,68,-90,170,269
13,2075,80,-210,201,231
19,2069,87,-258,144,117
24,2058,86,-290,-30,26
24,2049,83,-285,-25,-6
18,2040,82,-335,-32,-21
17,2039,80,-308,-114,60
23,2038,70,-272,-307,-30
23,2030,55,-230,-712,-121
27,2020,37,-221,-952,-130
27,2013,16,-76,-1492,-68
28,2002,-18,30,-1790,-48
28,1974,-71,146,-1570,-209
47,1929,-135,39,-1618,-329
82,1899,-201,-36,-2726,-309
119,1900,-284,-289,-3059,-283
130,1914,-326,-432,-2759,302
117,1942,-335,-834,-2730,854
130,1952,-339,-861,-2025,1196
188,1950,-396,-772,-1220,1435
246,1949,-425,-474,-645,1789
293,1988,-420,-115,-258,1696
262,2036,-392,149,-1317,1647
173,2102,-391,620,-2658,1768
121,2190,-387,213,-2333,2114
83,2401,-200,855,-1728,1373
17,2733,-136,2389,-1700,-347
-58,2921,-29,3572,2651,-1621
30,2886,81,3609,7775,-2048
188,2821,295,3090,10515,-2443
214,2801,571,934,8443,-2871
119,2643,758,1965,5313,-1990
80,2418,735,2996,1414,-1280
63,2188,585,3617,-1590,-1010
94,2102,522,2385,311,-1430
90,2156,558,2029,3970,-3178
-13,2156,563,3089,4880,-3785
-92,2073,462,3846,3997,-3149
-208,2032,346,5320,-1438,-3701
-281,2011,220,5803,-3188,-4467
-383,2008,55,4996,-4094,-4472
-423,2051,73,5176,-4313,-4141
-283,2118,156,6017,1795,-4513
-169,2008,31,7974,-2213,-4746
-8,1731,-109,7109,-3445,-3179
125,1538,-263,6405,-6718,-601
224,1384,-422,6212,-4384,1956
188,1237,-528,6422,2485,1415
-109,1212,-627,5937,299,-1095
-389,1246,-588,4675,-995,-3816
-578,1273,-507,3536,-977,-5204
-795,1357,-421,2788,-7324,-4826
-720,1482,-395,1571,-11305,-3332
-390,1625,-459,-349,-8273,-2399
-127,1788,-339,-342,-4740,-1538
27,1979,-298,-1290,1159,-134
-13,2207,-307,-1801,3072,1487
-135,2447,-352,-2038,3592,2979
-253,2646,-416,-3151,4945,3037
-279,2743,-453,-4045,10512,3004
-310,2713,-478,-4951,11990,2793
-300,2646,-506,-5519,14202,3103
-386,2531,-584,-6127,12053,3536
-544,2396,-658,-6229,6635,3339
-589,2181,-700,-5578,5252,2193
-608,1949,-783,-3549,465,589
-656,1751,-870,-2662,-1984,-264
-659,1665,-819,-4138,-318,-959
-687,1597,-601,-5147,-419,-1071
-678,1515,-382,-3819,3026,-1354
-735,1418,-323,-2211,-5925,-2815
-683,1289,-200,-1164,1066,-3231
-729,1249,-6,-2887,3177,-1374
-582,1314,91,-4896,3593,-349
-305,1547,237,-4726,1356,-692
12,1854,408,-5187,-43,-728
207,1932,475,-2567,-3236,-42
216,1748,514,-2665,-5958,869
128,1619,487,-2578,-5240,501
-31,1616,425,-3798,-2439,272
-203,1713,397,-5302,-1841,849
-267,1845,505,-5204,3749,826
-312,1907,508,-5223,4552,23
-399,1905,505,-3932,2196,-811
-371,1909,467,-3956,800,-437
-301,1934,470,-4280,-1509,172
-212,2020,333,-2753,-8351,659
-119,2180,122,-2990,-10092,-52
-213,2311,40,-1378,-7888,-808
-232,2404,-18,-1755,-3233,-710
-165,2481,-52,-112,-1043,-197
-148,2530,-153,1341,-2607,908
-141,2506,-219,1438,-2755,2546
-133,2464,-230,1474,-1924,3491
-128,2607,-498,4338,-5370,3277
8,2863,-631,3350,-3200,1463
-48,3023,-425,3157,5655,-1713
-221,2836,-288,3643,10010,-1983
-305,2432,-237,4214,13980,1662
-199,2116,-214,1465,12358,3354
-82,1975,-83,254,7044,2841
-17,1955,0,-605,3864,2144
-37,1882,77,333,5669,2587
-97,1800,69,342,6251,2599
-128,1811,52,543,6498,1926
-126,1863,52,1009,7514,1555
-135,1915,30,1227,6671,919
-143,1945,6,1336,6052,583
-144,1946,-32,1620,4595,146
-155,1950,-70,1488,2671,-121
-158,1963,-101,1352,954,-53
-164,1990,-111,539,-1210,344
-148,2054,-104,121,-2388,688
-101,2118,-81,100,-2515,673
-50,2138,-83,-113,-1973,526
-68,2124,-89,-238,-3061,374
-96,2094,-85,-377,-2437,397
-112,2067,-77,-335,-248,614
-120,2060,-68,-481,890,655
-108,2071,-63,-406,968,576
-100,2084,-48,-466,735,527
-93,2074,-24,-563,971,506
-119,2049,-19,-1038,-1516,489
-106,2028,-31,-1075,-1884,495
-97,2022,-35,-1063,-2297,435
-85,2026,-42,-901,-2332,506
-68,2039,-41,-707,-2013,531
-56,2059,-30,-725,-1930,561
-35,2073,-17,-669,-1836,554
-30,2078,-8,-625,-2194,532
-40,2080,-4,-691,-1741,599
-52,2072,-5,-518,-843,606
-69,2063,-4,-459,-309,502
-62,2051,-1,-334,588,406
-79,2050,0,-303,-65,261
-78,2047,-7,-132,335,292
-77,2041,8,-30,985,318
-73,2040,16,-95,1649,333
-59,2044,22,-172,2224,234
-60,2050,26,-198,2076,86
-75,2052,27,-154,1155,26
-98,2064,26,-366,-551,-49
-87,2072,29,-605,-481,-103
-84,2079,41,-583,-676,7
-68,2090,47,-728,-556,80
-57,2097,48,-656,-797,100
-60,2095,49,-675,-1023,130
-62,2081,47,-603,-839,192
-66,2062,49,-449,-564,259
-66,2045,50,-406,-26,219
-64,2037,51,-436,-65,224
-72,2042,55,-482,-625,174
-64,2043,54,-285,-216,202
-71,2039,56,-218,-235,235
-74,2036,51,-197,-128,216
-71,2034,50,-65,201,207
-64,2032,41,-18,448,102
-66,2036,33,32,245,64
-71,2043,31,123,407,60
-82,2048,30,185,842,121
-86,2049,34,133,1048,161
-82,2053,40,-50,1037,135
-76,2062,51,-86,879,-27
-77,2071,52,-192,538,-97
-76,2075,50,-240,168,-101
-80,2067,43,-270,-430,-92
-88,2061,31,-279,-818,-46
-82,2056,32,-303,-514,136
-64,2058,36,-376,-495,218
-53,2067,48,-406,-487,244
-36,2072,52,-462,-432,152
-44,2065,50,-486,-644,223
-60,2054,41,-415,-803,250
-65,2043,44,-358,-750,402
-66,2043,45,-270,-468,502
-69,2049,48,-316,-342,460
-62,2054,54,-233,-202,364
-51,2053,57,-287,134,345
-53,2050,62,-313,282,301
-64,2043,63,-271,263,242
-73,2039,63,-293,290,265
-88,2040,67,-222,-373,283
-79,2042,69,-287,-335,298
-66,2042,66,-282,-466,235
-62,2044,66,-333,-773,218
-61,2048,73,-176,-862,242
-57,2054,78,-138,-885,280
-49,2063,80,-93,-787,241
-40,2061,76,-29,-920,202
-28,2056,70,-102,-632,202
-19,2052,78,-104,-328,217
-18,2060,77,-275,-507,190
-29,2075,77,-298,-1067,167
-37,2078,80,-261,-1303,222
-40,2071,84,-302,-1344,240
-41,2061,87,-319,-1732,196
-27,2045,88,-460,-1581,92
-21,2034,85,-481,-1543,13
-22,2027,75,-281,-1457,-55
-23,2018,61,-235,-1096,-39
-35,2017,51,-65,-1319,22
-37,2031,46,7,-1293,101
-39,2040,50,176,-1395,182
-35,2040,56,225,-933,186
-19,2039,54,20,-204,190
-10,2036,58,53,115,177
-5,2035,60,-21,343,106
-8,2038,65,-84,349,99
-15,2045,69,-62,252,91
-23,2056,73,-61,234,101
-20,2061,78,-112,719,85
-19,2064,79,-162,937,46
-23,2063,78,-153,1083,6
-30,2068,81,-124,1046,-10
-37,2075,81,-175,964,16
-32,2074,84,-157,1151,8
-30,2064,90,-214,1322,-19
-34,2053,94,-245,1226,-59
-42,2046,93,-301,978,-41
-48,2043,93,-347,821,13
-53,2045,91,-296,493,73
-50,2046,87,-253,520,90
-49,2045,86,-225,360,83
-49,2046,86,-217,20,103
-45,2044,90,-176,-154,105
-41,2042,91,-196,-211,104
-44,2040,88,-120,-107,140
-42,2032,82,-10,-18,115
-44,2027,76,-1,-166,191
-51,2033,73,139,-196,235
-52,2044,76,133,-147,282
-53,2050,78,297,-105,259
-51,2046,80,374,36,200
-46,2036,75,430,66,160
-52,2033,72,522,41,100
-53,2031,67,498,108,92
-46,2032,65,420,30,30
-49,2042,68,491,-291,3
-54,2054,69,545,-436,-39
-51,2068,70,453,-384,-2
-55,2079,75,339,-494,22
-43,2084,72,293,-231,56
-32,2088,67,225,-180,22
-31,2087,64,61,-177,-10
-33,2079,61,32,-79,-43
-33,2067,59,72,327,-62
-42,2060,47,-50,64,-48
-53,2053,39,7,-170,-8
-49,2045,30,-56,-421,59
-43,2040,31,-117,-417,130
-42,2042,29,-91,-408,131
-42,2047,31,-157,-384,195
-39,2054,31,-249,-255,137
-30,2059,42,-362,172,175
-33,2068,49,-429,280,181
-32,2074,55,-528,367,107
-36,2076,58,-683,-70,57
-47,2078,50,-625,-226,39
-52,2069,54,-566,175,155
-60,2068,66,-512,185,181
-56,2075,73,-704,142,165
-47,2070,75,-787,-97,114
-31,2047,59,-778,-435,31
-20,2020,31,-773,-660,-29
-11,2004,-1,-757,-1176,-114
5,1997,-56,-560,-2487,-268
23,1980,-132,-283,-3878,-465
55,1933,-218,-19,-3922,-431
89,1868,-283,125,-3388,-400
112,1805,-345,341,-3326,-558
129,1771,-383,94,-3238,-246
123,1794,-386,-153,-2405,555
103,1848,-381,-669,-1987,1165
118,1900,-414,-956,-1556,1452
149,1988,-415,-701,-2428,1977
148,2130,-386,-224,-3758,2145
86,2287,-365,982,-5365,2055
70,2434,-355,1892,-3156,2162
35,2602,-270,1930,-3455,2039
-17,2879,-81,2646,-3454,1021
-42,3204,26,3051,1838,-969
33,3294,244,1374,10927,-2411
105,3089,505,355,11291,-2628
128,2933,745,504,8714,-2084
102,2728,793,2156,1337,-898
87,2400,726,3067,-582,-260
139,2148,642,1994,2699,-1369
179,2066,647,1790,6899,-2887
159,2067,677,3045,9824,-4137
47,2017,613,3520,5450,-3715
-128,1882,531,5535,-698,-2212
-260,1749,373,4994,1381,-974
-339,1625,312,5159,1193,21
-357,1554,280,6628,-728,-454
-396,1501,95,7463,-7529,-1096
-370,1365,-84,7930,-7615,-1258
-341,1224,-239,7754,-4726,-2237
-341,1112,-451,8138,-129,-3309
-271,998,-580,9402,5582,-4339
-115,1047,-804,6607,3199,-5220
-92,1163,-861,6758,-6456,-4016
-232,1292,-820,5638,-13706,-3170
-353,1396,-615,4565,-10061,-3811
-474,1595,-467,4095,-3066,-4663
-388,1913,-427,1834,1269,-5134
-119,2110,-421,891,2766,-3892
50,2252,-433,828,5692,-1747
-61,2451,-449,-342,6492,-1018
-179,2684,-478,-1606,9267,21
-322,2817,-536,-3182,7750,1483
-370,2900,-536,-4195,11005,2013
-412,2855,-565,-5126,10874,2452
-387,2735,-603,-5963,14793,2806
-458,2563,-659,-6966,13436,2948
-553,2364,-758,-7438,12451,3013
-593,2185,-740,-8020,8874,2446
-657,1991,-785,-8322,550,2125
-605,1792,-720,-7161,180,1161
-622,1642,-748,-7675,-4110,740
-640,1524,-636,-7655,-6710,954
-651,1432,-428,-10193,-4724,422
-606,1364,-236,-9794,702,-956
-661,1372,-191,-9171,-5139,-2129
-571,1406,-110,-10168,154,-1760
-488,1479,127,-9405,340,-1006
-290,1627,260,-8231,624,-2450
-108,1685,275,-5786,670,-2946
-111,1611,274,-4926,-1994,-1278
-136,1540,229,-5344,-2474,-286
-168,1502,419,-5369,-2756,1226
-155,1527,509,-3629,-2672,1836
-126,1610,524,-3852,-1265,1197
-95,1663,563,-3845,1030,298
-178,1672,617,-3846,1488,3
-269,1705,723,-4005,1942,-104
-296,1765,823,-3772,4753,-369
-339,1783,845,-2343,3811,-166
-306,1827,802,-1660,1816,-182
-272,1898,775,-1426,-689,566
-153,1970,628,111,-1771,872
-215,2089,482,618,-1455,58
-319,2186,407,449,759,404
-266,2294,323,600,417,1296
-130,2391,230,1356,-21,2281
30,2505,131,1704,-164,2766
60,2759,-122,4008,-7056,2984
152,3051,-474,5154,-7557,2078
72,3140,-366,3162,1981,248
-193,3131,-158,3610,3441,-1906
-276,2856,-146,3984,3118,-1154
-231,2481,-147,3775,1170,1566
-172,2200,-103,2918,-633,3067
-48,2016,-10,846,-991,2708
49,1939,86,-488,-4526,2003
56,1975,171,-1510,-3925,1543
-79,2023,230,-1961,-1634,1074
-198,1955,218,-1739,1236,1498
-270,1867,201,-1855,2265,1918
-260,1873,169,-2048,1825,1718
-208,1960,155,-1899,-71,1251
-134,2055,156,-2051,-636,736
-73,2105,148,-2043,517,330
-93,2133,156,-1685,-1610,289
-95,2135,174,-1308,-3231,457
-71,2107,163,-1581,-4264,663
-33,2063,171,-1623,-4328,645
-2,2040,176,-1344,-3879,393
11,2016,168,-1208,-3776,541
2,1981,169,-992,-4304,668
-33,1953,168,-677,-3246,574
-80,1923,179,-737,-3537,603
-94,1900,210,-568,-2448,685
-88,1902,237,-827,-2332,779
-53,1914,264,-861,-1049,706
-13,1924,273,-955,-152,516
13,1933,270,-926,-399,435
24,1951,259,-638,-1364,316
31,1987,274,-672,-1505,227
24,2042,291,-691,-1716,305
13,2077,309,-592,-1564,360
8,2084,303,-541,-1786,338
5,2076,310,-417,-1379,178
-19,2060,304,-446,-1852,14
-35,2043,315,-563,-1379,17
-25,2035,338,-582,-852,150
-9,2029,348,-714,-1002,204
8,2015,354,-722,-1394,70
14,1996,371,-563,-1394,-26
7,1981,385,-590,-1458,-24
7,1977,390,-596,-1643,-24
21,1981,388,-756,-1283,-2
32,1993,389,-769,-1085,-69
34,2001,383,-691,-1153,-142
32,2006,384,-644,-1166,-178
27,2016,377,-556,-1199,-168
3,2021,370,-499,-1288,-101
-7,2021,365,-614,-653,24
-2,2017,370,-512,-408,77
10,2015,374,-384,-119,99
17,2012,376,-276,-260,54
19,2000,374,-300,-141,16
13,1987,367,-300,-421,156
16,1981,376,-291,-268,325
25,1982,383,-281,-346,280
34,1991,384,-324,-461,141
45,1999,390,-360,-452,106
46,2005,404,-395,-438,116
40,2000,412,-278,-454,153
36,1989,411,-299,-255,262
32,1984,405,-313,-379,256
23,1987,407,-299,-210,285
13,1988,404,-194,-86,290
9,1988,406,-70,-192,354
0,1997,405,-7,-156,407
4,2010,407,-265,260,439
12,2023,411,-321,604,422
15,2030,416,-192,284,281
13,2033,417,-118,93,207
19,2029,422,-195,25,242
45,2026,434,-297,191,233
71,2027,426,-418,-200,97
87,2034,419,-392,-420,-55
73,2038,412,-103,-681,-53
44,2033,397,82,-812,68
32,2026,394,5,-770,184
35,2028,394,51,-294,134
26,2026,390,-6,45,15
15,2013,377,12,-86,28
3,1993,377,63,-256,149
2,1966,370,41,-484,291
8,1950,377,8,-462,265
11,1955,370,-56,-825,176
19,1967,364,-87,-1099,142
24,1981,377,-43,-778,132
30,1994,387,10,-778,17
27,2003,383,-28,-867,-3
22,2006,378,-40,-969,88
26,2011,376,24,-573,119
30,2026,376,-11,-265,122
38,2035,382,38,441,144
47,2034,393,-63,1295,183
39,2023,394,11,1159,103
29,2021,402,-62,1420,75
24,2018,409,-189,1587,61
22,2018,420,-244,1266,-14
38,2019,435,-301,1288,-100
66,2023,440,-375,956,-194
67,2024,436,-295,-162,-241
66,2030,422,-316,-275,-249
63,2039,425,-428,-162,-122
48,2036,428,-313,-154,22
39,2026,421,-381,17,107
39,2019,418,-254,214,123
33,2011,408,-219,467,188
28,1997,398,-218,929,249
25,1986,387,-76,677,193
16,1975,383,-11,499,200
7,1960,388,28,391,263
3,1949,385,-50,243,206
11,1951,375,-80,83,166
27,1969,381,-48,-61,130
36,1989,392,108,-300,139
37,2002,385,104,-447,62
28,2008,382,197,-765,55
21,2013,389,254,-1008,158
12,2020,392,152,-1053,233
22,2023,393,63,-680,262
39,2030,391,72,-78,139
43,2029,388,69,161,97
34,2019,396,31,393,106
29,2010,406,-30,652,86
39,2009,416,-113,957,-9
39,2006,412,-1,541,-156
47,2011,397,-114,231,-221
50,2019,403,-117,239,-223
49,2023,407,-80,60,-188
37,2029,405,12,-338,-195
33,2025,403,-90,-217,-110
34,2014,406,-115,111,18
33,2008,405,-142,361,125
37,2011,391,-143,-48,101
36,2010,394,-69,314,113
14,2002,393,72,345,184
11,1997,393,79,648,212
16,2004,401,19,1028,190
18,2005,393,4,1038,-2
6,2005,404,-58,1066,-3
2,2009,415,-46,851,-12
3,1999,414,-101,688,-17
13,1985,407,-125,458,-129
21,1984,395,-39,145,-165
21,1990,392,30,159,-116
21,1988,389,45,89,-101
22,1990,374,206,33,-24
28,1995,358,232,-82,-36
42,2003,342,286,-186,0
52,2011,322,366,-584,-94
57,2023,286,353,-1221,-188
47,2048,232,352,-2254,-163
47,2068,199,275,-2741,122
66,2070,203,223,-2744,483
90,2061,244,-193,-2730,637
120,2018,232,-484,-2536,609
144,1964,203,-441,-2558,715
152,1927,182,-283,-2496,928
136,1919,164,-146,-2850,1188
115,1945,145,-362,-3690,1249
96,1961,136,-622,-4748,1461
70,1956,121,-980,-4585,1788
67,1965,116,-1388,-3950,2048
59,2032,157,-2000,-2684,2037
24,2097,177,-2078,-2334,1999
2,2145,142,-1549,-231,2553
50,2209,135,-1563,2412,2742
138,2331,206,-1463,3539,2188
102,2585,292,-10,1532,1263
124,2835,396,-93,6865,655
172,2972,494,460,10848,-657
222,3004,525,1203,8539,-2137
306,2923,667,909,8792,-3249
336,2752,874,1152,9230,-4190
271,2479,1012,1658,9310,-3837
220,2206,1028,3012,6817,-2818
264,1992,889,4077,4571,-2101
294,1832,812,4757,4874,-2058
302,1776,821,5178,8093,-3256
271,1764,841,6434,11532,-3838
196,1689,840,7991,13143,-2518
111,1568,750,8927,11184,-1012
7,1480,612,11003,6676,-103
-78,1449,570,12016,7466,418
-183,1481,388,14587,5278,-869
-270,1538,205,12768,3735,-2700
-349,1552,58,10396,3266,-2458
-442,1556,-131,6995,1703,-754
-449,1545,-249,6119,2089,580
-310,1471,-329,6559,3987,-1232
-207,1385,-561,3952,426,-2661
-208,1323,-560,4957,-3646,-2929
-275,1344,-494,5645,-6708,-2141
-450,1437,-446,4653,-3498,-2492
-537,1573,-553,4412,-6490,-3219
-310,1704,-522,3506,-3741,-2455
-154,1875,-400,2638,-1445,-1045
-140,2134,-310,2681,1338,176
-155,2356,-322,1303,1295,928
-186,2572,-391,306,961,2237
-265,2712,-457,-788,2783,2959
-297,2720,-502,-1572,7455,2362
-380,2659,-602,-2097,5594,1997
-410,2546,-694,-2211,4611,2007
-393,2405,-769,-2077,1580,2655
-417,2300,-785,-3436,-2561,3007
-393,2256,-760,-5374,1404,1882
-575,2168,-853,-6972,-11568,751
-590,2055,-558,-7757,-11607,-1298
-526,1930,-196,-7746,-2592,-2328
-535,1764,62,-9105,6843,-2776
-347,1521,65,-8053,13184,-3299
-108,1266,-152,-6752,9725,-2427
15,1068,-193,-3564,733,-1776
61,1015,-45,-5914,1753,-2494
-365,1171,206,-12547,-11348,-2941
-610,1784,225,-8369,1116,-1888
-657,2307,238,-7834,5329,-2734
-389,2299,302,-7129,197,-1478
18,2111,371,-5537,-7108,1666
184,1855,446,-5141,-10776,3157
176,1751,505,-5337,-7179,3857
33,1755,503,-5530,-6483,3869
-29,1737,538,-6281,-3192,3037
-72,1689,591,-5545,-2717,2366
-113,1671,608,-5202,-944,2056
-209,1730,641,-4903,65,1511
-280,1822,732,-4517,1661,1049
-336,1877,757,-3406,1351,463
-402,1918,745,-1586,-112,512
-354,1964,772,-803,2169,484
-301,1943,710,108,1884,-363
-263,1863,632,1197,1276,-231
-200,1854,553,2167,663,589
-154,1923,551,2307,1825,1071
-13,2056,512,2549,5454,-166
84,2135,445,2454,7247,-522
75,2180,266,3499,3588,16
-41,2427,-293,6558,-7603,1251
-89,2792,-484,5241,-5746,309
-224,2905,-177,4700,5137,-3052
-382,2819,-154,5857,4724,-3069
-305,2729,-191,6027,4641,-1253
-188,2562,-140,6384,1754,470
-80,2305,3,5239,3560,2077
-49,2097,44,3678,599,2037
-54,1928,66,2023,2226,3080
-99,1926,110,306,3885,2523
-97,1998,153,531,6270,1528
-150,2020,133,726,4633,632
-203,2031,84,653,4450,-37
-246,2047,39,638,4297,0
-244,2046,26,713,4543,537
-206,2060,38,647,2544,783
-142,2045,53,468,795,947
-120,2000,55,30,190,1068
-135,1990,49,-302,-716,1020
-154,2008,40,-6,-1737,1085
-144,2027,15,-1,-1265,1063
-167,2041,-6,190,-1755,738
-178,2041,-10,72,-1301,724
-186,2033,17,147,-1060,841
-184,2031,27,-20,-1602,811
-186,2044,39,-78,-2632,783
-193,2052,34,-261,-3595,770
-182,2056,46,-309,-2767,872
-155,2062,44,-300,-2086,803
-125,2072,60,-363,-1580,631
-111,2089,69,-300,-1721,598
-103,2090,67,-344,-1511,755
-90,2081,70,-384,-1096,701
-74,2069,93,-377,-1007,495
-61,2064,102,-381,-568,348
-61,2061,103,-391,-1102,194
-66,2062,91,-355,-1283,221
-66,2069,92,-405,-1046,295
-59,2074,95,-255,-790,352
-54,2070,94,-164,-613,361
-43,2059,97,-217,-120,283
-46,2050,98,-222,13,168
-55,2040,98,-104,381,130
-64,2035,75,27,643,71
-71,2027,74,6,759,-13
-74,2018,72,123,590,-25
-78,2018,80,163,611,51
-75,2025,77,168,778,65
-82,2036,78,82,195,189
-77,2039,75,77,-8,287
-66,2039,80,157,497,230
-67,2048,81,93,883,157
-71,2054,84,140,1007,101
-81,2060,77,102,617,130
-83,2064,75,92,735,230
-71,2060,83,104,574,310
-56,2061,87,56,385,238
-55,2054,85,22,470,156
-69,2050,81,-55,426,159
-82,2052,75,25,3,218
-76,2054,64,2,11,277
-74,2052,57,72,397,339
-67,2054,60,4,520,279
-71,2054,64,-27,167,262
-78,2052,64,-29,206,234
-88,2048,61,-88,90,257
-91,2043,59,-49,216,294
-91,2041,59,-134,257,307
-82,2040,60,-111,380,278
-79,2045,60,-106,531,249
-79,2050,59,-103,515,213
-88,2056,58,-188,307,203
-102,2059,60,-278,78,246
-95,2058,64,-302,417,280
-86,2058,69,-304,297,173
-76,2057,68,-334,311,118
-80,2054,79,-300,114,88
-82,2059,86,-360,-207,138
-81,2064,88,-373,-245,199
-83,2064,90,-277,-269,189
-85,2058,86,-262,-418,234
-85,2053,80,-296,-436,307
-76,2052,86,-226,-409,346
-75,2056,87,-202,-699,279
-67,2049,84,-67,-390,270
-64,2044,79,-112,-438,286
-62,2043,83,-83,-179,325
-56,2046,79,-80,-167,329
-60,2042,80,-29,-388,371
-63,2040,75,91,-441,422
-56,2036,77,107,-245,488
-58,2039,76,164,-491,477
-56,2044,73,199,-641,457
-49,2045,70,155,-640,379
-40,2051,74,180,-398,276
-36,2056,72,221,-505,281
-37,2061,76,180,-318,278
-31,2064,76,68,-62,319
-33,2061,77,88,-125,258
-28,2053,75,-52,181,237
-33,2048,77,-37,218,246
-33,2049,79,35,369,242
-29,2053,79,-26,644,196
-38,2053,72,-10,337,201
-41,2047,64,-102,85,198
-40,2040,62,-116,5,228
-47,2039,71,-89,-29,244
-44,2040,77,-62,-46,280
-41,2039,69,-52,-356,253
-30,2036,66,-27,49,282
-21,2041,63,-75,105,273
-22,2044,65,16,71,292
-27,2052,62,75,-17,324
-28,2059,64,-26,-75,372
-24,2055,68,-29,268,396
-19,2053,63,-168,207,329
-22,2051,64,-157,8,347
-19,2060,65,-152,260,329
-28,2067,72,-107,115,311
-32,2063,71,-112,74,274
-31,2059,70,-107,138,240
-28,2054,73,-143,58,320
-23,2051,75,-178,21,348
-23,2055,70,-152,-277,342
-26,2062,62,-213,-507,323
-25,2060,57,-154,-517,335
-15,2052,62,-129,178,305
-13,2046,67,-98,284,263
-23,2041,63,-156,18,243
-32,2040,61,-105,-214,286
-31,2039,64,-123,-46,372
-29,2040,68,-117,-42,329
-17,2041,68,-167,128,294
-18,2044,73,-140,125,216
-17,2047,72,-141,213,206
-19,2045,67,-84,41,243
-19,2046,63,-64,-108,247
-18,2053,67,-4,0,257
-17,2059,64,35,70,248
-12,2055,71,131,481,212
0,2048,68,159,650,140
-3,2049,73,211,442,102
-13,2050,58,167,-101,112
-10,2039,61,166,39,294
-19,2036,47,303,-669,285
-8,2039,38,205,-749,314
2,2045,36,218,-866,406
7,2052,22,286,-1194,417
9,2056,7,364,-1585,373
12,2053,-23,332,-2147,100
10,2043,-55,476,-3074,-60
10,2034,-112,499,-3881,-116
27,2025,-161,510,-3933,-156
46,2018,-176,506,-3580,-153
69,2014,-150,-126,-2272,286
77,2014,-151,-680,-1917,659
100,1999,-183,-1402,-1304,1095
148,1957,-229,-2326,47,1392
180,1923,-263,-1974,-176,1353
201,1910,-304,-1217,-113,1186
177,1918,-302,-205,124,1217
144,1957,-267,442,834,1499
123,2010,-204,1145,1601,1764
115,2064,-206,1779,1805,1972
154,2142,-243,2107,1701,1779
185,2270,-220,2182,998,1328
163,2428,-118,2259,-817,634
101,2559,25,2025,365,398
62,2679,86,2422,4818,335
98,2803,25,2970,5611,-441
235,2934,91,2987,6669,-1950
278,2956,369,2482,8280,-2865
194,2760,639,2498,9501,-2921
123,2463,736,3649,8840,-2348
152,2214,613,4780,7192,-1955
136,2071,432,4808,4831,-1968
110,2081,391,4841,4921,-2991
65,2121,400,4718,5538,-4504
-21,2075,465,4957,6297,-4006
-103,2020,432,3804,4851,-2901
-195,1947,435,5955,83,-2348
-235,1850,320,7621,-3451,-1914
-323,1684,137,8933,-6392,-1548
-373,1520,-114,8049,523,-1153
-378,1332,-456,7269,4143,-1869
-400,1100,-780,5926,-2996,-2145
-372,899,-933,5830,-4718,-1475
-381,829,-899,7249,-7479,-1399
-458,916,-957,9544,-8067,-2247
-551,1088,-1023,9382,-8437,-3189
-540,1328,-954,8730,-6917,-3567
-457,1660,-869,6998,-8472,-2871
-299,1963,-671,4503,-8896,-2000
-166,2176,-510,2307,-8553,-1389
-36,2328,-439,2035,-2959,-1165
-33,2484,-529,1112,-1251,173
-91,2612,-680,-1156,3520,1526
-261,2705,-677,-2938,2199,2792
-322,2719,-714,-4546,2917,2340
-229,2697,-705,-5445,4425,1665
-88,2587,-756,-5827,7892,1732
-107,2436,-833,-6663,3543,2901
-89,2300,-852,-7177,7973,3155
-246,2148,-910,-7091,5128,3368
-437,2004,-951,-6369,-295,2892
-558,1841,-1128,-7792,-6427,2759
-541,1645,-982,-4811,-3284,2181
-578,1543,-712,-7982,-4367,1412
-500,1492,-439,-9363,-2187,-110
-356,1500,-273,-8860,2686,-444
-295,1523,-366,-9654,-526,856
-225,1522,-150,-11764,-617,3073
-247,1540,135,-12750,4090,3913
-164,1641,272,-12309,7851,2281
-78,1751,249,-12370,6348,750
-62,1757,310,-12402,3787,1275
-105,1716,489,-11251,3822,2205
-151,1753,567,-10643,4986,2018
-164,1860,534,-8624,4071,-38
-199,1909,550,-7233,3479,-6
-236,1887,525,-7300,3217,1255
-166,1856,680,-7345,8080,1598
-152,1839,764,-6360,5862,110
-139,1773,753,-5295,1767,-207
-150,1661,724,-3793,-154,968
-230,1537,610,-2328,-4139,2107
-202,1493,355,-2158,-7780,2199
-81,1619,209,-2872,-7493,2102
74,1881,131,-1046,-4987,1297
220,2303,68,847,-6238,-618
282,2820,51,2888,-7422,-1897
178,2993,-57,5699,-12727,-1097
71,2901,-196,6891,-11625,-1331
-72,2756,-228,7138,-8307,-1430
-129,2609,-202,7478,-3941,-1095
-62,2517,-118,7633,-48,-678
74,2457,-78,7804,-1796,10
223,2332,-40,6449,-3895,733
209,2141,13,4971,-5453,1368
103,1974,47,3182,-3230,2280
59,1917,73,1153,-1111,1895
76,1951,112,48,-2088,1018
57,2008,163,-473,-4843,902
42,2065,233,-1004,-2935,1189
13,2046,281,-894,-1672,1379
27,1995,264,-1528,-969,1324
73,1975,235,-1943,-141,1308
81,1981,229,-1558,-2339,1419
79,2023,240,-1704,-1835,1364
58,2039,246,-1595,-1358,1217
46,2027,231,-1635,-508,1233
42,2021,191,-1388,-1542,905
64,2037,183,-1523,-1493,713
56,2049,188,-1455,-1830,775
57,2039,195,-1412,-1378,977
41,2009,175,-1041,-2177,1290
61,1996,160,-887,-1567,1368
85,2008,146,-775,-1405,1197
119,2027,149,-428,-1680,891
136,2042,136,-210,-1355,696
127,2047,137,-120,-1259,638
113,2036,136,-120,-738,795
113,2019,123,-31,-758,741
132,2017,116,-18,-1252,632
157,2036,123,-128,-786,644
157,2047,128,-134,-580,666
157,2055,130,-466,-143,648
137,2055,120,-643,-303,658
106,2051,71,-827,692,786
74,2061,12,-516,533,788
89,2110,-35,-701,-284,470
146,2206,-77,-671,-730,-39
187,2316,-64,-1010,-1144,-384
242,2430,126,-3827,1204,-324
230,2602,299,-4760,4723,-762
283,2780,367,-6956,18419,-1036
422,2838,500,-6423,22773,-3437
448,2622,600,-4954,19691,-4010
251,2174,561,-3380,14591,-1881
124,1822,415,-2933,8934,-427
22,1607,399,-2622,9051,458
-101,1513,393,-3582,12068,958
-196,1556,395,-4707,10557,1136
-182,1607,353,-3769,8321,2475
-197,1549,316,-3125,6052,3407
-309,1428,256,-2747,-1587,3155
-361,1345,197,-2556,-1679,2726
-441,1267,209,-1049,-5339,1541
-485,1209,223,227,-9490,356
-552,1183,186,1947,-13816,-1633
-761,1163,196,5138,-18491,-4267
-786,1131,532,651,-6841,-3432
-527,1086,502,-1762,2336,-1551
338,1748,624,3212,3773,-3146
761,2901,530,-57,-18229,-2456
715,2739,775,-1076,-9999,424
564,2662,872,-1526,-3405,532
543,2651,875,-2498,-2858,2507
651,2631,829,-2362,-4603,2584
699,2507,833,-2248,-4930,706
655,2428,824,-1731,-3188,-256
606,2407,783,-1780,-1260,-432
561,2321,744,-1268,-2103,76
551,2197,722,-728,-2053,929
596,2127,711,-672,-1983,635
616,2111,696,-397,-2767,82
623,2087,688,-164,-1756,-300
609,2025,676,-241,-1394,-498
612,1957,676,-48,-1623,-261
637,1921,682,145,-1910,49
662,1931,687,179,-878,7
691,1975,701,239,1386,-381
717,2043,733,-355,5175,-440
740,2131,784,-1377,9528,145
690,2185,791,-1040,8738,518
600,2204,769,-780,9536,975
509,2183,732,-941,11508,1243
353,2115,660,-941,12183,761
158,1997,612,-822,12024,113
-24,1868,581,-727,11591,-418
-191,1752,544,-94,9678,-642
-379,1651,533,172,7574,-1251
-553,1569,584,-786,10693,-1702
-636,1547,611,-1351,12003,-1834
-536,1628,607,-1436,12315,-1936
-416,1743,583,-1266,9503,-2322
-408,1755,576,-827,6150,-2371
-442,1703,565,-356,5868,-2439
-493,1669,530,1,5641,-2110
-534,1660,525,295,5002,-1826
-539,1659,527,655,4541,-1908
-529,1665,555,809,4161,-1986
-515,1685,573,1116,4115,-2019
-522,1707,588,1210,3470,-1668
-516,1717,583,1450,3583,-1108
-501,1712,565,1456,3139,-764
-493,1708,564,1642,3196,-665
-483,1729,576,1599,3236,-533
-484,1741,575,1712,3383,-531
-497,1721,599,2160,4184,-492
-520,1715,600,2419,3914,-230
-566,1715,601,2518,1893,69
-551,1701,603,2781,3001,115
-554,1676,596,3048,2141,-110
-524,1627,580,3309,3088,133
-513,1562,562,3836,2946,624
-509,1520,565,4060,1698,1335
-492,1533,561,3898,2024,1817
-486,1578,584,3455,2545,2142
-448,1637,609,2869,1969,2292
-329,1716,623,2648,2670,2200
-250,1860,616,2312,2714,1743
-240,2055,579,2266,2399,1485
-266,2251,490,2223,832,1477
-345,2431,429,1536,-4648,1198
-188,2974,155,6041,-10075,-455
126,3416,-166,5840,-1750,-2621
-307,3071,-297,4327,-1495,-2546
-670,2640,-275,3185,1841,-1528
-615,2338,-256,3880,248,1945
-383,2215,-174,3798,-2715,3150
