-231,1605,-1347,-126,330,49
-228,1604,-1351,-76,118,38
-223,1589,-1378,107,36,-85
-211,1581,-1395,275,280,-97
-209,1592,-1389,87,498,-81
-214,1602,-1371,38,557,-7
-225,1607,-1364,-44,450,20
-244,1596,-1389,232,160,-44
-254,1584,-1411,375,-82,-124
-251,1582,-1422,351,-81,-44
-246,1587,-1408,329,-213,25
-239,1594,-1393,303,154,79
-240,1593,-1383,258,11,87
-239,1593,-1382,281,-222,112
-228,1590,-1383,384,-145,84
-216,1588,-1392,336,2,84
-212,1585,-1396,422,140,-33
-213,1582,-1398,499,107,-45
-219,1584,-1392,482,282,12
-231,1585,-1388,451,106,-24
-224,1589,-1378,372,276,6
-216,1589,-1379,312,234,15
-211,1587,-1386,308,342,1
-215,1589,-1391,321,241,-43
-210,1587,-1390,382,376,-119
-203,1588,-1392,202,612,-96
-207,1592,-1372,76,647,-62
-226,1590,-1366,120,492,-35
-241,1595,-1371,139,159,-34
-247,1591,-1374,142,147,-72
-237,1593,-1383,12,-5,-82
-220,1589,-1389,94,463,-40
-219,1590,-1395,0,325,-44
-228,1588,-1395,75,237,-57
-234,1581,-1390,126,166,-53
-227,1580,-1396,78,31,-8
-221,1583,-1401,88,116,-35
-218,1585,-1399,145,183,-48
-226,1589,-1394,108,-17,-93
-228,1589,-1388,209,-153,-122
-218,1585,-1389,237,43,-115
-213,1583,-1384,277,241,-124
-215,1586,-1377,203,260,-154
-214,1595,-1376,210,261,-168
-218,1590,-1382,242,45,-111
-217,1590,-1380,175,203,-181
-219,1587,-1387,346,239,-143
-230,1581,-1404,371,226,-150
-228,1572,-1412,454,466,-161
-229,1579,-1403,406,327,-138
-237,1588,-1391,391,354,-91
-249,1593,-1393,283,145,-73
-253,1583,-1404,464,103,-173
-245,1580,-1404,374,255,-211
-236,1582,-1400,282,351,-87
-235,1587,-1389,250,304,-13
-244,1586,-1388,199,304,-66
-249,1580,-1386,288,-77,-168
-222,1581,-1387,211,276,-23
-220,1586,-1386,114,375,-17
-227,1588,-1387,167,322,-53
-237,1580,-1405,109,469,-78
-243,1575,-1398,180,123,-56
-234,1580,-1394,116,140,-64
-228,1582,-1390,215,224,-11
-225,1581,-1395,211,377,-77
-221,1576,-1407,187,294,-99
-224,1575,-1406,204,514,-135
-235,1578,-1400,190,373,-152
-231,1581,-1391,214,240,-59
-230,1584,-1388,207,308,-28
-234,1582,-1394,110,329,-18
-241,1581,-1393,153,156,-54
-231,1582,-1392,173,23,-20
-226,1585,-1393,174,209,-28
-232,1585,-1391,221,240,-83
-231,1583,-1393,208,233,-89
-237,1577,-1400,398,70,-86
-230,1577,-1409,326,39,-32
-233,1578,-1417,411,70,-110
-239,1571,-1418,493,-414,-220
-218,1568,-1417,364,202,-123
-217,1575,-1405,236,300,-14
-232,1580,-1393,218,263,-48
-239,1579,-1387,255,9,-112
-229,1577,-1385,304,-122,-101
-223,1578,-1387,217,277,-131
-220,1574,-1399,254,210,-170
-212,1571,-1402,330,407,-187
-216,1569,-1406,351,425,-195
-226,1569,-1411,284,505,-170
-235,1566,-1413,388,292,-185
-236,1569,-1412,311,543,-133
-249,1574,-1406,288,7,-116
-244,1576,-1408,235,203,-121
-247,1575,-1417,214,400,-191
-242,1571,-1416,190,127,-177
-228,1572,-1415,184,466,-60
-242,1571,-1415,162,375,-95
-256,1569,-1416,173,452,-130
-263,1566,-1429,258,125,-79
-254,1566,-1425,162,257,-159
-234,1561,-1432,228,410,-117
-233,1566,-1424,202,548,-125
-235,1568,-1417,150,540,-63
-243,1568,-1406,169,264,-73
-241,1576,-1404,103,219,-48
-236,1574,-1406,81,219,-161
-220,1570,-1403,92,350,-105
-222,1576,-1405,51,435,-13
-243,1573,-1403,134,294,-59
-252,1573,-1401,106,-122,-73
-245,1573,-1407,85,-45,-64
-239,1573,-1403,59,50,-65
-234,1571,-1407,-3,217,-30
-232,1568,-1402,117,67,-17
-239,1570,-1399,151,302,-61
-236,1571,-1396,232,86,-116
-224,1571,-1405,160,248,-79
-222,1571,-1403,222,250,-150
-220,1571,-1413,121,406,-114
-229,1569,-1412,144,565,-116
-238,1569,-1410,176,247,-89
-245,1572,-1408,141,112,-80
-247,1574,-1410,119,257,-37
-256,1569,-1420,152,211,-151
-241,1560,-1425,293,49,-96
-228,1561,-1426,312,326,-54
-234,1565,-1419,285,220,-107
-229,1570,-1409,285,349,-65
-234,1573,-1407,181,337,-111
-238,1568,-1408,243,75,-150
-234,1570,-1411,220,227,-70
-238,1571,-1409,150,411,-128
-241,1569,-1410,191,170,-193
-237,1569,-1415,185,233,-166
-240,1567,-1417,212,546,-111
-248,1566,-1418,223,206,-105
-238,1568,-1417,225,340,-111
-227,1571,-1413,208,499,-125
-218,1575,-1406,96,492,-109
-225,1579,-1400,57,562,-82
-245,1576,-1406,16,439,-114
-247,1563,-1415,163,249,-135
-235,1565,-1412,194,231,-82
-230,1568,-1410,174,355,-95
-231,1575,-1405,193,388,-50
-234,1568,-1404,240,128,-51
-229,1572,-1401,208,252,-103
-229,1575,-1401,205,207,-50
-228,1573,-1402,234,425,-59
-234,1572,-1405,267,155,-66
-239,1568,-1406,250,139,-120
-233,1570,-1409,188,201,-72
-234,1574,-1407,143,322,-74
-238,1573,-1413,139,183,-102
-238,1571,-1414,130,227,-120
-240,1569,-1424,80,242,-35
-250,1565,-1428,87,152,-82
-249,1563,-1428,120,242,-92
-244,1565,-1430,148,241,18
-245,1567,-1422,83,332,-30
-240,1571,-1408,46,160,17
-236,1573,-1403,-10,131,34
-237,1572,-1404,96,34,-23
-236,1570,-1418,82,122,-41
-235,1562,-1419,170,108,-72
-228,1566,-1419,128,327,7
-236,1572,-1410,86,311,12
-247,1575,-1409,48,237,62
-260,1575,-1409,49,-54,49
-256,1570,-1414,95,-226,42
-241,1570,-1418,6,-75,64
-239,1573,-1413,89,133,75
-235,1570,-1413,80,118,61
-235,1571,-1412,58,238,81
-243,1573,-1408,16,60,55
-240,1573,-1402,92,35,60
-235,1575,-1405,109,221,21
-232,1574,-1407,167,180,14
-228,1575,-1405,88,241,39
-231,1578,-1398,-10,170,71
-236,1579,-1396,8,198,73
-244,1577,-1396,98,122,24
-238,1575,-1401,78,-19,52
-235,1575,-1409,127,23,38
-233,1575,-1407,177,45,27
-226,1576,-1407,147,160,53
-234,1574,-1401,125,102,6
-235,1574,-1397,142,106,65
-238,1572,-1396,177,35,-35
-226,1570,-1400,196,156,11
-216,1569,-1402,228,191,-17
-214,1575,-1402,180,337,-42
-225,1579,-1403,187,325,-114
-233,1577,-1403,176,178,-111
-232,1572,-1403,197,163,-74
-227,1573,-1400,174,169,-71
-223,1576,-1400,192,61,-66
-216,1579,-1399,141,306,-106
-215,1580,-1398,167,224,-136
-213,1579,-1392,153,138,-191
-210,1578,-1396,122,287,-192
-216,1577,-1397,60,349,-157
-226,1570,-1410,195,401,-187
-237,1570,-1411,191,138,-250
-235,1573,-1412,145,120,-210
-237,1577,-1406,186,63,-167
-244,1584,-1410,44,145,-135
-252,1583,-1408,1,182,-125
-265,1580,-1411,64,-189,-120
-272,1573,-1415,91,-84,-39
-272,1570,-1421,62,-131,-20
-262,1570,-1414,71,-110,47
-265,1577,-1404,-55,-68,18
-258,1582,-1391,-37,45,-8
-251,1585,-1381,-23,71,-33
-249,1584,-1383,18,145,-111
-240,1582,-1382,-21,231,-120
-232,1582,-1386,-6,300,-89
-242,1581,-1384,49,255,-140
-239,1579,-1390,81,362,-140
-244,1578,-1389,132,279,-115
-245,1579,-1391,138,507,-139
-245,1582,-1389,62,183,-110
-242,1584,-1386,147,283,-161
-244,1582,-1393,97,380,-153
-245,1582,-1390,200,247,-151
-245,1585,-1393,134,322,-146
-255,1583,-1400,128,417,-198
-256,1578,-1400,211,186,-168
-254,1582,-1397,144,239,-110
-253,1585,-1397,117,261,-127
-256,1583,-1399,135,249,-124
-253,1577,-1398,281,171,-165
-242,1576,-1405,194,332,-117
-245,1581,-1393,121,404,-156
-249,1582,-1389,219,319,-126
-249,1579,-1389,227,340,-165
-239,1578,-1387,216,331,-146
-241,1582,-1386,193,355,-141
-244,1586,-1385,107,554,-184
-244,1585,-1378,116,369,-254
-230,1584,-1367,47,515,-128
-238,1589,-1370,77,776,-171
-247,1587,-1374,150,436,-193
-242,1585,-1386,130,634,-158
-256,1584,-1389,126,435,-198
-254,1578,-1394,198,697,-134
-253,1578,-1393,557,1086,-19
-261,1577,-1406,513,999,-28
-258,1571,-1420,460,665,-147
-247,1575,-1419,255,769,-89
-249,1576,-1408,298,784,-86
-245,1577,-1395,415,971,-94
-244,1578,-1391,318,1056,-54
-238,1575,-1396,523,1282,10
-242,1576,-1399,357,825,-84
-231,1581,-1394,342,668,-63
-228,1587,-1393,303,451,-75
-225,1586,-1399,154,256,-89
-223,1582,-1397,175,380,-148
-220,1583,-1397,123,500,-31
-232,1582,-1398,132,242,-73
-234,1580,-1398,110,8,-61
-229,1580,-1402,74,-173,-47
-226,1580,-1407,20,-139,-76
-220,1578,-1412,-10,-235,-90
-222,1578,-1415,77,-255,-55
-230,1575,-1420,113,-313,-110
-235,1572,-1419,78,-369,-96
-237,1572,-1423,144,-487,-75
-243,1575,-1418,127,-589,-107
-235,1576,-1407,99,-635,-97
-230,1585,-1393,-83,-446,-68
-227,1583,-1385,-21,-446,-122
-222,1581,-1383,116,29,-125
-227,1573,-1389,217,-21,-210
-222,1570,-1388,231,322,-202
-231,1575,-1388,204,251,-186
-242,1574,-1396,241,366,-176
-261,1573,-1384,251,114,-282
-253,1583,-1383,152,488,-143
-264,1587,-1381,37,287,-62
-267,1581,-1392,142,75,-116
-258,1574,-1407,153,164,-89
-251,1571,-1418,176,343,-52
-252,1569,-1422,206,465,-77
-251,1571,-1422,73,268,-77
-249,1577,-1410,122,361,-52
-251,1578,-1407,177,711,-142
-246,1573,-1402,411,409,-137
-237,1572,-1402,384,976,-130
-238,1574,-1390,277,814,-65
-234,1584,-1378,196,1092,-83
-234,1587,-1376,197,773,-101
-242,1583,-1393,207,323,-228
-234,1578,-1408,321,479,-224
-232,1576,-1408,237,658,-157
-238,1577,-1403,169,841,-198
-242,1572,-1402,203,383,-99
-245,1577,-1401,192,516,-74
-251,1570,-1405,335,133,-138
-238,1572,-1406,282,566,-157
-228,1573,-1400,170,591,-102
-230,1577,-1395,24,665,-119
-233,1587,-1386,-24,572,0
-253,1581,-1396,21,175,-128
-250,1572,-1402,84,133,-171
-232,1576,-1402,25,222,-26
-232,1582,-1396,26,282,-20
-240,1582,-1403,72,137,-61
-242,1574,-1407,196,-42,-103
-231,1571,-1413,18,48,-62
-226,1575,-1412,-26,44,8
-231,1577,-1411,-77,96,-43
-236,1577,-1414,-35,-187,-35
-241,1574,-1413,76,-341,-4
-240,1573,-1411,98,-302,-100
-228,1578,-1410,15,-122,-62
-227,1582,-1401,-80,-86,-62
-238,1584,-1398,-4,-164,-155
-244,1579,-1402,14,-277,-103
-250,1573,-1407,126,-105,-157
-240,1568,-1408,418,-146,-152
-224,1572,-1404,385,498,-132
-225,1577,-1399,317,790,-151
-236,1575,-1400,328,679,-192
-237,1576,-1395,272,333,-216
-230,1577,-1392,411,419,-183
-239,1585,-1398,214,805,-245
-252,1580,-1391,263,449,-237
-248,1578,-1394,322,321,-133
-251,1580,-1396,255,683,-105
-261,1583,-1389,286,333,-145
-255,1583,-1385,242,347,-178
-242,1582,-1394,326,649,-108
-241,1573,-1408,350,1275,-38
-257,1564,-1407,489,1617,-144
-261,1561,-1418,531,2120,-147
-265,1563,-1423,236,1674,-34
-252,1567,-1405,94,1043,-74
-225,1575,-1388,-110,1132,18
-207,1586,-1366,-384,1836,58
-207,1597,-1353,-528,1898,-44
-210,1600,-1349,-524,972,-58
-202,1594,-1370,-381,872,-6
-206,1588,-1405,302,354,-144
-194,1558,-1451,580,321,-392
-174,1574,-1425,435,582,-316
-179,1594,-1397,216,546,-103
-207,1594,-1394,188,79,-23
-228,1575,-1409,378,-509,4
-242,1565,-1431,461,-986,3
-236,1563,-1440,417,-788,-54
-216,1570,-1434,285,-332,-37
-211,1575,-1424,373,-196,-44
-215,1570,-1419,676,-405,-150
-217,1567,-1417,631,-279,-45
-231,1564,-1413,509,-40,-55
-232,1570,-1406,240,5,27
-230,1579,-1391,185,-339,62
-214,1582,-1395,120,-389,19
-200,1576,-1391,293,-450,-129
-179,1572,-1400,302,-56,-140
-180,1572,-1392,263,-140,-181
-188,1577,-1372,396,-20,-201
-208,1584,-1374,229,-233,-216
-224,1575,-1380,287,-785,-305
-215,1566,-1391,271,-711,-239
-208,1565,-1409,56,6,-254
-219,1562,-1415,120,-26,-239
-234,1560,-1424,56,-230,-321
-246,1565,-1415,102,-167,-344
-250,1570,-1407,166,-37,-246
-256,1567,-1405,204,-378,-288
-248,1567,-1399,125,-446,-258
-245,1573,-1384,216,-186,-196
-261,1572,-1390,143,-446,-255
-258,1563,-1400,294,-427,-330
-257,1565,-1398,152,-129,-319
-261,1566,-1390,260,-54,-376
-247,1569,-1385,186,73,-212
-267,1577,-1379,94,-272,-254
-279,1573,-1385,109,-466,-260
-289,1563,-1389,221,-869,-260
-277,1556,-1401,212,-826,-247
-268,1565,-1401,171,-424,-150
-275,1565,-1394,285,-169,-194
-286,1563,-1395,191,-499,-190
-299,1565,-1391,233,-630,-206
-309,1563,-1397,316,-685,-272
-294,1562,-1404,306,-898,-202
-282,1562,-1410,261,-452,-115
-297,1558,-1421,261,-429,-201
-313,1558,-1423,207,-401,-214
-326,1566,-1430,186,-557,-169
-337,1562,-1442,253,-598,-189
-333,1549,-1462,273,-519,-131
-344,1542,-1475,324,-439,-158
-356,1543,-1476,418,-456,-162
-357,1547,-1466,375,-423,-89
-349,1548,-1455,373,-402,-47
-342,1550,-1446,245,-44,-61
-343,1546,-1434,355,-5,-43
-350,1543,-1438,424,294,-6
-368,1546,-1441,373,406,112
-390,1552,-1430,437,64,153
-387,1558,-1423,410,-314,197
-347,1556,-1410,595,121,271
-305,1556,-1414,331,711,329
-297,1541,-1413,367,527,284
-312,1543,-1436,258,767,292
-342,1551,-1426,401,352,221
-350,1559,-1427,422,422,94
-328,1562,-1414,273,208,61
-286,1561,-1393,112,266,54
-266,1566,-1381,67,663,66
-263,1554,-1391,198,642,-37
-264,1549,-1403,242,507,-168
-259,1544,-1416,246,640,-231
-268,1544,-1416,235,668,-297
-285,1552,-1414,86,927,-274
-305,1552,-1413,115,396,-276
-303,1550,-1411,149,341,-264
-303,1554,-1405,33,149,-366
-290,1553,-1404,32,234,-318
-284,1548,-1413,-3,550,-431
-284,1545,-1415,5,562,-423
-299,1548,-1415,-17,541,-468
-313,1549,-1416,7,271,-445
-316,1550,-1415,-21,583,-380
-333,1551,-1424,49,374,-381
-343,1550,-1428,37,230,-367
-341,1546,-1432,28,250,-364
-329,1546,-1419,-55,591,-252
-324,1550,-1414,-143,734,-167
-329,1554,-1406,-87,784,-185
-343,1559,-1423,91,414,-220
-351,1549,-1450,198,314,-388
-340,1547,-1443,124,532,-250
-344,1561,-1418,66,472,-188
-341,1560,-1408,19,550,-124
-344,1556,-1403,49,200,-101
-340,1550,-1417,122,148,-81
-332,1550,-1418,137,202,-85
-325,1556,-1409,131,184,-72
-321,1561,-1403,140,77,-83
-316,1559,-1400,174,177,-65
-319,1558,-1393,196,83,-96
-318,1556,-1395,200,64,-33
-319,1551,-1406,269,86,-92
-312,1545,-1413,291,-19,-60
-308,1553,-1412,201,430,-57
-322,1556,-1408,270,247,-68
-324,1553,-1410,209,179,-14
-328,1553,-1416,215,324,-33
-326,1549,-1418,216,141,-105
-321,1554,-1406,177,311,-51
-320,1558,-1410,136,389,-74
-317,1553,-1411,183,378,-89
-314,1552,-1413,210,312,-88
-319,1556,-1412,186,425,-119
-325,1557,-1413,140,237,-90
-329,1554,-1417,228,183,-92
-326,1550,-1420,239,230,-113
-320,1553,-1417,222,153,-100
-323,1555,-1412,215,92,-94
-322,1553,-1417,222,267,-101
-326,1547,-1419,329,201,-167
-324,1547,-1422,359,265,-110
-321,1553,-1415,301,381,-11
-339,1556,-1417,251,119,-103
-334,1554,-1418,254,-9,-74
-328,1547,-1421,254,21,-65
-327,1551,-1427,213,299,-25
-331,1549,-1429,255,171,-88
-332,1543,-1440,363,-108,-52
-333,1541,-1440,355,-103,-59
-324,1541,-1435,291,-12,-32
-315,1542,-1424,280,468,-61
-311,1545,-1419,207,380,15
-319,1546,-1412,261,151,-50
-318,1546,-1415,223,249,-72
-319,1546,-1415,193,298,-68
-317,1545,-1413,226,342,-114
-317,1547,-1411,158,347,-136
-314,1550,-1408,125,366,-66
-319,1549,-1413,177,236,-82
-319,1546,-1423,193,176,-97
-315,1540,-1432,127,293,-96
-315,1543,-1424,129,195,-82
-321,1546,-1422,160,469,-103
-326,1544,-1426,262,127,-99
-319,1541,-1426,263,125,-159
-315,1546,-1430,100,229,-95
-318,1549,-1424,75,300,-122
-321,1547,-1426,147,525,-141
-329,1540,-1432,168,167,-142
-328,1541,-1426,147,142,-145
-324,1545,-1420,103,236,-77
-317,1547,-1422,99,343,-98
-320,1546,-1427,149,411,-182
-317,1544,-1427,96,245,-126
-330,1545,-1422,158,328,-120
-331,1545,-1415,95,264,-139
-323,1545,-1420,90,381,-127
-324,1546,-1416,187,251,-138
-324,1546,-1418,119,435,-125
-330,1546,-1417,27,407,-165
-331,1545,-1420,125,439,-140
-332,1547,-1427,116,246,-73
-339,1550,-1422,149,190,-150
-329,1543,-1424,121,417,-55
-333,1545,-1431,118,359,-45
-340,1538,-1438,239,153,-104
-331,1539,-1438,246,255,-60
-327,1546,-1422,182,371,14
-326,1547,-1425,411,577,38
-324,1537,-1427,556,703,36
-292,1527,-1418,1021,1325,38
-190,1505,-1393,1486,2761,578
-126,1496,-1415,1901,5194,628
-188,1509,-1460,2419,5747,-429
-265,1516,-1387,3277,3302,-1919
-214,1541,-1276,3940,1272,-2614
52,1644,-1127,3501,2355,-1764
206,1847,-970,2011,3744,-1253
7,2070,-823,909,-185,-1608
-190,2296,-701,-232,-7558,-2044
-16,2535,-682,-2774,-10218,-1863
307,2769,-682,-4958,-5843,-1717
552,3050,-566,-7603,-313,-2441
640,3377,-253,-12783,3460,-2078
821,3834,384,-23697,10917,723
1199,3813,742,-32768,10734,4181
1277,3639,803,-32768,18081,5941
807,3706,25,-32768,22481,9262
176,4300,-1147,-32768,30105,10690
-236,4834,-1713,-32768,31409,4329
-472,5183,-1707,-32768,14751,4003
-393,5659,-1544,-32768,-5513,11255
81,5804,-1284,-32768,13744,12085
-219,5416,-854,-32768,1774,8394
-83,4794,-987,-32768,3487,5242
97,4394,-831,-32768,2284,2172
279,4122,-410,-32768,3738,647
500,3757,-500,-32768,6578,221
730,3430,-815,-32768,9737,-3700
841,2973,-985,-32768,23033,-7587
173,1873,-930,-32768,15040,-4955
-153,1059,-725,-32768,11142,-2495
-217,642,-563,-32768,7379,-1289
-349,473,-537,-32768,4046,487
-404,236,-456,-31205,5057,2985
-512,42,-470,-27364,1560,3984
-571,-216,-565,-21955,-1411,3381
-552,-517,-648,-16657,-1274,2112
-557,-883,-716,-9941,-1908,1078
-546,-1179,-720,-2306,-2923,1089
-537,-1315,-606,4426,-2225,1657
-550,-1369,-506,11535,-3255,2129
-553,-1332,-401,18400,-3536,2506
-549,-1270,-353,24078,-4874,2479
-525,-1122,-284,29256,-7900,2066
-434,-834,-141,32767,-9584,1849
-352,-529,-22,32767,-10421,1596
-234,-200,27,32767,-10564,712
-51,165,5,32767,-12298,-813
158,565,-74,32767,-12884,-2536
338,1051,-222,32767,-10883,-3479
469,1621,-405,32767,-4529,-3898
468,2214,-286,32767,3318,-3809
335,2633,-100,32767,-838,-4469
178,2911,-35,32767,-3259,-4551
52,3193,-128,32767,-1536,-4476
-113,3711,43,32767,-2878,-3277
-286,3998,-24,32767,-16788,-1820
-322,4437,-34,32767,-17042,-1189
-173,4292,-135,32767,-23215,-5440
81,4187,-466,32767,-18863,-11192
376,4242,-292,32767,-13405,-12501
410,4087,-62,31560,-11214,-10370
169,3619,-326,29882,-14528,-8399
-11,3388,-666,25018,-17473,-7706
89,3204,-875,22349,-20858,-8408
369,3029,-782,20580,-15023,-6658
743,2815,-745,19434,-9110,-3802
966,2554,-692,19069,9782,-1101
664,2402,-545,14741,10638,589
210,2508,1,7812,13103,1613
-337,2826,416,2923,3484,1272
-946,2607,-265,4438,-14037,-702
-944,2402,-721,2921,-17027,-2064
-15,2412,-924,3359,-4847,-996
778,2239,-1132,1438,11133,3164
568,1863,-1298,3151,10669,3613
176,1660,-1451,4205,5676,3288
-183,1553,-1535,4674,2638,3136
-516,1513,-1606,5088,-3706,1101
-571,1492,-1533,4873,-5381,158
-378,1433,-1436,3903,-5376,1240
-190,1495,-1319,2585,-3162,2644
-97,1584,-1274,2231,-2163,2858
-88,2416,-1183,3024,2843,4288
-234,3034,-862,-1608,1997,-1944
326,2225,-761,-2727,3140,-2424
621,2006,-951,-4935,9828,2013
116,1733,-1349,-3835,4811,1471
-330,1323,-1643,-718,1147,-1209
-382,1212,-1726,1406,285,-852
-405,1398,-1624,754,382,1469
-445,1519,-1493,672,-2120,918
-272,1559,-1420,481,-2468,162
-18,1593,-1391,-30,926,-306
6,1580,-1395,249,2322,-901
-99,1527,-1401,518,1720,-1112
-199,1511,-1429,658,1264,-551
-286,1502,-1487,725,851,-93
-336,1476,-1541,877,330,-234
-341,1487,-1562,651,123,-322
-326,1512,-1548,386,-298,-448
-297,1537,-1522,256,-599,-262
-295,1532,-1510,122,-1286,-465
-255,1508,-1519,302,-635,-319
-252,1500,-1558,327,-586,-35
-277,1473,-1559,566,-1229,-283
-251,1501,-1537,177,-665,193
-294,1530,-1522,-119,-1380,85
-319,1517,-1551,-374,-2217,-266
-293,1485,-1530,-170,-2714,-349
-234,1492,-1512,-141,-1158,93
-252,1511,-1493,-68,-1665,114
-277,1518,-1486,-4,-1892,-195
-264,1503,-1481,-55,-1575,-239
-232,1481,-1489,241,-292,-3
-235,1473,-1492,246,600,7
-281,1487,-1485,178,321,-149
-315,1509,-1458,134,-152,-239
-298,1513,-1441,149,117,-227
-277,1508,-1446,288,544,-268
-272,1506,-1453,409,750,-360
-269,1495,-1472,714,1515,-297
-288,1492,-1474,515,1829,-317
-309,1500,-1471,301,1827,-436
-289,1505,-1440,300,1593,-305
-261,1523,-1418,189,1646,-85
-267,1530,-1427,106,1252,-280
-268,1527,-1439,139,1024,-203
-281,1512,-1454,260,970,-287
-280,1517,-1453,28,1217,-375
-279,1523,-1440,-130,889,-274
-288,1528,-1437,-203,537,-185
-285,1508,-1453,8,366,-202
-274,1500,-1475,125,565,-260
-280,1507,-1488,193,364,-310
-279,1506,-1494,232,479,-219
-287,1510,-1489,148,473,-163
-314,1516,-1481,164,87,-182
-315,1514,-1501,78,-156,-77
-326,1498,-1533,363,-652,-235
-326,1479,-1553,522,-934,-416
-311,1482,-1543,536,-652,-275
-289,1495,-1513,287,-50,20
-293,1504,-1484,161,-57,179
-308,1510,-1474,242,-316,-14
-293,1497,-1493,285,-317,-14
-271,1485,-1503,428,-137,-149
-256,1498,-1497,359,777,-59
-281,1506,-1483,368,303,-139
-277,1504,-1464,304,482,-165
-270,1514,-1445,69,402,-47
-276,1521,-1431,-32,462,-100
-272,1516,-1448,-72,161,36
-286,1507,-1478,-38,121,-142
-302,1493,-1508,333,1,-202
-310,1482,-1508,451,-72,-220
-290,1497,-1481,207,285,-50
-290,1512,-1465,95,173,-41
-286,1502,-1464,284,287,-103
-288,1493,-1483,291,139,-172
-289,1493,-1495,239,311,-87
-294,1494,-1495,261,378,-70
-301,1499,-1486,297,316,-93
-308,1506,-1477,196,71,-167
-295,1504,-1477,141,247,-93
-285,1499,-1477,188,332,-137
-277,1496,-1484,144,469,-169
-285,1494,-1487,268,655,-186
-289,1491,-1488,227,496,-168
-296,1498,-1482,192,462,-173
-300,1503,-1482,183,430,-140
-296,1504,-1476,92,385,-102
-301,1507,-1475,-80,262,-147
-299,1497,-1485,131,-11,-43
-303,1487,-1500,267,394,-117
-304,1481,-1510,253,414,-136
-306,1492,-1495,242,221,-73
-305,1510,-1474,72,197,-46
-296,1509,-1468,24,-26,-27
-289,1502,-1480,36,259,-94
-287,1490,-1498,253,561,-130
-301,1484,-1507,373,168,-210
-305,1495,-1499,207,487,-138
-313,1502,-1485,151,49,-135
-307,1503,-1478,185,-25,-93
-291,1498,-1476,166,238,-64
-289,1495,-1481,185,234,-65
-299,1499,-1494,138,250,-103
-309,1493,-1495,312,22,-147
-310,1499,-1493,189,87,-84
-322,1499,-1488,123,-29,-86
-315,1495,-1480,196,-436,-142
-293,1498,-1476,130,-324,-31
-295,1504,-1481,81,-187,-67
-308,1501,-1489,3,-282,-188
-306,1493,-1495,190,-344,-125
-310,1491,-1496,205,-235,-85
-312,1493,-1499,174,-342,-65
-315,1495,-1489,209,-427,-166
-304,1499,-1474,151,-93,-61
-308,1503,-1476,35,-202,-15
-315,1500,-1474,65,-287,-116
-310,1495,-1481,116,-30,-120
-310,1495,-1479,194,-70,-127
-314,1498,-1481,178,-195,-113
-323,1498,-1476,149,-279,-226
-312,1504,-1468,53,-56,-76
-311,1504,-1464,6,-13,-31
-320,1498,-1471,131,-21,-96
-317,1489,-1486,153,-22,-95
-320,1493,-1482,139,227,-94
-334,1494,-1479,162,-109,-136
-320,1496,-1480,208,-5,-207
-312,1496,-1477,150,409,-130
-317,1491,-1483,190,452,-128
-324,1488,-1493,330,486,-213
-331,1493,-1495,182,722,-152
-351,1496,-1489,180,284,-172
-346,1497,-1484,118,329,-208
-338,1496,-1480,105,434,-89
-332,1493,-1484,95,303,-135
-326,1491,-1490,129,454,-117
-326,1491,-1487,263,830,-161
-331,1498,-1483,169,660,-174
-324,1502,-1465,110,362,-105
-321,1508,-1460,10,366,-87
-322,1507,-1459,-144,529,-152
-325,1503,-1462,-101,396,-139
-327,1497,-1472,-27,344,-93
-336,1493,-1480,157,355,-158
-336,1493,-1481,106,294,-109
-341,1502,-1474,99,114,-133
-343,1506,-1479,72,213,-230
-330,1500,-1480,72,201,-101
-330,1500,-1480,48,455,-116
-343,1497,-1489,157,224,-164
-341,1491,-1496,159,71,-144
-344,1496,-1489,91,388,-90
-346,1498,-1479,158,198,-100
-338,1499,-1474,19,338,-34
-345,1502,-1468,80,37,-122
-335,1501,-1471,189,204,-129
-331,1505,-1473,130,433,-77
-333,1503,-1471,195,221,-127
-329,1500,-1471,147,275,-18
-338,1498,-1473,256,330,-46
-343,1495,-1474,315,142,-132
-332,1498,-1479,218,485,-31
-336,1504,-1477,202,90,-85
-332,1505,-1472,144,259,-26
-332,1499,-1469,193,446,-66
-323,1492,-1473,299,439,-51
-319,1494,-1463,334,499,-21
-309,1494,-1457,572,694,34
-251,1485,-1460,1049,1117,411
-177,1470,-1470,1388,2731,988
-190,1474,-1471,1626,3488,951
-303,1495,-1472,2000,1190,42
-288,1496,-1400,2516,-1327,-573
-108,1497,-1314,2640,-317,-192
4,1536,-1247,2651,599,-240
-28,1607,-1199,2551,380,-874
-153,1685,-1215,2447,-2435,-1679
-169,1798,-1214,2322,-3616,-1687
-84,1972,-1143,1635,-3355,-1680
6,2176,-987,265,-4247,-2288
124,2388,-796,-1785,-5215,-2686
251,2655,-691,-5072,-4536,-2430
318,2948,-517,-8558,-718,-1942
364,3275,-193,-13572,2286,-1378
788,3498,212,-19318,5969,3085
1371,3492,266,-28259,12583,7492
1237,3594,358,-32768,22789,6050
516,3693,-57,-32768,21877,6495
67,4092,-804,-32768,15105,11860
347,4681,-1305,-32768,26568,11572
732,5189,-1402,-32768,32767,8110
535,6152,-1530,-32768,28825,2072
80,6676,-1692,-32768,20006,2652
-866,6631,-1076,-32768,1291,2997
-1200,6194,-865,-32768,-12175,7637
-354,5708,-791,-32768,-7303,8437
416,5177,-768,-32768,4945,3312
930,4708,-952,-32768,8591,-1815
1440,4435,-1396,-32768,22812,-10100
1160,3795,-1978,-32768,32767,-14961
-82,2270,-1889,-32768,15421,-10655
-485,1118,-1536,-32768,2481,-6283
-483,879,-1319,-32768,1880,-4950
-476,663,-1373,-32768,-2798,-2420
-475,508,-1483,-32768,-4082,886
-521,119,-1503,-28199,-8241,4211
-364,-482,-1560,-19591,-6252,4963
-222,-992,-1623,-11284,-4108,4138
-254,-1445,-1564,-1914,-2283,2708
-359,-1713,-1405,7082,-4055,2020
-403,-1738,-1156,15534,-5634,2578
-279,-1579,-844,22672,-4760,4084
-150,-1330,-545,28300,-1115,6985
-115,-1033,-317,32339,-618,8765
-130,-702,-89,32767,-4708,8310
-123,-351,83,32767,-10151,5615
3,33,295,32767,-8292,3762
146,381,378,32767,-7399,3296
277,742,375,32767,-4161,3573
281,1051,228,32767,-7074,1140
159,1340,54,32767,-6762,-887
132,1691,161,32767,-4208,-524
154,1976,187,32767,-3806,-542
169,2159,106,32767,-4214,-2247
100,2354,-118,32767,-4233,-3787
46,2720,-281,32767,-4306,-3669
66,3525,-131,32767,-5547,-1590
-80,4085,-172,32767,-13803,-212
-147,4297,-238,32767,-15885,487
-93,4219,-369,32767,-19391,-1357
55,4298,-372,32767,-16514,-6424
401,4235,-495,32767,-18488,-10386
556,4536,-591,32767,-10251,-6951
272,4115,-374,31633,-13067,-4779
-223,3466,-445,27926,-19629,-6830
-616,3313,-575,22048,-20546,-10721
-574,3415,-571,17664,-20930,-12484
-333,3161,-521,13160,-19403,-8614
156,2639,-612,17089,-17571,-3785
708,2234,-969,11431,-10107,-1454
1373,1775,-1133,15196,661,2690
1859,1549,-1130,10297,20329,7688
1273,1805,-623,8444,30586,8072
-306,2134,-908,10783,18510,2264
-1591,2402,-1203,7131,-6994,-5653
-1261,2334,-1146,8902,-17143,-3639
31,1992,-1259,5713,-1705,1587
656,2261,-1203,3136,18147,6264
-53,2254,-1202,4142,8783,3408
-702,2211,-1419,3609,-3512,-311
-503,2106,-1475,1804,-3155,1810
-159,1944,-1506,-79,227,3489
-94,1863,-1445,-1403,-150,3621
-81,1750,-1438,-1988,-1197,3358
-46,1631,-1432,-2198,-1469,3182
-43,1597,-1481,-973,-2389,3142
-138,1847,-1422,-1973,2216,1332
-131,1836,-1362,-1234,-360,-1087
164,1719,-1385,-864,1380,324
287,1633,-1497,-965,3885,1206
74,1486,-1578,-570,3176,-606
-119,1390,-1588,-212,1592,-1393
-198,1361,-1565,63,-28,-157
-262,1413,-1521,-287,-1738,798
-278,1437,-1524,32,-3797,361
-207,1460,-1590,165,-3841,-262
-123,1443,-1654,468,-3796,-923
-53,1441,-1609,229,-2099,-675
-94,1461,-1554,-225,-1240,-178
-169,1461,-1516,-577,-1409,-261
-164,1437,-1492,-295,-487,73
-176,1397,-1508,-10,-306,98
-201,1383,-1532,419,-568,-514
-181,1403,-1565,338,-127,-631
-195,1451,-1565,123,889,-469
-292,1473,-1563,-10,122,-664
-333,1451,-1550,59,-1452,-761
-262,1435,-1539,-93,-309,-255
-207,1420,-1552,-101,316,183
-229,1415,-1582,-223,553,-9
-267,1406,-1611,139,94,-176
-273,1397,-1633,396,-128,-172
-253,1403,-1624,226,229,-57
-241,1423,-1585,285,985,119
-258,1447,-1562,257,123,-198
-234,1455,-1543,48,486,-364
-213,1447,-1542,159,436,-266
-191,1429,-1554,388,778,-194
-202,1422,-1560,171,1741,-154
-245,1423,-1549,164,978,-256
-257,1430,-1550,-106,711,-137
-258,1443,-1546,-105,577,4
-257,1445,-1554,-36,222,-184
-233,1444,-1563,-76,230,-164
-227,1453,-1569,-152,145,-103
-248,1455,-1573,24,99,-289
-259,1444,-1584,58,-295,-422
-238,1431,-1576,250,19,-166
-240,1430,-1576,145,356,-130
-245,1431,-1569,219,128,-236
-242,1437,-1568,63,395,-133
-254,1442,-1559,197,258,-151
-258,1440,-1557,103,225,-227
-251,1444,-1546,-30,321,-196
-252,1451,-1540,-98,150,-162
-251,1455,-1537,-106,370,-160
-250,1444,-1556,127,-56,-167
-257,1426,-1582,253,17,-222
-258,1424,-1591,349,225,-159
-269,1439,-1572,273,283,-81
-265,1446,-1560,145,167,-8
-267,1442,-1563,186,-96,-36
-252,1429,-1562,297,101,-136
-230,1430,-1560,298,315,-23
-234,1442,-1549,124,341,-24
-248,1451,-1543,-19,274,-37
-254,1448,-1538,174,102,-86
-244,1444,-1538,161,23,-107
-231,1450,-1529,2,249,-100
-229,1454,-1521,-204,331,-91
-231,1444,-1533,34,362,-221
-239,1428,-1565,299,402,-221
-249,1423,-1586,402,594,-250
-260,1431,-1588,360,560,-228
-267,1445,-1567,267,325,-164
-262,1455,-1546,46,160,-89
-255,1457,-1534,-78,-96,-72
-248,1451,-1544,-118,156,-48
-262,1439,-1574,95,-194,-127
-275,1427,-1595,170,-443,-220
-268,1429,-1590,243,-168,-227
-256,1443,-1568,132,135,-59
-258,1453,-1544,55,-146,-133
-245,1457,-1530,-118,-242,-75
-240,1453,-1529,-60,82,-116
-253,1442,-1549,73,-63,-181
-254,1431,-1567,99,52,-155
-262,1432,-1567,130,45,-119
-276,1448,-1547,58,-209,-176
-277,1458,-1534,28,-471,-105
-272,1457,-1528,36,-563,-145
-268,1449,-1542,-150,-226,-165
-277,1440,-1554,-113,-75,-155
-291,1432,-1565,114,-200,-206
-281,1435,-1561,84,56,-120
-285,1445,-1550,55,-57,-90
-274,1451,-1543,77,399,-134
-265,1452,-1537,91,-13,-85
-273,1457,-1540,52,295,-138
-291,1445,-1553,129,-113,-137
-283,1443,-1555,121,52,-127
-288,1450,-1546,155,29,-98
-283,1450,-1539,171,157,-73
-278,1447,-1544,107,335,-121
-278,1444,-1551,227,316,-117
-282,1447,-1557,199,454,-122
-290,1447,-1555,207,275,-67
-295,1444,-1560,254,126,-97
-290,1445,-1558,272,591,-73
-290,1442,-1549,291,154,-114
-275,1443,-1540,245,361,-71
-270,1446,-1538,265,566,11
-265,1448,-1531,322,560,57
-266,1450,-1530,167,627,53
-271,1455,-1532,71,850,61
-279,1450,-1541,171,746,58
-288,1442,-1548,318,518,-77
-276,1442,-1551,277,1144,-18
-275,1446,-1542,324,980,-64
-266,1451,-1525,219,848,-92
-262,1464,-1516,-75,638,-39
-262,1465,-1515,-111,835,-112
-264,1460,-1526,-49,720,-162
-273,1456,-1547,-17,441,-199
-281,1455,-1551,65,148,-224
-281,1459,-1553,-17,336,-213
-278,1452,-1555,-5,198,-193
-274,1445,-1553,-9,-45,-159
-270,1451,-1551,-79,148,-105
-296,1453,-1557,74,-478,-192
-300,1453,-1560,109,-733,-283
-291,1451,-1568,178,-616,-239
-279,1445,-1568,158,-586,-225
-263,1439,-1564,192,28,-155
-261,1430,-1569,246,114,-38
-262,1435,-1562,333,531,-24
-281,1440,-1554,608,717,-68
-281,1441,-1560,489,1031,-45
-274,1445,-1549,343,1236,76
-281,1447,-1541,448,850,61
-271,1450,-1529,428,792,63
-260,1456,-1523,252,923,121
-269,1460,-1509,144,469,41
-259,1458,-1508,214,391,21
-245,1460,-1507,127,653,56
-252,1456,-1518,208,503,-15
-245,1450,-1515,225,197,-80
-240,1459,-1514,48,663,-9
-258,1460,-1507,118,120,-66
-258,1456,-1519,53,367,-88
-261,1452,-1535,31,5,-40
-276,1450,-1552,102,-234,-191
-272,1448,-1568,85,-416,-233
-270,1446,-1567,28,-404,-220
-260,1447,-1549,-3,-527,-80
-256,1454,-1544,-2,-72,7
-276,1449,-1558,133,-602,-41
-295,1440,-1577,112,-796,-224
-286,1438,-1572,158,-854,-164
-275,1449,-1571,153,-525,53
-295,1450,-1571,292,-458,-74
-272,1449,-1569,406,-879,46
-205,1467,-1556,602,542,713
-170,1451,-1567,654,1894,778
-189,1430,-1581,972,1926,554
-298,1456,-1578,1262,281,87
-359,1512,-1531,1312,-1479,-200
-286,1524,-1473,1427,-2013,-44
-189,1563,-1409,1362,-1803,-208
-99,1613,-1348,1459,-1257,-559
-41,1653,-1293,1852,-1563,-1192
21,1658,-1265,2388,-2099,-1820
81,1703,-1248,2322,-1867,-1812
22,1794,-1210,2093,-3111,-1891
-63,1972,-1110,1099,-5036,-1992
-118,2185,-978,-744,-6981,-2420
-59,2429,-835,-3596,-6689,-2736
106,2661,-629,-6541,-4309,-2400
269,2851,-380,-9653,-762,-1856
564,3120,-83,-15911,3816,-150
1182,3249,105,-22274,8795,4640
1527,3404,338,-32768,24113,7512
878,3512,236,-32768,27689,7520
114,3790,-521,-32768,16568,9836
25,4377,-1291,-32768,21856,10990
271,4966,-1645,-32768,32767,6605
139,5612,-1804,-32768,27905,3393
-2,6327,-1738,-32768,7584,7871
88,6434,-1595,-32768,19117,6572
-639,6017,-1075,-32768,-3921,3830
-448,5387,-992,-32768,115,4556
-118,4849,-847,-32768,-139,4285
221,4177,-728,-32768,468,1494
626,3752,-884,-32768,7674,-1537
836,3596,-1052,-32768,19676,-7808
632,3188,-1339,-32768,25141,-12949
8,2142,-1335,-32768,11191,-12007
-311,945,-1208,-32768,5829,-6913
-203,614,-863,-32768,6528,-5608
-229,469,-690,-32768,2936,-4922
-303,321,-724,-32768,421,-2616
-305,52,-791,-30183,-1624,-834
-356,-213,-881,-24474,-4105,-16
-302,-566,-970,-17316,-5522,1314
-191,-931,-988,-9740,-2931,1155
-211,-1226,-1036,-2791,-4063,755
-238,-1511,-951,5409,-4310,1420
-309,-1661,-776,13392,-4807,2720
-300,-1614,-637,20199,-4793,4190
-226,-1489,-457,26345,-4230,5653
-150,-1278,-333,31772,-2126,6385
-110,-963,-199,32767,-3131,5397
-97,-575,-38,32767,-7102,3216
-79,-203,87,32767,-6522,1804
-100,197,139,32767,-8323,1851
-55,591,100,32767,-9325,1594
91,1035,55,32767,-8651,-373
145,1511,-83,32767,-6410,-1996
173,1876,-128,32767,-4399,-2248
211,2257,-56,32767,-4010,-908
252,2547,-77,32767,-1894,-1509
293,2793,-304,32767,-4005,-2167
278,3243,-247,32767,2967,-2436
136,3750,-341,32767,-190,-3755
-129,4053,-415,32767,-2620,-3438
-404,4169,-330,32767,-7047,-1849
-583,4352,-217,32767,-22960,2126
-525,4261,-106,32767,-21912,669
-282,3992,-744,32767,-32768,-6717
214,4189,-1184,32767,-22976,-13297
698,4367,-815,27587,-6096,-13352
470,3869,-607,26306,-1687,-7731
-89,3433,-561,25303,-4172,-6538
-548,3189,-884,20357,-25296,-8487
-523,2978,-1129,18374,-31465,-9715
71,2710,-1117,16628,-25766,-6471
1032,2368,-898,14640,-1345,-1344
1717,2213,-444,6715,16789,2440
1387,1950,-355,8210,13505,3442
233,1835,-604,6328,16036,1101
-758,2128,-731,3663,-2635,-767
-989,2254,-998,3909,-10008,-1444
-593,2311,-1309,4667,-6524,-1031
179,2263,-1346,5599,4425,1455
450,2216,-1359,4070,16289,3422
-54,2181,-1394,1482,13238,3000
-534,2104,-1518,90,6645,1084
-600,1900,-1608,-722,1575,1099
-359,1698,-1646,-935,2032,2201
-260,1541,-1667,-1309,2298,3150
-333,1436,-1696,-1343,-177,3172
-376,1341,-1704,-976,-2240,2685
-330,1277,-1674,-737,-3232,2717
-293,1275,-1638,-141,-4199,2672
-259,1403,-1590,1113,-5079,2454
-248,1767,-1416,98,-1384,765
-171,1911,-1316,-551,-197,-941
36,1841,-1288,-922,-341,536
136,1746,-1371,-1848,186,1858
-1,1538,-1502,-1108,132,356
-143,1398,-1603,-927,1366,-616
-275,1323,-1617,-352,-160,-266
-376,1345,-1564,-516,-1850,620
-381,1411,-1495,-1045,-2568,684
-283,1455,-1460,-1016,-1941,195
-172,1467,-1504,-654,-432,-319
-189,1452,-1574,-365,-309,-629
-240,1436,-1567,-147,-1070,-910
-220,1453,-1551,-308,-118,-523
-232,1450,-1530,-52,957,-211
-280,1436,-1528,128,899,-66
-314,1426,-1534,351,1021,117
-349,1416,-1534,358,180,68
-313,1426,-1548,195,132,174
-273,1441,-1544,179,254,107
-230,1437,-1532,401,599,-22
-188,1437,-1519,524,1887,-69
-219,1444,-1505,307,2428,-165
-272,1448,-1506,253,1666,-274
-295,1467,-1488,87,1127,-218
-300,1473,-1480,245,700,-99
-305,1470,-1490,127,247,-251
-281,1451,-1517,-160,647,-293
-247,1434,-1530,-15,808,-265
-241,1443,-1528,-59,937,-89
-257,1466,-1512,-154,915,-10
-285,1482,-1507,-260,220,-176
-293,1478,-1540,-265,-70,-261
-301,1454,-1572,-98,-1001,-454
-288,1441,-1570,8,-881,-503
-264,1446,-1559,-139,-39,-291
-266,1444,-1535,32,-33,-222
-271,1454,-1542,-161,251,-167
-289,1456,-1551,48,-24,-215
-299,1448,-1567,233,-154,-334
-304,1445,-1571,312,-251,-369
-291,1452,-1556,112,109,-342
-266,1454,-1544,114,475,-163
-263,1450,-1539,62,654,-77
-291,1447,-1546,166,51,-195
-295,1442,-1554,264,130,-311
-277,1451,-1546,276,688,-156
-285,1458,-1538,141,553,-153
-288,1459,-1527,191,419,-204
-276,1461,-1516,199,568,-67
-287,1460,-1512,98,464,-53
-293,1460,-1497,47,175,-12
-292,1459,-1494,-94,229,19
-286,1458,-1491,-46,-133,-21
-278,1468,-1497,-58,135,-53
-281,1469,-1504,86,83,-173
-286,1466,-1523,212,41,-232
-289,1457,-1540,265,65,-289
-286,1452,-1544,296,245,-239
-293,1453,-1543,285,255,-217
-296,1448,-1547,221,539,-187
-306,1454,-1539,134,547,-125
-321,1465,-1541,100,52,-138
-322,1469,-1542,47,-36,-88
-325,1460,-1562,292,-48,-127
-337,1457,-1587,367,-483,-193
-335,1443,-1582,378,-505,-297
-288,1443,-1549,355,-134,-96
-266,1458,-1526,201,839,145
-305,1463,-1523,190,207,-20
-326,1460,-1534,293,-526,-188
-314,1455,-1543,343,-216,-60
-317,1451,-1548,391,35,-142
-320,1448,-1542,358,-73,-107
-297,1453,-1516,362,12,-68
-282,1460,-1502,146,241,62
-296,1461,-1506,178,-149,-22
-309,1452,-1527,228,-74,-168
-314,1450,-1539,210,-326,-170
-317,1449,-1544,217,-94,-181
-315,1447,-1548,279,-212,-197
-315,1447,-1542,267,268,-176
-311,1443,-1541,274,128,-138
-310,1449,-1541,154,255,-125
-318,1453,-1540,34,159,-57
-331,1445,-1555,122,203,-84
-339,1441,-1557,142,-52,-104
-323,1441,-1552,190,27,-28
-319,1449,-1539,31,-45,-13
-320,1455,-1533,9,120,-41
-330,1453,-1535,-17,-338,-123
-319,1443,-1531,129,-131,-63
-306,1447,-1535,82,15,-38
-313,1450,-1530,101,268,-75
-319,1448,-1529,177,-17,-132
-303,1446,-1517,190,239,-78
-296,1453,-1515,121,246,9
-312,1456,-1522,165,536,-97
-328,1443,-1538,300,-11,-254
-321,1444,-1539,337,151,-151
-332,1457,-1534,286,546,36
-365,1467,-1529,181,175,-5
-384,1453,-1529,319,-331,-40
-356,1433,-1537,349,-78,-19
-320,1424,-1543,391,225,84
-306,1429,-1540,392,425,95
-321,1441,-1538,472,148,122
-340,1451,-1538,385,635,198
-365,1444,-1550,586,288,99
-349,1438,-1560,671,14,-3
-309,1441,-1545,696,1039,89
-302,1447,-1522,518,1011,56
-301,1454,-1503,205,635,-21
-291,1453,-1499,-18,965,47
-296,1440,-1523,196,918,0
-296,1437,-1540,218,1067,-116
-311,1442,-1557,185,657,-139
-327,1449,-1564,222,94,-242
-315,1458,-1557,123,103,-188
-311,1459,-1540,-20,-46,-131
-299,1446,-1550,-69,-357,-68
-288,1437,-1556,-11,-136,-119
-300,1429,-1570,133,-140,-182
-315,1429,-1566,132,-450,-242
-318,1439,-1548,192,-476,-210
-318,1446,-1539,10,-340,-198
-313,1446,-1532,-68,-542,-283
-297,1441,-1527,-4,-242,-269
-291,1438,-1538,67,92,-209
-310,1434,-1549,120,233,-321
-330,1437,-1545,188,-174,-352
-325,1444,-1555,143,480,-278
-327,1440,-1553,243,340,-370
-323,1434,-1558,181,436,-292
-326,1433,-1564,175,347,-228
-340,1437,-1557,133,544,-239
-352,1436,-1554,258,227,-223
-350,1433,-1559,243,173,-242
-334,1432,-1555,254,483,-249
-327,1438,-1544,178,756,-148
-332,1444,-1539,187,499,-219
-336,1448,-1533,79,355,-173
-345,1454,-1538,-21,266,-208
-353,1449,-1539,77,-55,-282
-341,1442,-1546,147,246,-176
-345,1435,-1549,1,495,-117
-362,1434,-1535,154,-131,-183
-340,1437,-1529,279,-51,-153
-323,1444,-1519,189,151,-131
-320,1446,-1521,158,71,-122
-330,1450,-1514,147,178,-144
-343,1447,-1516,140,-160,-163
-345,1443,-1519,161,209,-167
-341,1435,-1526,465,-224,-207
-317,1435,-1540,547,628,-94
-286,1431,-1561,999,914,-20
-219,1433,-1606,1683,2164,66
-212,1479,-1612,1724,3271,125
-301,1535,-1575,1525,2247,-45
-361,1604,-1508,1267,1005,-171
-337,1680,-1414,1132,456,-96
-311,1714,-1325,1306,-1465,-1073
-170,1744,-1270,1258,-1658,-1600
-6,1805,-1190,910,-728,-1569
50,1892,-1121,312,-1045,-1881
66,1991,-1064,-129,-2269,-2333
46,2102,-1036,-1466,-3516,-2765
30,2227,-965,-3061,-3379,-3288
68,2371,-862,-4738,-2476,-3255
107,2546,-703,-7181,-1563,-2841
182,2765,-401,-11641,1263,-1933
308,3019,25,-20833,5670,-681
595,2919,217,-26679,2946,3421
904,2835,144,-32768,8375,8381
775,3006,-108,-32768,19761,9942
206,3477,-719,-32768,26805,10639
-130,3953,-1121,-32768,27486,8546
-105,4303,-1384,-32768,22488,6502
-99,4772,-1513,-32768,13753,8464
106,5421,-1481,-32768,7780,12037
182,5706,-1329,-32768,18919,8392
-385,5409,-724,-32768,1804,5855
-492,4962,-720,-32768,312,6127
-248,4703,-546,-32768,-124,7232
-114,4223,-379,-32768,-1446,8307
137,3771,-495,-32768,72,8053
351,3513,-478,-32768,4810,4944
544,3207,-412,-32768,7415,-691
654,2704,-551,-32768,14098,-3830
464,1890,-496,-32768,19178,-5486
153,1189,-585,-32768,14487,-6459
-53,766,-458,-32768,13168,-6918
-269,441,-403,-32768,9468,-4803
-325,288,-439,-32768,6495,-3009
-430,-29,-583,-28582,773,-852
-450,-238,-743,-24012,-617,315
-451,-523,-867,-17807,-3487,940
-267,-920,-988,-9609,-3237,1208
-111,-1342,-1056,-572,-599,924
-226,-1578,-1108,8570,-318,2209
-403,-1653,-982,16985,-1812,3757
-492,-1603,-884,24905,-4245,5350
-472,-1484,-817,31743,-3943,5368
-457,-1324,-687,32767,-6161,4237
-362,-948,-542,32767,-8180,1989
-225,-398,-464,32767,-10156,259
-134,160,-495,32767,-9564,-1933
-97,696,-462,32767,-8154,-2618
57,1236,-312,32767,-8747,-2613
332,1846,-292,32767,-7804,-3882
496,2582,-381,32767,-1987,-4679
431,3130,-229,32767,1185,-5468
237,3374,-112,32767,-5269,-5569
114,3732,-2,32767,-3629,-3727
-34,4008,51,32767,-4340,-2903
-161,4130,-99,32767,-9500,-526
-231,4191,57,32767,-11532,-1768
-61,4098,-180,32767,-17908,-6181
293,4282,-482,32767,-15169,-8660
477,4308,-481,32767,-12886,-8926
478,4236,-445,32767,-10187,-7302
251,3947,-617,29109,-10266,-6736
-106,3444,-700,27649,-7334,-8864
-430,3306,-704,23230,-13271,-8753
-531,3088,-699,21285,-23120,-6828
-357,2792,-735,20009,-20055,-6334
35,2646,-747,14985,-11232,-5006
534,2321,-710,11005,-6590,-1592
1122,2127,-498,8392,8101,1801
1147,2138,-296,3601,14991,3530
452,1778,-714,9525,5715,119
-239,1856,-1254,7160,5697,-1198
-516,2236,-1305,5511,2285,275
-547,2238,-1345,5018,-729,655
-386,2122,-1398,4582,3213,1210
-103,1965,-1354,4884,4562,1997
-4,1895,-1195,3704,7701,1988
-225,1897,-1115,1261,4014,1955
-318,1921,-1017,237,1616,2841
-378,2359,-1062,-1115,2985,3678
-549,2588,-1099,-2695,-468,-1615
-101,2077,-1119,-1944,-2564,-2243
540,1846,-1207,-3100,6573,2135
355,1639,-1440,-3125,8162,1689
-157,1378,-1612,-798,1637,-1417
-351,1245,-1750,1230,-2010,-1512
-297,1265,-1777,1368,-984,476
-318,1315,-1741,930,-2090,618
-256,1364,-1664,198,-1878,366
-117,1449,-1563,-444,492,593
-136,1507,-1529,-385,322,218
-167,1491,-1532,-261,-710,-436
-129,1451,-1558,-190,41,-146
-131,1413,-1589,121,1005,266
-188,1387,-1619,35,882,260
-226,1381,-1608,404,304,257
-246,1407,-1601,81,848,155
-253,1432,-1569,-16,89,-129
-197,1450,-1533,29,357,31
-173,1459,-1506,-110,939,117
-196,1465,-1510,38,453,-263
-204,1472,-1519,-99,720,-401
-211,1454,-1533,-12,499,-481
-210,1454,-1549,-75,635,-500
-216,1449,-1577,67,503,-485
-226,1431,-1589,225,59,-585
-228,1429,-1599,19,487,-393
-252,1428,-1595,53,-81,-332
-245,1434,-1592,-22,3,-194
-234,1437,-1599,-77,-19,-44
-226,1437,-1600,-31,-170,3
-222,1433,-1600,49,-248,-34
-236,1438,-1600,85,-213,-28
-246,1433,-1590,205,-594,-95
-225,1439,-1563,82,166,103
-218,1442,-1553,106,497,177
-224,1451,-1540,114,506,13
-237,1455,-1540,88,251,-143
-229,1452,-1537,114,356,-163
-211,1447,-1541,186,647,-36
-220,1446,-1542,218,502,-195
-212,1452,-1533,126,774,-145
-223,1464,-1523,62,470,-105
-228,1460,-1531,140,210,-215
-216,1457,-1538,212,311,-95
-233,1461,-1544,98,132,-87
-269,1463,-1562,413,-735,-218
-273,1454,-1593,641,-1398,-315
-233,1444,-1593,546,-991,-115
-215,1447,-1572,221,-672,39
-208,1441,-1546,176,-718,63
-198,1448,-1530,-57,-389,284
-224,1448,-1543,-72,-535,151
-251,1435,-1564,138,-865,-68
-235,1423,-1571,200,-743,79
-223,1425,-1565,289,-211,150
-226,1436,-1562,282,-137,-65
-221,1448,-1548,191,76,-69
-222,1447,-1546,210,326,36
-226,1444,-1537,367,348,-35
-226,1444,-1542,321,453,96
-247,1450,-1540,370,454,-13
-256,1447,-1550,333,80,-71
-243,1442,-1570,265,191,-35
-241,1443,-1578,301,161,-32
-253,1441,-1577,270,-231,-55
-251,1445,-1566,35,-210,-63
-247,1444,-1562,60,-228,69
-260,1442,-1563,94,-413,58
-266,1436,-1569,201,-735,-57
-238,1436,-1559,183,-405,26
-218,1441,-1547,134,113,66
-221,1446,-1540,38,-1,-28
-226,1449,-1533,-19,-29,-84
-242,1448,-1539,-15,-134,-114
-268,1441,-1556,30,-373,-237
-262,1421,-1571,288,-497,-300
-236,1422,-1579,308,122,-169
-240,1433,-1574,241,189,-103
-251,1445,-1562,136,62,-178
-247,1449,-1558,115,332,-85
-254,1446,-1565,143,265,-47
-269,1436,-1574,170,61,-172
-267,1432,-1578,139,169,-179
-266,1435,-1566,78,243,-126
-263,1441,-1563,83,99,-52
-272,1449,-1557,83,223,-152
-271,1450,-1551,-13,299,-180
-268,1446,-1553,-67,208,-146
-263,1436,-1560,153,304,-197
-247,1433,-1569,195,650,-108
-251,1438,-1562,198,954,-173
-257,1441,-1551,147,888,-131
-263,1449,-1549,11,925,-77
-271,1457,-1546,-83,698,-43
-281,1458,-1542,-26,677,-71
-281,1447,-1536,38,360,-111
-253,1438,-1549,-13,800,7
-248,1444,-1540,-95,1157,53
-266,1455,-1532,-88,813,10
-289,1464,-1554,19,675,-63
-298,1451,-1568,119,-4,-172
-271,1441,-1563,89,331,-107
-255,1446,-1556,7,534,-67
-247,1454,-1543,26,729,-80
-248,1458,-1550,155,859,-72
-262,1455,-1556,224,495,-146
-266,1448,-1562,313,-11,-284
-255,1451,-1569,239,375,-114
-259,1451,-1564,153,188,-117
-258,1451,-1541,186,-43,-57
-253,1456,-1535,95,-143,29
-250,1458,-1528,106,-236,-8
-243,1455,-1530,213,-194,-27
-250,1451,-1543,219,-338,-72
-257,1449,-1546,304,-353,-175
-245,1444,-1553,274,-300,-20
-246,1453,-1531,303,28,-33
-239,1458,-1511,216,60,-31
-226,1461,-1505,157,217,-14
-226,1459,-1504,250,237,-80
-234,1453,-1517,236,39,-154
-234,1452,-1528,259,397,-144
-242,1451,-1539,326,542,-178
-249,1448,-1539,387,237,-204
-247,1449,-1537,243,496,-121
-253,1445,-1539,224,333,-121
-259,1444,-1552,205,468,-140
-261,1445,-1551,241,248,-207
-254,1448,-1550,253,354,-154
-255,1451,-1553,285,338,-96
-260,1451,-1556,239,424,-111
-269,1446,-1564,174,517,-96
-283,1445,-1553,233,7,-66
-282,1445,-1553,220,277,-41
-271,1443,-1548,321,-57,-79
-253,1450,-1550,277,389,-100
-257,1453,-1546,248,150,-97
-257,1447,-1551,276,214,-130
-261,1447,-1549,277,251,-80
-272,1451,-1561,271,109,-38
-292,1454,-1558,325,-256,-133
-278,1454,-1558,231,-405,-42
-257,1454,-1558,238,-54,96
-261,1458,-1571,306,-47,74
-280,1466,-1580,360,-521,-57
-281,1461,-1588,340,-706,-31
-291,1460,-1596,318,-630,4
-305,1453,-1599,328,-1106,-51
-294,1447,-1596,249,-962,-53
-272,1435,-1588,144,-363,53
-262,1415,-1573,166,-31,61
-260,1407,-1564,111,247,174
-268,1400,-1564,83,421,184
-277,1396,-1557,166,239,204
-278,1392,-1562,149,529,189
-279,1392,-1562,259,323,133
-278,1400,-1559,591,262,103
-245,1417,-1574,1055,849,258
-205,1451,-1587,1370,1657,389
-207,1510,-1602,1662,1506,122
-252,1554,-1614,1607,1133,-570
-281,1583,-1602,1581,-215,-1022
-214,1568,-1537,1641,-419,-814
-171,1526,-1496,1519,-954,-845
-129,1508,-1438,1245,-1651,-1179
-36,1528,-1366,1165,-1591,-1317
3,1557,-1334,1062,-1744,-1413
-33,1617,-1310,614,-2126,-1693
-51,1705,-1222,-259,-2682,-1787
-10,1801,-1115,-980,-2557,-1882
51,1919,-1043,-1655,-1324,-2132
100,2104,-945,-3096,153,-2270
187,2330,-712,-4754,1977,-1411
287,2675,-435,-8468,4079,-631
499,2983,-158,-13188,4911,-235
994,3200,47,-21399,11196,1692
1196,3375,138,-32768,21226,2336
670,3517,267,-32768,24954,1687
104,3748,-35,-32768,18836,4572
-227,4284,-840,-32768,18860,6519
-296,4824,-1452,-32768,27587,3057
-390,5419,-1624,-32768,14895,1366
-289,5841,-1525,-32768,-7110,8522
377,6058,-1474,-32768,12194,9524
-41,5866,-984,-32768,7139,3452
-173,5238,-917,-32768,-3222,4453
178,4798,-977,-32768,3568,5510
288,4320,-803,-32768,-260,3487
408,3876,-891,-32768,2306,3261
731,3511,-950,-32768,10813,-1190
1004,3111,-1411,-32768,18298,-7903
512,2081,-1432,-32768,22898,-7563
-149,1057,-1034,-32768,12518,-3898
-271,657,-730,-32768,8227,-2415
-336,350,-624,-32768,1722,-2271
-358,79,-575,-30807,2528,470
-350,-77,-567,-26591,2236,2828
-323,-215,-562,-21885,794,3279
-303,-391,-609,-16439,-13,2622
-319,-698,-657,-10803,533,1451
-462,-1112,-658,-2723,-452,896
-675,-1398,-633,5179,-2803,1181
-773,-1513,-530,12588,-4867,1537
-687,-1466,-413,18579,-4399,1347
-579,-1363,-246,23350,-2128,678
-555,-1205,-59,27606,-4061,41
-528,-904,137,31535,-7316,-28
-425,-517,243,32767,-10883,-262
-213,-120,296,32767,-12072,-592
18,251,319,32767,-11983,-777
218,587,336,32767,-9691,-157
388,929,275,32767,-7893,-1233
417,1253,164,32767,-7627,-3582
320,1484,79,32767,-4266,-3934
280,1731,137,32767,-627,-3689
254,2016,145,32767,-2149,-4026
206,2338,-116,32767,-1573,-4803
134,2778,-100,32767,2792,-5859
-25,3234,-44,32767,-7161,-4849
-100,3739,-84,32767,-7353,-2535
25,4172,-198,32767,-16439,-219
206,4263,-245,32767,-10434,-1489
287,4134,-240,32767,-2023,-4273
417,3816,-249,32767,-15210,-8649
572,3912,-253,32767,-4162,-9669
301,3987,-434,32767,-5348,-6070
-226,3608,-721,28603,-13091,-4162
-636,3120,-777,27550,-19985,-5678
-667,2966,-644,22188,-25235,-7201
-208,3022,-617,18768,-21955,-6703
443,2914,-511,13370,-5002,-4325
867,2610,-302,7530,-246,-191
1077,2470,-53,4319,8658,3018
888,2421,-213,5966,5169,4097
323,2264,-755,8574,-853,2971
16,2198,-1131,5658,5385,1986
-258,2193,-1156,6203,2611,718
-479,2153,-1301,5571,-1975,-1544
-446,2008,-1230,6256,-4066,-1700
-203,1896,-1235,5169,-856,679
-47,1792,-1194,3689,1257,2236
-78,1688,-1228,2360,659,1817
-140,1635,-1287,2143,-2345,1319
-182,1571,-1389,1364,-1236,1975
-288,1535,-1442,1240,-3025,1984
-316,1544,-1504,1113,-2799,1451
-256,1691,-1522,1395,-1493,1212
-242,1974,-1416,953,2230,-745
-129,1961,-1385,363,1131,-2140
119,1791,-1407,-341,2724,-52
34,1677,-1478,-1331,3593,628
-258,1507,-1560,-1513,1478,-324
-389,1391,-1618,-916,-1538,-542
-380,1340,-1656,-632,-1793,28
-339,1326,-1705,-305,-1649,285
-313,1345,-1751,-119,-1262,-61
-271,1338,-1764,159,-571,-454
-261,1346,-1723,227,-128,-483
-308,1398,-1668,62,-5,-92
-341,1443,-1608,-294,-285,203
-348,1429,-1597,-247,-70,319
-353,1387,-1616,339,-134,20
-314,1376,-1635,124,438,82
-319,1400,-1614,158,631,-228
-321,1415,-1582,-38,1991,-145
-340,1416,-1530,-71,1435,-105
-350,1419,-1501,-124,265,-188
-300,1437,-1485,-298,591,-179
-252,1440,-1507,-336,1158,-251
-242,1459,-1515,-137,1230,-285
-279,1462,-1542,-295,1416,-310
-323,1446,-1556,-148,651,-379
-325,1436,-1553,-167,458,-315
-309,1436,-1526,-47,308,-194
-286,1437,-1521,35,338,-133
-271,1418,-1546,116,290,-236
-265,1417,-1549,347,228,-215
-279,1433,-1549,375,580,-31
-312,1454,-1542,222,415,-81
-324,1458,-1531,31,105,-97
-331,1456,-1532,79,-359,-51
-322,1434,-1556,333,-620,-222
-290,1412,-1579,508,-224,-298
-269,1416,-1578,422,432,-188
-284,1438,-1566,-19,970,-67
-317,1440,-1558,45,268,-132
-321,1430,-1561,151,27,-184
-313,1426,-1562,183,148,-133
-313,1434,-1567,121,512,-120
-323,1437,-1566,93,179,-139
-320,1429,-1567,216,128,-186
-317,1426,-1576,248,630,-125
-316,1419,-1582,353,259,-91
-315,1428,-1569,206,231,-61
-311,1432,-1560,216,261,20
-320,1438,-1560,178,124,69
-335,1432,-1568,304,-70,-95
-340,1430,-1578,366,-446,-112
-338,1431,-1571,331,-824,-153
-312,1428,-1558,245,-366,-34
-294,1430,-1546,192,-158,96
-292,1430,-1533,158,-317,96
-284,1432,-1531,182,113,163
-295,1431,-1542,127,82,27
-309,1426,-1563,122,-2,-23
-317,1422,-1566,274,-92,-93
-306,1422,-1554,417,-37,-4
-296,1429,-1544,233,363,55
-300,1432,-1538,233,422,-79
-296,1433,-1534,224,335,11
-308,1433,-1543,212,173,-12
-324,1432,-1550,270,-231,-88
-326,1437,-1554,183,-345,-102
-328,1442,-1559,116,-127,-96
-337,1435,-1571,205,-854,-131
-331,1430,-1572,167,-923,-106
-315,1421,-1583,197,-440,-56
-312,1411,-1598,446,-430,30
-337,1418,-1615,580,-292,-2
-369,1414,-1612,681,-1204,-83
-360,1414,-1599,587,-1151,-79
-335,1412,-1596,536,-864,-6
-323,1413,-1589,514,-751,84
-321,1413,-1579,388,-505,137
-327,1417,-1578,228,-297,127
-337,1410,-1580,402,-300,41
-339,1401,-1579,494,-233,-25
-339,1404,-1572,308,169,11
-346,1410,-1548,342,40,-95
-336,1416,-1538,414,-124,-60
-320,1423,-1531,301,490,-133
-310,1426,-1531,295,683,-142
-322,1426,-1535,219,443,-171
-328,1426,-1539,164,487,-140
-338,1419,-1541,168,398,-129
-348,1416,-1557,230,279,-317
-347,1411,-1576,175,246,-270
-352,1408,-1581,240,195,-184
-349,1399,-1585,281,299,-157
-353,1400,-1580,291,200,-222
-360,1409,-1572,253,117,-158
-363,1418,-1567,82,331,-138
-364,1408,-1572,121,216,-124
-365,1403,-1586,297,199,-174
-353,1399,-1588,389,743,-112
-348,1396,-1588,209,1041,-124
-346,1398,-1577,321,887,-135
-332,1400,-1560,269,1174,-40
-332,1409,-1555,-45,1387,-7
-342,1415,-1544,62,1198,-12
-354,1419,-1552,203,1145,-162
-361,1417,-1569,205,919,-179
-367,1412,-1575,210,537,-195
-359,1408,-1574,230,574,-195
-343,1413,-1573,90,769,-63
-339,1423,-1570,43,537,-93
-349,1425,-1576,-66,250,-196
-356,1417,-1594,-143,-74,-125
-346,1400,-1594,122,-120,-152
-322,1388,-1598,153,448,-53
-329,1394,-1586,145,356,-44
-340,1402,-1570,102,327,-74
-341,1403,-1564,166,289,11
-343,1406,-1567,146,373,-39
-342,1412,-1569,132,446,-86
-342,1413,-1566,191,361,-135
-337,1410,-1567,257,437,-188
-324,1413,-1563,291,568,-179
-329,1417,-1554,90,609,-158
-333,1412,-1547,58,371,-108
-337,1413,-1557,33,523,-98
-348,1414,-1569,70,177,-162
-340,1408,-1573,155,164,-129
-324,1404,-1568,192,167,-60
-309,1406,-1573,282,443,12
-315,1408,-1596,349,500,-46
-327,1403,-1616,415,90,-149
-332,1398,-1609,458,-68,-180
-319,1401,-1599,509,92,-135
-314,1403,-1587,470,171,-232
-320,1404,-1575,523,-26,-262
-338,1413,-1565,265,-245,-180
-351,1418,-1559,91,-376,-27
-367,1412,-1579,75,-541,-114
-355,1395,-1605,173,-653,-170
-323,1381,-1609,247,-126,-164
-299,1378,-1596,210,502,-12
-319,1395,-1582,122,628,-38
-343,1405,-1583,178,446,-104
-357,1415,-1580,113,-147,-186
-348,1412,-1585,-101,88,-195
-335,1402,-1580,7,89,-103
-326,1394,-1585,96,788,-67
-352,1390,-1589,234,306,-163
-351,1393,-1584,178,225,-110
-344,1404,-1568,99,88,-79
-330,1414,-1549,18,290,-115
-327,1420,-1551,-20,527,-69
-338,1410,-1554,33,77,-146
-336,1400,-1565,71,358,-125
-343,1389,-1579,187,349,-86
-342,1392,-1580,213,449,-106
-340,1404,-1570,99,438,-113
-343,1418,-1554,-23,320,-175
-329,1421,-1548,10,436,-84
-323,1420,-1548,-13,378,-76
-332,1414,-1564,-45,356,-142
-343,1406,-1581,180,297,-169
-355,1402,-1595,195,633,-190
-357,1397,-1593,284,239,-151
-349,1406,-1571,166,186,-128
-344,1417,-1563,51,190,-59
-350,1419,-1577,14,-63,-124
-351,1410,-1587,134,-230,-120
-353,1404,-1597,191,107,-94
-354,1400,-1593,199,-48,-39
-358,1399,-1595,271,36,-40
-372,1400,-1609,397,-221,-71
-355,1388,-1611,658,-370,-23
-304,1390,-1607,818,391,327
-242,1383,-1614,1377,1217,697
-151,1405,-1639,1661,3238,1029
-190,1473,-1638,1191,3473,988
-362,1542,-1545,542,1199,24
-429,1559,-1453,318,-2406,-991
-315,1559,-1405,-106,-2366,-1166
-150,1558,-1310,-120,-2310,-1128
1,1595,-1207,-102,-1443,-879
62,1714,-1139,-380,-1056,-746
32,1853,-1049,-639,-1148,-1005
-39,2000,-967,-1149,-1644,-1977
-5,2188,-838,-2349,-749,-2358
154,2462,-646,-4637,740,-2401
386,2798,-396,-8706,3561,-1365
700,3169,-85,-14937,8513,1363
1103,3401,82,-23213,13332,3302
1008,3533,139,-32768,20067,2566
401,3471,130,-32768,23915,1806
-93,3598,-606,-32768,16634,6110
-196,4128,-1345,-32768,25076,6440
-155,4593,-1622,-32768,19347,5365
-142,5125,-1400,-32768,8070,5043
57,5850,-1279,-32768,-159,10403
443,6130,-1182,-32768,14716,7878
-114,5763,-903,-32768,87,5835
38,5416,-922,-32768,-1147,6143
320,5058,-711,-32768,7232,6818
435,4441,-488,-32768,9409,1054
478,3849,-485,-32768,12743,-3166
472,3256,-402,-32768,15605,-7275
589,3006,-440,-32768,15123,-12839
561,2711,-503,-32768,20146,-13905
-20,2066,-758,-32768,11360,-10255
-372,1560,-929,-32768,6184,-5591
-595,1108,-958,-32768,4095,-790
-726,886,-874,-32768,-1954,-243
-518,628,-998,-32768,-4815,-596
-341,150,-1212,-29877,-6105,-1176
-348,-405,-1347,-22223,-5996,-1638
-350,-865,-1471,-14250,-5600,-851
-269,-1225,-1450,-5757,-6405,-2079
-120,-1510,-1377,2814,-2852,-3074
-166,-1709,-1097,10629,-2608,-2694
-230,-1837,-880,18552,-3437,-1469
-149,-1715,-682,24134,-3497,-409
-14,-1451,-460,29049,-1949,1547
122,-1139,-310,32767,-96,3025
117,-788,-208,32767,-888,4044
55,-483,-126,32767,-4122,3700
60,-159,-77,32767,-6562,2405
128,282,-29,32767,-7079,2017
201,710,-15,32767,-6159,1624
327,1110,-56,32767,-3745,152
383,1543,-170,32767,-2978,-1548
453,2097,-302,32767,832,-1541
416,2725,-295,32767,7991,114
120,3162,-172,32767,5505,926
-284,3374,-84,32767,-174,-56
-572,3563,-248,32767,-1395,-618
-712,3939,-184,32767,-3885,-2409
-959,4282,-269,32767,-14872,-1584
-1200,4505,-317,32767,-30472,970
-1096,4561,-502,32767,-32768,1635
-434,4484,-724,32767,-32768,-2966
652,4310,-1207,32609,-32768,-11560
1706,4352,-1049,28155,-3452,-16067
1315,3976,-749,26029,6064,-8518
215,3438,-518,25784,-9956,-4040
-305,2964,-516,23287,-24582,-5478
132,2929,-687,18846,-16983,-6408
571,2970,-427,10476,-2932,-4933
416,2783,-24,4751,1352,-1499
254,2683,155,5565,-7139,-526
258,2305,-424,8135,-12345,-1001
517,2014,-817,5179,1364,209
714,2167,-872,4634,11155,2075
345,2168,-1089,3529,12288,1114
-408,2083,-1283,4052,4010,-1929
-640,2085,-1287,5035,-2652,-2501
-310,1905,-1347,5077,-247,-601
8,1732,-1393,5333,6776,392
-42,1707,-1476,4639,8060,1560
-335,1723,-1426,3678,6510,1642
-590,1673,-1399,2137,-393,1234
-530,1578,-1450,1695,-1979,1178
-213,1597,-1450,1499,3595,2808
-219,1732,-1482,1012,4822,3188
-524,2091,-1461,-271,2199,353
-542,2034,-1437,-336,-1946,-2165
-92,1790,-1462,-1237,1886,476
-35,1582,-1586,-1146,3658,1836
-269,1417,-1663,-81,2044,63
-343,1346,-1688,-92,2657,-118
-383,1318,-1643,-119,897,579
-405,1344,-1618,-405,-417,876
-367,1371,-1600,-408,-1349,691
-241,1378,-1593,-482,-527,446
-166,1401,-1573,-346,753,256
-179,1422,-1555,-265,295,194
-199,1456,-1522,-285,108,242
-220,1470,-1529,-143,341,451
-285,1464,-1545,-192,-219,108
-317,1473,-1542,-433,-1441,-25
-309,1465,-1528,-174,-1726,-244
-264,1400,-1552,120,-1025,-123
-212,1367,-1565,40,690,158
-230,1382,-1550,-167,910,-73
-263,1418,-1526,-198,53,-216
-233,1457,-1507,-424,213,223
-238,1475,-1515,-596,-8,248
-277,1470,-1531,-678,-1148,74
-291,1456,-1555,-427,-1630,-105
-276,1428,-1577,-127,-879,-74
-260,1409,-1578,209,-301,151
-267,1423,-1563,229,-192,252
-275,1444,-1537,19,-290,238
-286,1460,-1525,-97,-563,73
-276,1457,-1531,51,-564,-70
-259,1447,-1547,172,197,-120
-260,1443,-1568,110,619,-166
-288,1445,-1565,161,682,-276
-305,1449,-1556,179,687,-237
-323,1459,-1533,217,396,-121
-324,1464,-1512,267,-309,-117
-291,1467,-1496,95,-170,-86
-258,1464,-1503,-144,192,-2
-264,1466,-1511,-135,334,-82
-295,1457,-1543,-86,262,-177
-320,1442,-1563,230,-262,-280
-317,1433,-1572,296,274,-203
-324,1433,-1568,265,108,-95
-329,1442,-1542,257,-49,-250
-319,1447,-1530,188,-147,-193
-299,1451,-1526,72,30,-56
-301,1449,-1542,222,128,-107
-313,1445,-1561,291,327,-244
-318,1446,-1559,197,386,-198
-321,1449,-1543,216,286,-86
-316,1446,-1536,156,295,-103
-307,1447,-1531,210,286,-41
-303,1450,-1536,87,297,-77
-300,1454,-1530,104,117,-153
-301,1457,-1527,122,375,-5
-311,1461,-1525,109,366,-64
-308,1460,-1514,72,306,-12
-316,1464,-1507,110,153,-137
-305,1463,-1510,89,-75,-90
-301,1459,-1513,130,-101,-204
-277,1448,-1516,173,186,-89
-278,1449,-1523,184,741,-74
-303,1453,-1527,138,286,-187
-313,1457,-1530,3,-134,-229
-307,1459,-1526,-114,-260,-219
-303,1474,-1521,-332,-324,-117
-308,1472,-1508,-277,-523,-169
-309,1463,-1518,-460,-220,-177
-311,1445,-1521,-201,-506,-276
-302,1438,-1545,-205,-381,-193
-304,1435,-1553,-226,-199,-44
-327,1436,-1556,-176,-115,3
-357,1444,-1556,-119,-578,-53
-361,1453,-1554,-67,-560,-98
-350,1463,-1534,64,-199,-104
-329,1462,-1529,275,-198,-58
-307,1465,-1542,153,641,-19
-319,1462,-1543,162,745,-119
-340,1466,-1531,78,561,-132
-356,1474,-1512,139,448,-123
-357,1478,-1503,110,280,-122
-345,1483,-1490,66,234,-169
-328,1477,-1485,89,193,-134
-315,1469,-1488,131,425,-119
-326,1462,-1501,244,465,-191
-336,1459,-1510,128,416,-116
-348,1457,-1504,169,255,-47
-355,1462,-1498,198,-84,-107
-334,1465,-1500,174,159,-87
-315,1465,-1495,48,265,-15
-312,1468,-1493,35,421,-90
-316,1467,-1504,-16,415,-66
-323,1460,-1519,141,486,-118
-334,1459,-1528,194,470,-111
-348,1465,-1528,173,384,-208
-338,1467,-1524,82,379,-117
-334,1469,-1524,118,572,-69
-341,1467,-1520,278,110,-151
-321,1466,-1532,253,495,-89
-328,1471,-1531,131,345,-104
-336,1472,-1535,77,109,-98
-330,1469,-1526,136,182,-67
-328,1472,-1532,138,320,-8
-326,1466,-1531,188,25,-100
-315,1462,-1533,113,306,-110
-314,1459,-1532,137,363,-18
-328,1464,-1525,126,320,-83
-341,1468,-1527,116,226,-112
-339,1460,-1526,186,94,-215
-323,1454,-1523,169,158,-231
-305,1460,-1514,168,528,-112
-310,1469,-1512,111,722,-156
-325,1469,-1512,99,525,-131
-338,1466,-1522,224,191,-253
-324,1461,-1521,213,377,-225
-315,1459,-1510,283,556,-206
-312,1464,-1492,191,644,-93
-324,1473,-1476,151,465,-204
-317,1476,-1472,58,601,-188
-308,1474,-1475,109,565,-220
-307,1475,-1484,110,502,-196
-321,1473,-1507,154,652,-243
-336,1471,-1509,206,516,-297
-342,1469,-1514,89,298,-178
-351,1479,-1506,156,206,-60
-354,1481,-1520,168,63,-100
-345,1465,-1530,320,-194,-207
-317,1456,-1533,351,146,-126
-312,1461,-1531,294,520,-45
-336,1465,-1526,327,252,-154
-344,1463,-1528,318,54,-120
-344,1456,-1550,299,202,-137
-346,1456,-1549,473,89,-229
-324,1456,-1548,305,369,-79
-325,1459,-1531,298,432,-43
-338,1463,-1526,236,314,-60
-348,1453,-1538,357,110,-147
-340,1452,-1539,391,-173,-196
-317,1450,-1521,376,276,-217
-297,1455,-1515,220,595,-68
-298,1459,-1510,166,598,-103
-321,1464,-1506,345,296,-226
-327,1456,-1518,447,73,-147
-331,1447,-1524,462,355,-267
-318,1441,-1535,427,-48,-306
-294,1448,-1529,395,435,-354
-281,1452,-1510,448,604,-260
-293,1463,-1517,338,961,-242
-333,1463,-1529,328,319,-397
-342,1454,-1543,246,220,-349
-348,1446,-1542,257,367,-258
-362,1434,-1566,509,447,-245
-371,1428,-1572,712,-7,-434
-343,1429,-1546,567,199,-346
-330,1443,-1517,450,416,-167
-324,1454,-1505,668,666,-139
-304,1456,-1537,829,1259,-113
-305,1443,-1551,1521,1512,-190
-321,1448,-1583,2043,1706,-581
-331,1474,-1589,2462,2404,-854
-347,1550,-1501,2979,461,-1323
-246,1632,-1416,3185,-199,-1792
-117,1721,-1323,3188,50,-1862
-33,1794,-1221,3107,-734,-2078
34,1866,-1125,2605,-1210,-2696
114,2039,-1000,1582,-1341,-2643
153,2229,-841,-618,-2221,-2494
187,2428,-716,-3511,-4306,-2426
259,2723,-610,-7068,-3060,-2244
360,3008,-487,-12170,983,-3141
437,3267,-215,-19332,8546,-1522
550,3338,136,-27885,11149,1010
712,3119,75,-32768,9334,5065
703,3171,-38,-32768,18435,7659
442,3594,-748,-32768,22183,10404
160,4146,-1389,-32768,32767,7611
-45,4668,-1734,-32768,31960,2851
-266,5189,-1744,-32768,17173,3454
-181,5562,-1591,-32768,644,10208
57,5910,-1230,-32768,17383,4665
-473,5718,-687,-32768,-6843,2754
-354,5467,-701,-32768,-3878,8039
101,4987,-611,-32768,-935,9838
416,4378,-534,-32768,-3695,7245
628,3938,-624,-32768,5669,4825
690,3589,-870,-32768,11554,364
711,3209,-954,-32768,20560,-6868
405,2439,-1052,-32768,22405,-8679
-103,1636,-957,-32768,13029,-5481
-251,1219,-818,-32768,8425,-2248
-329,805,-744,-32768,6504,627
-424,626,-817,-32768,4359,1396
-498,413,-1000,-32768,2135,2177
-577,124,-1086,-28861,-3189,2970
-557,-366,-1125,-21644,-4086,1903
-484,-925,-1257,-13296,-3732,101
-440,-1401,-1260,-4192,-5143,-690
-423,-1733,-1229,5483,-4062,-751
-439,-1807,-1063,14960,-3892,824
-395,-1704,-872,22754,-3993,2466
-306,-1511,-788,29198,-4561,3346
-199,-1277,-688,32767,-5986,3859
-67,-947,-540,32767,-7057,3841
25,-570,-471,32767,-8107,3461
78,-112,-419,32767,-9654,3085
131,378,-382,32767,-9762,1365
248,916,-441,32767,-11146,-1271
308,1471,-439,32767,-4899,-3517
299,2081,-248,32767,-1886,-4487
378,2627,9,32767,-3309,-4608
392,2889,-225,32767,-399,-4849
230,3126,-334,32767,4470,-3928
-148,3571,-191,32767,-5179,-1470
-376,4510,82,32767,-16068,107
-239,4719,149,32767,-19487,2537
-6,4309,-164,32767,-15655,1230
198,4109,-446,32767,-17659,-4432
355,4396,-297,32767,-17051,-8766
511,4366,-169,32767,-19327,-9379
549,4161,-341,32767,-18396,-8055
371,3828,-708,28546,-17869,-6574
162,3454,-741,25456,-6445,-7908
-68,3240,-664,19903,-7388,-8987
-178,3035,-585,19221,-15854,-7806
-36,2784,-754,18428,-16350,-6816
199,2401,-797,16492,-16612,-3270
903,1966,-804,16118,-6528,2225
1798,2290,-452,7033,18485,6842
1465,2223,-535,8330,17120,4145
233,2208,-922,7032,16138,1179
-982,2389,-970,6616,-3554,-2130
-1268,2213,-1113,7857,-14429,-3681
-719,2133,-1197,6727,-10981,-2039
109,2051,-1202,5225,2454,556
391,1927,-1103,3907,4623,2208
227,1896,-913,3425,984,2050
-23,1981,-990,1337,-2215,1653
-199,2057,-1123,111,-4464,788
-125,1977,-1262,-570,-2196,656
-39,1888,-1358,-1146,1727,514
-67,1845,-1486,-1204,3817,633
-208,1801,-1673,-1127,2733,818
-357,1680,-1791,-367,-57,-41
-378,1534,-1844,-22,-1189,94
-402,1426,-1872,22,-1890,-41
-358,1367,-1809,-215,-2138,100
-287,1345,-1735,-354,-183,594
-310,1339,-1680,-128,-506,507
-331,1358,-1633,-217,-1099,111
-325,1378,-1577,-37,-2133,-147
-237,1376,-1534,-242,-269,-221
-163,1346,-1525,23,941,-483
-144,1334,-1535,203,2410,-814
-154,1319,-1574,587,3275,-852
-181,1302,-1598,701,3719,-572
-269,1320,-1594,728,2249,-401
-365,1375,-1595,465,973,-429
-412,1413,-1607,465,-315,-534
-342,1403,-1628,343,-545,-438
-234,1399,-1636,87,1827,-95
-256,1401,-1647,74,1626,-83
-304,1395,-1639,182,607,-43
-300,1377,-1628,304,614,148
-273,1362,-1617,446,786,447
-263,1358,-1605,587,1528,257
-308,1374,-1595,425,913,-211
-351,1397,-1589,447,-983,-667
-275,1402,-1576,156,-291,-202
-226,1390,-1571,-114,1113,285
-253,1363,-1581,359,698,274
-260,1370,-1565,405,914,254
-255,1392,-1555,24,900,308
-306,1414,-1552,-47,-623,-143
-296,1415,-1582,-46,-1122,-301
-226,1439,-1600,-48,573,32
-241,1439,-1628,136,493,39
-273,1445,-1652,25,280,-210
-292,1437,-1641,-35,-356,-242
-281,1427,-1621,-93,-239,90
-275,1418,-1611,-346,-394,138
-281,1399,-1613,-233,-295,-187
-271,1374,-1625,27,-817,-237
-264,1375,-1622,97,-306,-245
-265,1377,-1615,85,-166,-194
-267,1393,-1586,87,-277,-230
-262,1409,-1575,-29,-193,-172
-261,1409,-1571,105,75,-267
-257,1402,-1585,171,325,-262
-276,1403,-1602,175,540,-332
-294,1402,-1599,228,-20,-422
-284,1400,-1591,227,294,-355
-289,1393,-1605,226,39,-294
-303,1389,-1611,377,13,-382
-308,1378,-1630,465,-61,-364
-312,1378,-1626,521,-254,-356
-299,1382,-1625,409,53,-143
-309,1398,-1604,187,-266,-128
-319,1402,-1601,103,-366,-180
-322,1396,-1603,253,-610,-235
-306,1386,-1613,203,-91,-163
-313,1379,-1606,223,-238,-153
-313,1375,-1610,238,168,-23
-329,1377,-1595,401,-336,-47
-328,1385,-1579,292,-293,-48
-315,1400,-1568,47,-224,-159
-304,1407,-1552,-7,-223,-135
-299,1410,-1557,-53,83,-41
-320,1406,-1566,-19,-157,-72
-339,1396,-1587,33,-368,-109
-344,1388,-1604,-88,-25,-73
-348,1381,-1609,29,-136,-2
-344,1387,-1614,125,-111,27
-348,1386,-1613,155,-291,-83
-340,1388,-1606,52,-23,-92
-338,1397,-1608,-27,-150,30
-347,1402,-1607,134,-50,-47
-349,1401,-1606,210,-103,-61
-352,1400,-1617,48,168,-117
-347,1390,-1605,54,99,-68
-341,1380,-1597,137,334,-36
-350,1379,-1593,179,-23,-121
-344,1387,-1592,120,76,-44
-342,1392,-1584,178,115,-48
-346,1398,-1584,169,132,-104
-337,1403,-1582,111,32,-19
-344,1413,-1570,41,-45,-52
-341,1406,-1580,-42,168,-84
-339,1393,-1588,68,192,-108
-336,1386,-1601,71,183,-76
-338,1385,-1600,43,45,-54
-340,1390,-1594,-38,185,-1
-346,1395,-1581,60,-103,-117
-336,1399,-1580,108,96,-93
-328,1399,-1586,138,370,-193
-323,1401,-1581,108,515,-212
-324,1403,-1574,123,394,-156
-339,1404,-1573,74,623,-181
-348,1396,-1574,120,211,-185
-346,1390,-1579,162,7,-143
-340,1392,-1578,184,87,-54
-339,1399,-1575,99,325,-108
-339,1399,-1576,114,60,-247
-323,1393,-1576,71,569,-224
-324,1398,-1567,153,518,-108
-343,1412,-1561,72,535,-145
-355,1415,-1563,-27,97,-235
-346,1415,-1557,-28,428,-113
-352,1414,-1549,53,253,-162
-343,1406,-1558,108,204,-179
-347,1404,-1571,-47,504,-157
-362,1403,-1574,41,399,-168
-367,1404,-1569,94,266,-128
-362,1401,-1572,146,239,-71
-359,1413,-1574,50,-48,-125
-355,1414,-1580,26,140,-171
-351,1408,-1588,41,220,-117
-355,1401,-1599,77,378,-104
-364,1391,-1605,232,223,-167
-365,1391,-1603,140,340,-63
-375,1398,-1592,143,91,-91
-364,1402,-1587,149,165,-91
-357,1402,-1586,138,342,-71
-359,1399,-1586,162,241,-150
-355,1396,-1593,180,479,-82
-362,1397,-1590,183,379,-92
-356,1399,-1584,134,496,-103
-349,1401,-1572,88,318,9
-354,1405,-1574,82,309,-40
-355,1407,-1577,195,346,-11
-353,1408,-1576,69,347,-40
-353,1408,-1565,70,255,-3
-352,1412,-1552,47,227,70
-356,1407,-1557,138,334,60
-355,1406,-1557,204,-15,14
-348,1418,-1549,55,299,21
-353,1423,-1541,83,286,2
-348,1419,-1552,148,184,-9
-339,1415,-1560,192,230,-26
-336,1411,-1558,158,139,-115
-337,1411,-1559,133,431,-5
-343,1406,-1562,229,13,-106
-335,1407,-1563,172,134,22
-344,1413,-1575,95,-21,-52
-354,1415,-1580,27,-305,-108
-350,1411,-1584,-111,-330,12
-365,1412,-1576,-184,-841,-45
-363,1413,-1573,-410,-686,-95
-349,1399,-1577,-245,-143,-98
-341,1397,-1589,-81,158,-45
-353,1407,-1591,-116,390,151
-386,1414,-1587,-124,25,47
-393,1410,-1577,-67,-466,-134
-357,1405,-1575,214,-2,-67
-340,1407,-1579,174,235,-68
-332,1409,-1573,212,323,-139
-325,1410,-1562,103,520,-98
-336,1413,-1551,178,634,-49
-359,1418,-1545,227,303,-149
-352,1414,-1549,316,170,-287
-334,1418,-1546,202,587,-180
-343,1422,-1530,175,702,-232
-343,1419,-1531,236,620,-153
-339,1407,-1549,594,566,-188
-319,1403,-1568,598,1383,-144
-330,1413,-1560,423,1315,-247
-341,1428,-1555,219,1279,-191
-353,1436,-1552,229,982,-9
-376,1429,-1562,239,700,-24
-396,1419,-1574,146,616,-95
-383,1392,-1572,482,-313,-93
-316,1375,-1580,901,761,247
-294,1377,-1603,1513,1194,261
-278,1383,-1626,1909,1755,85
-262,1387,-1609,2557,2040,-94
-288,1418,-1545,2702,1388,-311
-300,1473,-1440,2762,-388,-844
-196,1547,-1348,2844,-753,-711
-133,1669,-1263,2501,-1135,-1073
-129,1840,-1131,1907,-3077,-1734
-44,2026,-992,-66,-3570,-1533
27,2198,-885,-2491,-4738,-1259
62,2370,-810,-4623,-3874,-936
86,2618,-742,-7320,-2332,-1941
161,2834,-628,-10268,-596,-2055
267,3185,-379,-15914,5181,-729
580,3407,-147,-22541,7103,1744
965,3391,-65,-31115,10574,4198
795,3341,112,-32768,19748,3749
301,3413,-345,-32768,18025,7388
-6,3884,-1030,-32768,21219,11024
144,4417,-1462,-32768,29866,8549
283,4971,-1620,-32768,29858,3706
107,5505,-1756,-32768,13549,5429
53,5750,-1705,-32768,15285,6356
-430,5565,-944,-32768,8553,1137
-781,5013,-820,-32768,-10952,1935
-210,4846,-795,-32768,721,5035
71,4541,-518,-32768,-5725,2637
329,4102,-485,-32768,2998,1822
577,3547,-470,-32768,6656,-1655
716,3214,-658,-32768,15589,-8610
592,2646,-754,-32768,20201,-13263
98,1949,-773,-32768,12049,-11413
-157,1475,-647,-32768,4194,-6785
-183,989,-500,-32768,2496,-2170
-182,744,-522,-32768,4401,2517
-217,653,-653,-32768,1713,3829
-312,325,-897,-31437,-906,4504
-376,-71,-1068,-24437,-2306,4662
-417,-629,-1205,-16704,-5192,4472
-324,-1248,-1354,-6620,-2775,3203
-391,-1651,-1351,2339,-2656,2306
-479,-1853,-1298,11763,-3066,2006
-488,-1795,-1115,20525,-3124,2495
-453,-1560,-886,27135,-2936,3742
-400,-1272,-696,32484,-3556,5224
-269,-919,-493,32767,-5929,6202
-66,-558,-317,32767,-8257,4945
143,-119,-184,32767,-6795,4256
271,366,-212,32767,-6651,2840
275,874,-218,32767,-7943,306
156,1384,-147,32767,-6014,-1037
82,1858,54,32767,-4090,-41
105,2221,185,32767,-1993,1325
51,2479,241,32767,-2661,947
23,2727,7,32767,-12596,-1744
11,3067,-189,32767,-6380,-3053
-53,3616,-8,32767,-7751,-1301
-210,4070,125,32767,-14610,-535
-177,4199,-49,32767,-22510,480
6,4086,-302,32767,-15766,-733
280,3868,-409,32767,-16453,-5187
437,3736,-415,32767,-13798,-8065
450,3869,-380,32767,-13875,-9191
356,4006,-568,31916,-19896,-6031
305,3549,-632,31924,-13962,-4041
198,3197,-651,27418,-3659,-6571
-49,3072,-887,26343,-18017,-6163
61,2903,-969,24186,-21001,-6711
296,2650,-914,22416,-11831,-5533
555,2471,-925,18465,-9614,-4887
859,2405,-471,13514,6810,-209
862,2935,17,9569,1448,3930
387,2675,-485,12024,957,529
-17,2582,-697,8130,-2807,-809
-93,2658,-790,3465,-4316,-863
-134,2459,-901,3191,-5042,-1142
143,2349,-1146,3412,339,647
413,2165,-1274,2640,6198,2952
120,2048,-1425,2198,5832,1928
-326,1999,-1509,1150,64,-137
-411,1916,-1507,498,-2261,-73
-172,1843,-1439,-431,-497,1663
-107,1786,-1390,-1148,962,1993
-169,1700,-1426,-777,883,994
-240,1606,-1546,-330,914,-95
-256,1508,-1642,237,33,-551
-247,1488,-1666,-398,1175,82
-383,1515,-1630,-855,114,97
-479,1484,-1645,-425,-2835,-735
-385,1426,-1686,-335,-2682,-720
-270,1365,-1712,-271,-470,-519
-236,1352,-1686,35,626,50
-299,1375,-1622,-120,418,208
-379,1397,-1575,15,-1693,-309
-328,1372,-1552,18,-1591,-542
-211,1335,-1538,209,1018,-35
-232,1337,-1502,173,2084,18
-310,1339,-1493,448,696,-392
-238,1293,-1507,661,1841,-407
-217,1263,-1540,819,2015,-626
-248,1284,-1552,814,2193,-685
-281,1320,-1557,703,2238,-524
-281,1321,-1573,995,1812,-560
-233,1317,-1597,963,3265,-219
-315,1319,-1627,908,2431,-373
-381,1319,-1661,1013,-256,-733
-336,1362,-1634,619,-39,-227
-305,1391,-1633,576,-98,115
-284,1395,-1637,700,73,-211
-262,1403,-1630,379,914,-208
-318,1421,-1621,277,-309,-508
-330,1422,-1622,314,-686,-470
-299,1410,-1632,323,-435,-382
-268,1404,-1640,332,602,-379
-247,1377,-1643,410,1151,-367
-261,1358,-1647,390,1390,-334
-361,1378,-1668,259,304,-852
-408,1396,-1674,490,-1389,-1084
-295,1394,-1667,275,124,-839
-226,1369,-1672,272,1810,-408
-291,1356,-1698,329,2688,-243
-373,1341,-1704,568,819,-280
-373,1325,-1695,737,836,-90
-411,1346,-1699,407,-75,-182
-431,1347,-1687,673,-1821,-624
-303,1340,-1667,413,-122,-215
-245,1338,-1635,315,692,101
-267,1338,-1618,354,643,-9
-304,1345,-1606,511,230,-96
-342,1356,-1602,440,-16,-392
-308,1355,-1603,427,835,-461
-246,1355,-1588,253,1579,-333
-225,1348,-1593,350,1604,-258
-258,1349,-1605,230,1218,-83
-310,1336,-1621,106,797,-17
-342,1314,-1622,213,46,-93
-361,1304,-1643,50,-377,-206
-338,1289,-1638,184,-496,-210
-294,1294,-1633,230,-50,-32
-289,1308,-1631,167,-18,137
-314,1323,-1633,180,-310,-41
-309,1327,-1644,114,-268,-92
-316,1335,-1654,110,-80,-175
-328,1346,-1653,55,-82,-139
-341,1352,-1651,57,-78,-82
-346,1354,-1654,200,-149,-86
-336,1345,-1663,266,-195,-155
-323,1340,-1682,167,125,-79
-338,1334,-1699,144,-21,-90
-355,1320,-1712,86,-95,-20
-369,1311,-1712,127,-572,74
-371,1316,-1700,-72,-828,234
-386,1332,-1685,-288,-1360,219
-403,1331,-1676,-263,-2300,-72
-354,1329,-1676,-306,-1717,53
-334,1341,-1673,-200,-1327,89
-355,1368,-1646,-195,-1188,-100
-327,1381,-1610,-228,-1089,-107
-296,1389,-1579,-632,-127,37
-321,1381,-1567,-581,-193,11
-342,1370,-1565,-448,-204,30
-324,1347,-1580,-232,-352,31
-309,1330,-1591,-132,546,-26
-331,1317,-1611,47,134,-183
-354,1308,-1620,248,218,-246
-368,1306,-1623,302,-148,-158
-368,1321,-1611,193,47,-37
-366,1344,-1601,114,55,122
-378,1365,-1594,16,-93,-29
-364,1369,-1600,184,-187,-122
-348,1380,-1613,87,541,-56
-370,1381,-1619,233,309,-180
-387,1385,-1625,164,61,-175
-389,1383,-1626,46,31,-236
-376,1381,-1625,15,617,-52
-389,1368,-1627,-60,235,-121
-391,1353,-1631,51,-192,-146
-370,1354,-1641,-37,228,-45
-359,1354,-1635,36,549,-11
-352,1354,-1634,84,686,136
-369,1360,-1621,235,709,143
-374,1376,-1602,174,677,47
-371,1384,-1576,104,143,-138
-347,1386,-1555,34,496,-194
-327,1385,-1551,1,358,-180
-318,1384,-1558,-129,777,-147
-345,1371,-1583,-153,657,-111
-382,1359,-1603,-89,65,-164
-393,1341,-1623,48,-150,-191
-384,1330,-1641,62,-75,58
-385,1338,-1646,139,61,43
-390,1352,-1638,184,-272,-52
-383,1360,-1635,127,-218,-93
-381,1371,-1627,179,39,-158
-377,1375,-1629,105,247,-86
-389,1380,-1622,95,326,-211
-383,1379,-1617,145,476,-143
-390,1380,-1605,173,223,-165
-385,1375,-1604,76,117,-164
-373,1367,-1603,37,163,-181
-367,1359,-1601,81,430,-211
-360,1354,-1602,189,443,-142
-366,1357,-1589,184,380,-195
-370,1357,-1585,198,199,-144
-377,1364,-1585,169,151,-204
-371,1358,-1595,77,309,-261
-368,1346,-1605,208,518,-247
-379,1351,-1620,130,624,-132
-402,1359,-1615,155,253,-243
-396,1365,-1602,181,-46,-49
-384,1370,-1591,81,157,-17
-385,1380,-1586,19,-142,24
-381,1388,-1586,-31,62,-2
-378,1387,-1589,32,-81,-55
-373,1390,-1596,61,52,-97
-368,1394,-1597,97,354,-93
-370,1396,-1596,23,208,-111
-376,1394,-1587,-34,233,-66
-384,1392,-1587,-51,260,-79
-391,1386,-1595,36,59,-197
-377,1370,-1611,165,279,-155
-367,1360,-1616,235,483,-158
-371,1354,-1615,182,630,-53
-393,1355,-1610,174,276,-139
-395,1356,-1602,183,170,-148
-385,1355,-1599,225,287,-73
-377,1356,-1602,155,284,-63
-374,1357,-1600,157,545,-40
-380,1358,-1594,80,329,-68
-379,1357,-1599,209,258,-49
-382,1357,-1605,214,321,-113
-373,1360,-1597,185,331,-71
-371,1368,-1589,97,336,75
-379,1374,-1583,13,379,41
-380,1376,-1588,79,215,20
-379,1375,-1603,63,254,-36
-384,1374,-1611,200,337,-104
-378,1379,-1612,251,405,-6
-377,1387,-1611,236,265,-73
-375,1398,-1599,232,186,-87
-368,1405,-1611,131,676,21
-389,1407,-1614,182,436,-147
-393,1396,-1622,78,195,-197
-385,1381,-1625,177,250,-175
-375,1376,-1615,132,339,-164
-369,1370,-1605,105,506,-182
-372,1365,-1600,170,54,-225
-344,1367,-1614,350,851,-53
-340,1364,-1608,500,970,-97
-340,1372,-1628,799,634,-178
-308,1387,-1642,1227,1325,-266
-236,1386,-1671,2031,2241,-507
-107,1392,-1683,2316,4930,-353
-88,1414,-1625,2107,6764,-361
-231,1437,-1555,2185,4700,-1087
-296,1471,-1490,2479,1562,-1829
-195,1556,-1432,1757,1337,-1492
-119,1696,-1321,693,1605,-1327
-143,1811,-1237,-377,-398,-1271
-165,1917,-1162,-1568,-2750,-1635
-107,2071,-1121,-3016,-2851,-1250
-54,2269,-1072,-4835,-731,-849
-69,2460,-906,-6724,-526,-708
-65,2697,-700,-9672,-680,-1219
105,2967,-417,-14930,1897,-446
352,3134,-55,-24070,7623,1831
518,3061,126,-30680,6963,4354
676,3097,97,-32768,10739,7640
526,3429,-298,-32768,17678,9136
131,4015,-900,-32768,27429,8258
-19,4551,-1263,-32768,27942,6037
45,5026,-1355,-32768,15399,6065
320,5516,-1302,-32768,-1893,10668
694,6024,-1322,-32768,22097,6986
312,5887,-904,-32768,10120,2919
-16,5538,-590,-32768,7770,4943
113,5271,-452,-32768,6634,4240
198,4883,-294,-32768,1607,1366
527,4466,-321,-32768,7742,-1573
742,3886,-513,-32768,12159,-6209
786,3530,-766,-32768,17899,-12567
492,3040,-1040,-32768,17505,-12651
28,2590,-1398,-32768,8231,-10196
-255,1998,-1562,-32768,3434,-3906
-248,1175,-1559,-32768,-1128,247
-121,857,-1607,-32768,3234,501
-125,501,-1753,-32768,189,1426
-519,-310,-1892,-25381,-4111,2953
-660,-1159,-1889,-12882,-8868,2289
-520,-1624,-1955,-2514,-10972,1578
-235,-1837,-1857,8128,-5243,2036
-164,-1852,-1583,17852,-2784,3216
-226,-1706,-1335,26748,-3974,4736
-211,-1473,-1089,32767,-4730,6519
-143,-1146,-834,32767,-5121,6977
-78,-758,-677,32767,-7097,6339
69,-311,-556,32767,-9179,5089
259,227,-408,32767,-9048,2722
306,807,-418,32767,-7397,566
258,1418,-309,32767,-4099,-231
180,1976,-248,32767,-2222,-1837
31,2439,-95,32767,-1927,-693
69,2807,103,32767,-4453,-383
133,3154,-71,32767,-7970,915
271,3492,-142,32767,-2039,1053
305,3837,-148,32767,-8491,1068
106,4115,-192,32767,-9416,490
-145,4366,-148,32767,-11489,-1507
-315,4394,-217,32767,-24074,-2555
-314,4353,-303,32767,-23724,-3233
-57,4148,-320,32767,-21480,-5841
262,4062,-690,32767,-29969,-7375
708,4283,-929,32332,-19595,-7399
1219,3911,-878,32023,-8581,-6208
1063,3539,-829,26130,5457,-7561
311,3360,-647,25310,-6729,-5980
-80,3157,-580,24022,-24423,-5041
34,2896,-627,20070,-20799,-5219
556,2975,-348,9814,-10789,-1410
1071,3015,40,7117,-4209,2126
926,2407,-373,10199,-680,1010
622,2156,-899,6998,1410,-310
500,2024,-1220,7846,2638,876
91,2011,-1373,8119,4571,1682
-328,2121,-1510,8111,-5123,971
-161,2112,-1328,7619,225,360
-59,2462,-1142,4536,4578,-418
-272,2588,-984,2102,4633,-3440
-69,2503,-809,-1373,3715,-1021
229,2291,-830,-4017,4926,2698
76,1958,-1060,-4808,2313,1684
-136,1606,-1358,-4167,12,322
-315,1316,-1624,-2548,-288,-14
-416,1106,-1802,-1278,-981,96
-424,1024,-1840,283,-1112,916
-370,1129,-1773,386,383,1525
-307,1298,-1636,466,175,636
-195,1429,-1518,144,131,-179
-79,1527,-1454,-606,1861,209
-107,1575,-1471,-1250,2373,-16
-179,1540,-1512,-1256,1783,-252
-239,1465,-1596,-1068,1674,22
-311,1410,-1643,-570,847,85
-341,1379,-1657,-137,346,-55
-310,1355,-1665,-10,354,-141
-260,1341,-1660,183,152,-169
-222,1366,-1659,225,553,-188
-214,1397,-1637,-60,1069,-83
-235,1431,-1614,-322,848,171
-273,1450,-1598,-351,212,13
-257,1440,-1616,-260,42,-60
-248,1430,-1647,145,-383,-44
-291,1411,-1698,467,-1599,-311
-299,1373,-1715,655,-2949,-498
-206,1373,-1666,301,-1621,-48
-139,1409,-1579,-61,658,680
-193,1435,-1541,87,710,438
-228,1440,-1529,160,175,250
-214,1448,-1530,38,670,350
-215,1444,-1532,153,135,36
-191,1439,-1540,222,648,-225
-165,1440,-1531,160,1071,-203
-172,1440,-1515,178,1245,-279
-183,1431,-1525,258,980,-155
-181,1431,-1529,70,1071,14
-198,1443,-1535,-93,969,-64
-224,1450,-1545,46,250,-181
-209,1442,-1558,156,16,-232
-188,1439,-1575,87,559,-59
-219,1438,-1596,129,210,-89
-252,1421,-1618,272,-143,-246
-250,1401,-1627,406,-184,-157
-247,1413,-1605,230,-224,113
-260,1429,-1584,218,-509,-13
-230,1441,-1565,122,-212,25
-196,1443,-1553,105,-35,67
-187,1437,-1558,21,477,-35
-197,1431,-1570,110,381,-122
-209,1425,-1578,148,652,-92
-234,1426,-1568,223,141,-238
-227,1441,-1543,149,232,-100
-222,1444,-1529,243,42,-100
-196,1439,-1539,125,171,-182
-194,1447,-1545,-127,432,-142
-229,1440,-1554,102,114,-332
-228,1430,-1574,201,-63,-249
-221,1428,-1582,171,82,-138
-237,1431,-1580,127,-110,-233
-234,1434,-1571,190,-470,-217
-209,1438,-1576,37,319,-1
-227,1426,-1576,224,6,-62
-245,1418,-1594,196,-144,-186
-245,1421,-1596,228,-56,-149
-230,1428,-1588,206,41,-107
-223,1433,-1573,209,143,-120
-215,1437,-1566,77,405,-97
-221,1436,-1567,196,426,-108
-232,1427,-1580,310,295,-207
-238,1429,-1585,220,434,-199
-247,1432,-1580,148,249,-201
-250,1436,-1567,224,93,-153
-241,1436,-1565,230,284,-97
-239,1439,-1556,99,136,-141
-230,1442,-1548,-30,46,-195
-218,1441,-1549,97,396,-62
-230,1432,-1574,76,512,-146
-246,1421,-1589,227,234,-172
-252,1421,-1594,281,352,-161
-256,1428,-1584,268,121,-141
-241,1434,-1578,85,412,-127
-237,1430,-1570,72,376,-153
-238,1433,-1568,137,321,-155
-238,1437,-1561,97,565,-104
-249,1442,-1565,118,347,-136
-255,1439,-1572,195,97,-275
-242,1430,-1584,192,17,-193
-236,1435,-1567,244,-177,-128
-232,1439,-1572,149,369,-11
-255,1436,-1566,87,-205,-62
-259,1429,-1566,156,-382,-96
-244,1430,-1564,212,-88,5
-235,1431,-1569,142,46,3
-232,1430,-1567,137,190,-27
-238,1431,-1566,195,53,-105
-233,1433,-1564,169,157,-89
-240,1436,-1564,190,309,-116
-247,1433,-1564,147,10,-154
-242,1428,-1568,190,219,-156
-230,1426,-1569,200,379,-184
-228,1430,-1563,219,517,-174
-240,1437,-1560,163,370,-117
-250,1442,-1554,115,187,-197
-249,1438,-1560,96,341,-180
-237,1431,-1558,205,211,-118
-243,1436,-1560,127,329,-124
-257,1439,-1557,72,-70,-183
-255,1442,-1549,0,-200,-170
-247,1439,-1546,-35,-207,-131
-244,1438,-1546,-20,90,-107
-252,1432,-1559,0,-104,-123
-261,1421,-1583,156,18,-190
-259,1417,-1592,253,49,-199
-249,1423,-1581,307,290,-243
-245,1434,-1566,214,254,-196
-243,1437,-1570,177,561,-198
-253,1440,-1571,190,294,-227
-258,1436,-1582,87,459,-230
-264,1437,-1570,49,274,-203
-262,1428,-1570,81,323,-223
-257,1429,-1566,7,531,-198
-264,1433,-1569,25,386,-278
-259,1432,-1571,138,563,-331
-252,1430,-1579,37,682,-246
-269,1433,-1577,55,611,-294
-285,1437,-1577,56,199,-308
-281,1435,-1573,16,216,-228
-281,1434,-1577,-42,256,-128
-289,1438,-1567,-27,-11,-186
-277,1444,-1559,-77,-7,-149
-261,1445,-1553,-82,114,-69
-255,1437,-1560,67,52,-121
-248,1430,-1564,61,123,-120
-264,1436,-1559,-2,301,-140
-273,1442,-1550,-10,-56,-166
-265,1438,-1551,115,85,-78
-257,1432,-1558,214,42,-199
-246,1438,-1561,126,464,-206
-252,1440,-1556,55,622,-211
-267,1440,-1555,131,328,-150
-271,1445,-1553,133,329,-155
-269,1442,-1544,51,303,-109
-274,1439,-1538,113,468,-171
-272,1443,-1543,129,338,-139
-272,1452,-1543,38,370,-136
-273,1455,-1535,88,106,-129
-274,1454,-1538,78,269,-122
-275,1443,-1543,137,158,-132
-272,1436,-1554,77,221,-70
-276,1440,-1545,132,146,-140
-273,1448,-1544,47,330,-63
-273,1449,-1543,140,312,-131
-271,1442,-1552,204,146,-146
-259,1440,-1555,146,541,-123
-272,1445,-1553,84,437,-126
-286,1448,-1550,78,171,-209
-275,1445,-1547,96,380,-139
-273,1444,-1553,146,349,-173
-263,1437,-1570,249,582,-139
-266,1433,-1573,246,432,-205
-270,1440,-1562,141,519,-161
-286,1450,-1549,170,354,-100
-281,1450,-1541,137,239,-108
-269,1447,-1541,40,288,-58
-271,1449,-1541,97,191,-9
-276,1442,-1557,185,235,-90
-281,1437,-1565,288,232,-87
-281,1437,-1562,190,162,-82
-272,1443,-1547,322,40,-41
-252,1443,-1550,523,267,107
-231,1433,-1564,669,317,119
-212,1422,-1604,1315,877,129
-211,1424,-1678,2129,972,-21
-215,1432,-1741,2413,1185,-154
-287,1462,-1714,2403,20,-226
-375,1492,-1614,2498,-2470,-599
-283,1591,-1454,2308,-3300,-920
-74,1728,-1239,1574,-2281,-828
70,1871,-1052,471,-1744,-959
107,2019,-890,-963,-2632,-1453
145,2170,-738,-3258,-3814,-1472
203,2316,-579,-5151,-3259,-1381
250,2487,-506,-7453,-2758,-1384
276,2655,-459,-9577,-102,-1657
227,2886,-322,-13059,4260,-2122
285,3178,-18,-21000,8533,-1684
462,3239,224,-28626,8144,243
685,3149,191,-32768,9210,4807
696,3235,151,-32768,16650,7349
448,3657,-624,-32768,19567,9867
146,4228,-1266,-32768,32258,7087
-27,4757,-1539,-32768,27120,3510
-91,5199,-1382,-32768,12848,5356
236,5321,-1386,-32768,5095,10320
219,5602,-1190,-32768,19993,1476
-465,5147,-700,-32768,-3065,-3810
-475,4682,-780,-32768,-3339,3252
-207,4446,-416,-32768,3345,5648
20,3991,-391,-32768,-7245,2798
225,3531,-466,-32768,2911,2988
508,3172,-435,-32768,7725,-2710
723,2773,-550,-32768,15005,-9083
481,1886,-471,-32768,22319,-10381
-42,985,-338,-32768,13709,-9988
-431,575,-43,-32768,6501,-7556
-553,469,251,-32768,2451,-4873
-548,475,217,-31424,-1389,-1515
-376,446,20,-32318,665,-308
-383,280,-130,-28395,-2275,96
-298,180,-311,-24305,-3950,602
-188,-97,-445,-19061,-4435,1758
-93,-464,-548,-13087,-1642,1812
-112,-880,-633,-6390,11,1751
-282,-1293,-622,802,-758,2117
-430,-1621,-646,8570,-1824,2225
-520,-1728,-539,15922,-2017,2531
-513,-1572,-353,20408,-3190,3174
-391,-1333,-166,24793,-4923,3983
-215,-1084,-37,28258,-4549,3845
-76,-781,123,31152,-4553,3381
-11,-527,278,32767,-3409,2570
-40,-337,327,32767,-4795,2608
-76,-62,302,32767,-5976,2009
-85,334,154,32767,-7082,494
-41,816,81,32767,-5590,-706
-29,1236,153,32767,-5159,-611
85,1524,216,32767,-4451,-980
272,1775,167,32767,-4001,-710
421,2180,99,32767,2606,656
305,2624,204,32767,6720,987
-37,2822,41,32767,-88,-1034
-297,2994,-153,32767,-2620,-1180
-405,3439,-117,32767,-3563,221
-484,3817,-15,32767,-12581,789
-569,4035,-153,32767,-20910,1522
-592,4227,-378,32767,-19781,1185
-363,4131,-876,32767,-27219,-1465
279,4007,-913,32767,-28707,-7253
870,4008,-705,32767,-14490,-12028
666,3713,-870,31122,-6803,-10474
-70,3148,-1196,30688,-16938,-6326
-504,2856,-1244,28521,-21984,-5514
-110,2999,-1023,21716,-15243,-4832
596,3075,-419,13291,-7056,-131
851,3000,208,8207,710,3191
548,3109,293,5556,-7237,3150
314,2768,-122,4906,-8317,1797
480,2479,-379,1256,-1773,3002
657,2216,-698,1133,2858,5144
433,1864,-1231,2189,9009,5672
59,1716,-1530,2848,8390,4773
-205,1907,-1443,5623,3978,3592
-564,3948,-850,-4781,14533,-2605
-634,2957,-822,-1047,-2475,-3446
587,1857,-1093,-588,636,2293
1013,1785,-1545,-3093,19728,3582
81,1563,-1922,-1511,13665,-598
-634,1320,-1881,2214,-2425,-1960
-470,1520,-1630,1282,-2821,839
-345,1592,-1381,554,-2123,4157
-205,1628,-1274,15,-1270,2157
-65,1607,-1274,-644,595,917
-160,1567,-1314,-1197,58,592
-242,1538,-1263,-221,-4414,129
-9,1576,-1196,-286,-2050,699
186,1639,-1181,-351,2718,1204
93,1612,-1215,117,3323,1192
-68,1574,-1291,437,2070,-6
-52,1525,-1345,473,1341,-236
41,1509,-1385,284,2258,-251
65,1487,-1427,310,2973,-970
3,1529,-1450,300,2805,-1172
-97,1552,-1481,191,2751,-1174
-197,1557,-1535,30,817,-1097
-195,1550,-1542,350,-423,-738
-101,1545,-1547,-5,-44,-46
-101,1545,-1552,-496,-63,189
-135,1541,-1539,-269,-819,-227
-100,1561,-1515,-169,-471,201
-106,1581,-1498,-444,135,389
-171,1560,-1481,-339,-536,43
-159,1559,-1504,-677,-161,-287
-112,1548,-1512,-942,312,-105
-97,1539,-1490,-322,-76,-148
-100,1558,-1445,-350,-1296,137
-75,1590,-1398,-205,-314,158
-79,1583,-1425,-855,419,-15
-99,1545,-1453,-296,196,-612
-55,1539,-1444,35,525,-215
-59,1563,-1401,326,433,-275
-86,1577,-1406,189,669,-499
-114,1577,-1422,22,559,-426
-146,1581,-1436,-141,-191,-493
-167,1579,-1444,33,-710,-490
-141,1582,-1417,-74,-1357,31
-107,1599,-1406,-534,-1027,143
-82,1614,-1403,-371,-44,415
-124,1596,-1430,-539,40,142
-191,1559,-1457,17,-1405,-685
-137,1563,-1426,163,-1557,-516
0,1609,-1377,-658,1672,628
-73,1596,-1384,-398,963,-382
-181,1553,-1427,135,-783,-1437
-98,1588,-1404,-134,-288,-353
-41,1617,-1402,-842,1521,481
-124,1600,-1425,-703,588,-445
-146,1560,-1453,-227,-158,-1216
-76,1569,-1435,-163,251,-1003
-9,1599,-1369,3,1011,-360
-20,1638,-1383,-1160,2264,-426
-115,1606,-1436,-895,1981,-1185
-178,1556,-1499,-434,100,-2018
-72,1549,-1462,-35,-304,-1569
53,1588,-1381,-176,893,-901
73,1625,-1407,-1134,2847,-1354
-46,1593,-1457,-1264,3074,-2344
-214,1541,-1544,-850,2190,-4008
-332,1489,-1558,-324,-113,-4413
-272,1493,-1432,619,-1563,-4098
-86,1582,-1294,471,1206,-3919
0,1659,-1153,70,3324,-3725
-65,1701,-1063,75,931,-3294
-62,1696,-922,1297,-2046,-3243
-24,1720,-836,784,-3055,-2395
-114,1754,-717,901,-7143,-2689
-51,1730,-685,1522,-9984,-2933
193,1673,-723,1032,-8289,-2563
408,1554,-679,-153,-4524,-3026
370,1450,-624,-760,-2607,-4778
236,1547,-658,-3106,4007,-4942
39,1824,-1085,-6554,11132,-5433
-536,1782,-1828,-7478,14254,-4464
-1534,1569,-2138,-781,1269,-5632
-1859,1410,-2231,6044,-18863,-3784
-1170,1432,-2301,5450,-8091,-281
-531,1587,-1914,1387,5342,1820
-662,1557,-1457,482,4556,538
-1196,1651,-1378,518,-8994,-4966
-1263,1632,-1530,482,-11277,-5182
-890,1443,-1552,1921,-7322,-1194
-470,1362,-1521,2109,598,760
-497,1362,-1430,2193,961,-380
-685,1434,-1451,2023,-2044,-2545
-742,1486,-1500,900,1026,-1915
-816,1510,-1444,663,2810,-387
-954,1525,-1336,593,-919,-199
-978,1521,-1255,778,-5265,-341
-851,1541,-1276,-179,-5330,205
-755,1541,-1340,-437,-3332,770
-750,1520,-1390,-416,-1108,1270
-777,1492,-1384,638,-1160,1451
-729,1482,-1379,826,278,1957
-741,1495,-1369,468,1307,2237
-843,1542,-1342,-305,734,1847
-919,1578,-1315,-778,-1191,1659
-876,1578,-1286,-1065,-1863,2125
-819,1563,-1288,-1638,-1594,2816
-818,1535,-1305,-1544,-2309,3098
-797,1521,-1299,-1338,-2101,3206
-730,1513,-1295,-1328,-1791,3502
-633,1507,-1266,-1274,279,3593
-599,1517,-1249,-1526,1814,3620
-638,1533,-1231,-1453,1697,3699
-678,1562,-1211,-1445,1599,3955
-718,1593,-1199,-1137,495,4524
-758,1643,-1176,-834,-714,5057
-743,1704,-1152,-1007,-766,5496
-693,1746,-1129,-1488,1017,5501
-675,1766,-1151,-1904,1337,5163
-671,1719,-1156,-1373,-1375,5238
-609,1637,-1160,-671,-2728,5012
-438,1600,-1200,-763,-2164,4595
-185,1626,-1202,-950,1596,3833
1,1644,-1159,-1278,3848,2768
56,1616,-1124,-325,4436,2675
68,1718,-1038,-231,5480,2029
92,1670,-924,756,3367,1335
59,1698,-906,576,2729,992
-23,1726,-832,800,2327,219
-4,1702,-815,1546,-277,-349
168,1679,-926,1796,74,-609
260,1653,-1035,1549,4412,-39
135,1682,-1074,924,5511,-567
-34,1691,-1048,1775,2676,-965
-171,1833,-1039,1154,-485,-1043
-312,1811,-998,1940,-4677,-987
-405,1623,-942,2523,-9235,-563
-126,1704,-1172,3738,-13716,-7
248,1609,-1741,-5086,10258,-754
-361,1286,-1291,2546,17325,2174
-1003,1623,-1266,4157,-13676,185
-561,1639,-1563,7103,-12447,-1802
57,1697,-1564,4232,6324,932
228,1672,-1443,2822,12690,-314
-81,1504,-1475,2453,6908,-2032
-452,1586,-1458,1057,3260,-2222
-618,1714,-1407,985,633,-1176
-511,1752,-1363,1047,1991,-740
-429,1717,-1336,1868,1312,-742
-358,1638,-1346,1754,1396,-871
-227,1586,-1329,1564,2133,-597
-161,1633,-1361,212,3752,-385
-218,1633,-1399,-27,3474,-767
-297,1620,-1419,-113,2362,-494
-378,1598,-1429,177,1079,-194
-429,1597,-1426,502,-621,92
-385,1628,-1411,-137,-555,740
-330,1639,-1404,-160,-486,967
-336,1646,-1408,10,-1024,670
-331,1598,-1388,338,-2234,691
-334,1600,-1343,462,-2485,537
-317,1635,-1301,1315,-3525,-229
-127,1606,-1345,498,-567,674
-81,1622,-1306,289,1517,832
-194,1636,-1351,411,-154,-349
-224,1601,-1367,614,-1764,-516
-132,1564,-1378,983,254,156
-176,1559,-1415,240,1198,236
-305,1564,-1418,716,-990,-675
-268,1581,-1417,404,-856,-394
-194,1599,-1404,-5,1254,177
-230,1592,-1380,322,574,-225
-240,1590,-1367,463,226,-353
-237,1593,-1359,438,682,-64
-262,1597,-1312,602,366,-360
-259,1596,-1276,869,-807,-903
-163,1596,-1233,750,-166,-985
-48,1605,-1220,275,2527,-916
-106,1607,-1268,-7,3280,-957
-220,1575,-1344,604,2181,-1358
-293,1571,-1411,661,1656,-1060
-354,1579,-1432,617,838,-957
-377,1588,-1418,458,279,-790
-352,1596,-1395,224,186,-460
-351,1593,-1419,-43,367,-36
-394,1560,-1465,389,148,-301
-402,1539,-1502,601,-433,-299
-391,1543,-1496,722,-424,-394
-363,1568,-1453,820,-2,-316
-345,1598,-1422,785,70,-261
-366,1610,-1402,863,-961,-343
-369,1606,-1400,887,-2685,-269
-312,1607,-1386,955,-2798,-33
-270,1595,-1406,300,-1921,182
-287,1549,-1410,540,-2607,-53
-286,1540,-1424,431,-2671,-96
-283,1542,-1432,352,-1804,-24
-307,1534,-1454,329,-1006,-29
-343,1524,-1452,415,-1675,-276
-320,1530,-1451,288,-1680,-264
-308,1550,-1440,-146,-1142,-173
-320,1554,-1416,-124,-83,-132
-353,1552,-1419,-51,-774,-228
-362,1542,-1427,119,-522,-260
-361,1537,-1438,-8,-588,-148
-360,1531,-1433,-15,-400,-14
-367,1529,-1428,-42,-284,-35
-367,1532,-1418,56,-64,26
-380,1539,-1424,152,663,-32
-393,1528,-1422,386,280,-97
-368,1511,-1434,551,426,-3
-361,1516,-1421,527,1121,-30
-354,1533,-1405,728,704,71
-339,1543,-1411,676,1337,35
-336,1541,-1402,777,1380,-166
-326,1538,-1403,750,1748,-62
-331,1535,-1401,679,2439,35
-349,1544,-1382,562,1729,56
-347,1552,-1381,567,1575,102
-355,1570,-1389,427,1249,24
-357,1572,-1403,493,465,-235
-337,1555,-1422,612,354,-329
-321,1543,-1435,478,1565,-225
-315,1529,-1455,406,1452,-37
-338,1533,-1441,311,1537,-68
-367,1543,-1421,438,58,-122
-360,1563,-1422,413,-203,4
-335,1563,-1409,326,-309,299
-284,1559,-1398,-110,867,494
-273,1569,-1436,-327,1246,500
-277,1524,-1445,365,2455,537
-259,1464,-1541,1101,2808,176
-285,1455,-1560,1793,3454,-305
-328,1451,-1538,2300,2659,-691
-327,1475,-1480,2337,1668,-1096
-242,1522,-1381,2700,755,-1212
-109,1584,-1298,2828,440,-1242
-26,1669,-1204,2096,-181,-1376
-15,1795,-1093,1195,-1214,-1604
-61,2014,-947,-415,-3076,-1750
-82,2157,-832,-1863,-5185,-2248
12,2253,-767,-2841,-7286,-3036
248,2356,-716,-3962,-4333,-3226
430,2506,-646,-5510,-11,-3104
506,2671,-446,-6871,2345,-2533
634,2945,-98,-9895,6973,-1908
1148,3188,251,-18314,10514,1371
1945,3309,234,-26230,15638,5768
1917,3602,411,-32768,32767,4799
1007,3886,84,-32768,32767,5205
189,4500,-836,-32768,27574,7271
-167,4917,-1527,-32768,32767,2553
-339,5429,-1666,-32768,21545,1292
-351,6098,-1535,-32768,4685,4250
122,6475,-1355,-32768,18359,5415
-419,6195,-962,-32768,3127,-290
-786,5478,-984,-32768,-10059,3270
-128,5016,-930,-32768,-2152,5860
433,4550,-531,-32768,2332,2864
804,4099,-713,-32768,4756,-397
1047,3802,-1108,-32768,17582,-7281
929,3305,-1470,-32768,29228,-13890
-90,1937,-1413,-32768,11847,-12507
-444,1229,-977,-32768,4787,-8103
-374,919,-625,-32768,2145,-3897
-313,880,-613,-32768,-2587,-1060
-99,886,-876,-32768,-1687,1620
-120,647,-1070,-31937,1398,4184
-250,255,-1179,-25084,-2863,5004
-261,-306,-1324,-17299,-5477,4933
-170,-1010,-1491,-7370,-3503,4182
-302,-1607,-1577,3685,-2459,4074
-473,-1888,-1544,15102,-4225,4837
-537,-1874,-1462,25068,-4827,5416
-531,-1666,-1315,32767,-4149,5401
-476,-1227,-1022,32767,-3021,5763
-431,-706,-708,32767,-7339,4671
-332,-176,-523,32767,-12746,3476
-152,355,-419,32767,-13170,1474
42,912,-377,32767,-14988,-897
277,1473,-318,32767,-9014,-2077
475,1952,-263,32767,-8063,-3019
651,2413,-328,32767,-3167,-3414
679,2964,-317,32767,1673,-3196
531,3511,-413,32767,2819,-2564
195,3843,-334,32767,3175,-1237
-180,4132,-293,32767,1596,-1756
-623,4380,-511,32767,-9256,-31
-1022,4589,-454,32767,-15062,1434
-1122,4539,-287,32767,-26164,358
-814,4476,-484,32767,-32768,-3760
-385,4548,-1249,32767,-32768,-7041
245,4554,-1161,32767,-30696,-12000
922,4149,-614,32767,-25259,-13017
995,3554,-906,28837,-22918,-10837
956,3231,-1193,26865,-21779,-9442
1220,3118,-1235,24524,-6818,-6868
1463,2911,-739,20443,11736,-1211
1078,2953,122,10882,16981,1516
-27,3366,787,2464,4310,442
-905,2800,-284,11818,-28935,-1861
-314,2549,-700,4173,-14463,964
878,2513,-954,4928,6163,5777
917,2014,-1477,5371,10281,6357
284,2012,-1521,3501,8411,3465
-133,2548,-1368,3809,8370,3136
-753,3338,-855,-2686,7621,-1080
-511,2456,-801,-1940,-4724,-3672
682,2067,-966,-4243,8969,5427
646,1846,-1393,-5072,14208,5696
-294,1361,-1727,-1105,4704,-151
-693,1216,-1738,1770,-5335,-3066
-321,1443,-1524,1141,-2566,591
-109,1586,-1302,-104,1655,3404
-185,1611,-1229,29,-570,1423
-56,1518,-1234,581,-169,-274
106,1525,-1300,238,2373,-671
57,1516,-1362,291,2633,-868
-91,1537,-1398,56,1778,-416
-244,1531,-1437,560,-133,-376
-269,1512,-1467,944,-1095,-296
-195,1496,-1458,358,-543,-76
-138,1498,-1409,184,-694,90
-134,1528,-1400,38,-918,-267
-134,1525,-1423,-3,-815,-631
-165,1518,-1468,265,-625,-800
-218,1485,-1527,285,-335,-803
-240,1471,-1517,505,-593,-588
-224,1489,-1496,445,32,-608
-209,1494,-1486,554,459,-515
-224,1484,-1509,617,536,-656
-264,1477,-1544,835,-250,-722
-273,1489,-1576,690,-66,-636
-293,1479,-1584,642,-566,-581
-303,1472,-1577,862,-1330,-571
-275,1466,-1577,694,-695,-325
-238,1467,-1555,445,-186,-3
-244,1473,-1545,245,189,53
-274,1477,-1542,212,-455,50
-299,1467,-1549,300,-647,-42
-296,1467,-1558,265,-636,-100
-278,1466,-1559,389,-414,-144
-243,1472,-1527,284,-43,-123
-233,1498,-1490,24,58,40
-269,1512,-1487,176,-463,63
-284,1502,-1487,144,-1267,-190
-244,1488,-1510,145,-188,-176
-240,1479,-1524,-9,-200,-62
-264,1474,-1525,-261,-141,-73
-292,1479,-1503,-405,-1133,-23
-288,1491,-1479,-660,-1427,66
-268,1507,-1469,-1147,-1191,94
-249,1510,-1471,-1019,-217,56
-264,1499,-1503,-778,-129,-180
-283,1469,-1539,-246,-219,-368
-297,1437,-1597,38,-675,-418
-291,1424,-1607,311,679,-366
-310,1424,-1591,606,631,-274
-330,1439,-1559,597,550,-131
-335,1452,-1536,497,373,-37
-334,1469,-1513,412,310,-131
-310,1491,-1495,343,352,-116
-290,1508,-1480,287,653,-144
-284,1517,-1474,310,335,-117
-273,1507,-1477,296,288,-329
-250,1496,-1470,213,928,-137
-260,1497,-1452,44,910,-25
-290,1499,-1458,-337,948,4
-325,1488,-1467,-40,418,-237
-296,1480,-1479,100,28,-207
-264,1492,-1492,34,754,-148
-269,1500,-1487,31,755,-284
-264,1501,-1491,87,498,-214
-279,1501,-1490,27,988,-271
-294,1488,-1502,31,323,-207
-296,1485,-1496,37,351,-278
-299,1485,-1503,68,348,-190
-301,1489,-1504,171,243,-244
-286,1487,-1513,148,179,-241
-282,1495,-1500,81,487,-254
-293,1502,-1494,-137,212,-206
-308,1503,-1494,-107,450,-249
-317,1486,-1507,187,-479,-219
-305,1476,-1521,243,362,-148
-312,1475,-1518,274,-74,-181
-300,1492,-1508,-7,256,-102
-316,1505,-1487,78,-107,-122
-308,1500,-1482,-35,-210,-111
-309,1500,-1479,-36,-28,-155
-313,1500,-1486,-23,-401,-80
-309,1497,-1500,41,134,-153
-315,1493,-1510,27,-545,-103
-305,1490,-1519,-41,-248,-91
-312,1488,-1507,67,-363,-110
-310,1485,-1501,175,-437,-81
-307,1494,-1492,-38,-172,-42
-315,1501,-1477,-218,-573,-23
-318,1513,-1466,-386,-675,34
-311,1516,-1458,-422,-365,76
-310,1505,-1458,-688,-550,192
-316,1500,-1466,-550,-367,331
-346,1501,-1477,-633,236,192
-382,1486,-1497,-171,-146,-90
-348,1470,-1533,170,-535,-130
-299,1470,-1538,338,919,-54
-299,1481,-1519,439,1370,-114
-304,1492,-1501,486,911,-88
-315,1499,-1490,462,1233,-53
-337,1504,-1474,231,953,-127
-322,1501,-1460,291,711,-96
-301,1505,-1440,296,1037,-56
-288,1520,-1427,154,1377,42
-286,1531,-1424,74,995,19
-283,1530,-1417,-65,890,-53
-290,1524,-1430,-42,1081,-123
-288,1506,-1449,398,1291,2
-271,1499,-1456,748,1998,205
-295,1507,-1439,359,1843,135
-330,1524,-1472,238,1034,-86
-328,1513,-1490,326,-124,-152
-294,1501,-1516,368,142,-91
-277,1502,-1509,137,291,-41
-276,1505,-1497,125,229,-68
-272,1504,-1491,49,397,-11
-291,1504,-1480,64,-279,-29
-299,1500,-1483,233,-239,-19
-298,1497,-1481,261,-462,-170
-266,1503,-1472,134,-72,-68
-258,1516,-1454,-21,-12,-7
