184,1731,870,224,338,-34
182,1727,854,174,377,103
189,1721,866,293,248,356
185,1728,876,434,440,114
175,1738,872,413,415,-144
178,1732,861,343,452,-71
180,1721,869,466,956,19
169,1724,862,418,608,-18
158,1734,875,323,489,-74
141,1730,876,199,-30,-56
146,1731,884,150,130,-157
157,1735,892,27,336,-258
159,1732,888,4,214,-365
160,1724,878,-63,62,-386
170,1721,876,-37,-18,-239
191,1731,880,93,149,-90
198,1731,869,-41,243,7
183,1731,876,-32,224,-91
167,1728,874,-9,-16,-170
172,1722,870,63,114,-122
176,1729,875,98,68,-123
189,1731,876,226,365,-36
191,1727,868,334,275,68
183,1727,865,260,394,41
167,1728,866,207,353,-53
157,1733,869,114,61,-107
157,1735,870,25,199,-78
159,1728,877,186,327,-38
161,1727,873,142,98,-31
166,1730,879,179,337,-160
172,1725,880,93,208,-151
171,1722,880,47,158,-105
173,1724,890,-29,183,-76
174,1721,891,137,255,-71
173,1721,890,158,212,-171
177,1723,875,224,-30,-150
192,1732,870,165,440,-50
184,1733,864,79,511,-59
166,1724,859,116,200,-6
167,1722,860,162,187,48
169,1735,867,91,276,-73
169,1740,869,41,134,-77
166,1730,872,59,6,4
156,1721,869,155,119,-50
161,1724,877,160,27,-99
176,1726,884,132,361,-68
179,1724,887,230,330,-57
177,1723,879,259,240,-63
173,1724,877,171,372,6
169,1726,887,151,314,-59
175,1725,877,161,220,-90
177,1725,870,246,416,-146
172,1726,871,179,498,-129
161,1726,870,216,299,-175
162,1730,865,117,82,-232
176,1728,871,151,60,-190
183,1725,873,145,164,-140
189,1723,873,237,184,-56
190,1727,872,196,423,-22
188,1724,873,213,420,-40
179,1725,875,152,655,-101
162,1724,872,243,303,-153
153,1727,873,194,321,-148
153,1735,871,213,295,-52
153,1729,869,152,289,5
152,1724,877,147,132,-7
152,1726,882,32,220,-59
150,1722,885,54,-149,-49
160,1724,897,123,209,-80
174,1730,889,135,115,-45
176,1723,878,111,400,87
161,1720,874,87,331,-29
152,1722,876,106,18,-132
172,1730,878,236,251,-120
187,1733,867,219,342,22
186,1731,866,144,771,-120
162,1732,864,85,533,-280
151,1733,861,24,60,-341
170,1725,860,33,131,-70
181,1731,870,-47,693,-14
161,1730,874,-78,475,-29
139,1724,884,-66,-36,-51
139,1721,893,53,-348,-144
157,1724,895,50,-403,-182
188,1725,898,72,7,-170
221,1714,896,165,216,89
227,1711,895,162,649,115
203,1710,895,155,481,102
168,1713,896,140,152,7
161,1723,895,153,-64,-130
172,1729,875,74,78,-104
185,1730,874,268,331,-105
191,1728,868,196,347,-10
184,1724,866,122,358,-57
181,1719,870,149,141,-63
180,1724,877,129,417,-122
176,1723,882,163,117,-100
184,1719,883,98,198,47
173,1720,894,89,89,-58
174,1726,896,130,204,-129
178,1722,889,19,173,-85
175,1713,889,94,43,-49
176,1715,894,4,84,-50
186,1719,905,93,360,-111
184,1720,892,129,405,-130
180,1712,883,175,344,-43
172,1720,879,166,152,-83
166,1728,877,124,339,-136
157,1727,875,49,106,-66
159,1725,878,136,47,-65
170,1724,881,92,12,-23
179,1723,882,200,137,-67
186,1727,872,169,215,-32
183,1726,879,159,566,-71
170,1718,876,287,102,-47
176,1719,877,182,356,-54
173,1721,880,145,184,-52
174,1723,885,225,316,-98
179,1722,884,287,289,-51
178,1723,884,269,392,-83
179,1719,882,311,220,-77
179,1719,882,194,352,-107
177,1723,884,186,226,-123
177,1720,883,224,299,-145
178,1722,883,177,43,-154
180,1723,881,116,64,-196
188,1718,884,149,143,-33
192,1720,888,121,205,-15
190,1721,888,172,266,-143
193,1721,892,172,239,-59
188,1717,885,158,369,-80
174,1718,880,88,283,-115
173,1719,884,185,121,-67
173,1727,879,106,68,-83
173,1727,887,268,189,-109
175,1725,883,244,296,-144
174,1717,879,234,326,-94
175,1720,885,184,372,-119
177,1720,881,193,218,-136
173,1722,885,183,305,-145
173,1722,888,263,188,-76
172,1721,883,162,283,-77
170,1723,883,192,154,-68
180,1724,885,146,267,-122
186,1722,878,215,317,-79
182,1723,874,276,358,-113
179,1724,875,245,361,-76
172,1723,875,183,289,-109
173,1726,882,155,147,-84
172,1724,886,134,388,-84
162,1719,887,97,266,-179
146,1716,884,-36,165,-330
137,1717,887,22,-13,-533
152,1723,881,-13,-354,-453
188,1724,878,168,70,-252
208,1726,874,144,646,-137
207,1726,878,288,553,-76
188,1726,874,205,713,-143
162,1724,875,192,347,-169
155,1722,879,144,324,-223
157,1718,879,171,86,-117
171,1722,884,139,181,-10
178,1725,886,157,168,51
170,1726,891,187,316,-80
163,1726,886,167,335,-133
162,1718,881,171,280,-117
165,1719,883,117,275,-79
163,1724,880,195,113,-57
168,1730,888,133,479,2
161,1728,885,180,270,0
159,1727,885,185,346,-22
162,1725,884,172,218,29
167,1721,880,213,323,-2
168,1722,876,218,275,11
172,1729,876,10,358,99
162,1726,883,78,297,116
148,1722,881,178,120,-27
144,1722,874,117,-128,-115
158,1726,882,119,237,-101
164,1725,871,212,22,-60
177,1726,873,172,300,-76
183,1723,865,156,248,-43
180,1721,880,124,445,-72
161,1727,891,85,313,-160
148,1722,884,163,-269,-155
179,1716,883,46,-77,102
192,1719,883,107,110,27
196,1729,895,131,482,-37
184,1725,885,138,456,-87
164,1717,880,-4,136,-74
155,1721,886,39,117,-164
150,1727,887,-82,-144,-230
174,1717,891,122,-216,-49
191,1715,893,95,125,-11
191,1719,903,-10,191,-67
187,1717,901,68,260,-83
183,1711,896,119,-84,-107
189,1714,890,161,103,-77
193,1721,881,218,339,-62
194,1721,882,187,716,-53
185,1722,875,224,503,-77
176,1720,869,224,430,-152
165,1719,868,180,242,-69
159,1726,882,172,204,-40
161,1726,885,202,-56,-38
173,1721,890,82,129,-65
180,1716,902,250,256,-33
177,1715,891,136,259,-73
175,1711,899,130,145,-141
182,1718,906,99,208,-144
189,1718,901,228,496,-78
181,1715,894,139,322,-13
175,1716,897,263,195,-18
183,1717,885,167,178,50
188,1722,879,172,293,41
179,1724,871,204,464,-13
167,1722,873,228,231,-15
166,1725,875,118,301,-38
166,1723,879,117,330,-64
164,1718,886,125,133,16
168,1720,892,-12,-65,-57
170,1719,892,6,109,-53
168,1719,894,-51,150,-79
167,1716,897,105,246,-74
164,1713,891,220,-65,-72
176,1716,897,227,119,-91
177,1725,888,234,39,-98
185,1723,893,192,481,-183
187,1721,889,150,354,-199
182,1720,881,159,168,-198
179,1719,871,77,204,-139
182,1715,876,82,32,-30
193,1722,879,101,63,44
191,1730,884,121,173,-74
183,1725,883,91,114,-118
179,1714,884,112,46,-167
188,1716,889,-15,264,-159
201,1715,896,152,273,-109
210,1714,899,227,424,-59
206,1709,894,171,388,-20
194,1710,892,113,174,33
181,1712,892,78,515,-75
170,1714,895,74,29,-124
176,1716,898,14,149,-147
184,1719,896,-33,154,-205
184,1715,898,26,115,-84
181,1714,898,73,60,-55
193,1709,897,151,-48,-35
203,1708,894,257,248,-69
208,1712,897,198,238,28
205,1713,898,210,547,-103
194,1712,896,220,510,-160
186,1714,890,205,339,-121
177,1717,889,317,513,-108
175,1719,883,281,193,-3
169,1720,886,141,337,-11
162,1717,896,187,144,-174
172,1714,897,207,89,-187
180,1715,901,101,105,-138
179,1716,897,240,126,-117
189,1712,892,298,262,-10
193,1715,894,246,464,-13
186,1718,900,299,479,-65
183,1715,897,234,262,-93
187,1717,889,295,376,-74
189,1720,884,169,445,-29
177,1721,880,96,334,-97
168,1720,883,249,113,-85
168,1722,880,216,416,-99
165,1718,881,165,173,-78
167,1717,888,179,348,-119
175,1717,897,136,119,-137
185,1717,895,109,120,-94
193,1717,899,203,379,-85
183,1713,892,180,207,-43
182,1715,890,186,246,-39
185,1720,887,220,249,-8
180,1718,890,189,366,-54
176,1720,888,255,371,-99
172,1719,880,227,394,-158
168,1719,869,299,241,-196
179,1724,877,237,304,-113
176,1725,878,75,484,-108
166,1723,890,195,200,-96
169,1716,886,101,-21,-19
174,1714,894,134,-24,-39
186,1719,902,219,194,-35
187,1720,896,162,182,-117
194,1717,892,181,341,-100
193,1718,881,119,677,-72
177,1714,880,285,250,-81
171,1717,880,199,164,-70
171,1725,877,48,16,-49
172,1725,877,44,65,-83
170,1724,881,88,311,-128
158,1725,884,184,201,-311
158,1722,882,71,114,-246
188,1712,889,256,112,24
194,1714,898,125,188,-24
197,1720,900,118,79,-68
198,1718,891,93,280,-35
187,1708,888,246,276,-2
186,1714,886,204,307,7
187,1721,884,323,481,-53
175,1724,879,234,239,-76
165,1727,881,209,288,-113
157,1720,879,132,-25,-58
166,1718,890,151,116,28
181,1718,895,140,57,-11
184,1721,890,63,391,-67
177,1713,893,192,245,-65
174,1717,890,151,441,-143
179,1722,884,150,81,-34
186,1724,887,152,559,-67
175,1718,876,107,101,17
174,1719,885,166,379,-142
175,1721,878,191,166,-94
184,1720,876,158,175,-87
186,1719,874,141,482,-85
179,1721,879,185,302,-118
174,1726,895,140,272,-244
176,1720,886,152,66,-139
182,1711,883,131,7,-38
199,1719,895,242,224,41
206,1725,896,196,541,-11
191,1718,889,182,362,-64
179,1709,890,127,307,-102
175,1712,884,131,98,-111
185,1720,882,155,292,-115
191,1727,877,261,346,-18
185,1727,876,237,455,32
170,1722,873,243,261,-31
167,1718,871,256,111,-139
177,1720,886,225,334,-183
190,1718,887,299,185,-68
205,1720,889,220,469,26
196,1725,889,196,456,26
179,1718,890,230,433,-77
170,1710,885,237,241,-103
172,1718,884,178,287,-125
179,1728,874,124,222,-20
176,1727,884,107,453,-56
165,1721,883,103,246,-108
163,1717,886,128,79,-121
171,1721,882,96,52,-105
179,1726,890,50,352,-107
183,1722,885,155,374,-60
185,1715,880,174,161,11
175,1719,883,217,184,-27
173,1725,884,227,74,-94
182,1722,879,185,116,-42
191,1721,884,215,509,-47
191,1719,878,181,304,-24
186,1722,879,173,550,-71
176,1718,877,185,143,-38
170,1722,887,203,133,-76
176,1723,885,213,-3,-62
190,1722,881,159,293,-27
194,1721,884,114,396,-57
184,1716,883,129,370,-118
177,1718,885,125,245,-107
178,1719,878,92,87,-124
186,1723,881,163,347,-79
181,1723,879,152,386,-96
169,1721,880,87,255,-137
174,1721,876,140,-12,-85
184,1724,875,73,222,-75
187,1724,879,159,196,-88
185,1723,877,157,245,-47
178,1721,873,164,305,-95
172,1724,872,144,22,-89
184,1720,883,172,147,-110
197,1720,887,209,165,-121
204,1720,884,140,397,-100
197,1717,881,187,444,-53
185,1716,883,189,282,-89
179,1718,884,184,180,-115
177,1719,885,193,81,-81
180,1721,892,156,227,-144
186,1720,888,165,188,-99
191,1718,886,157,364,-58
190,1718,884,177,255,-60
180,1718,880,187,258,-128
177,1721,889,159,259,-126
183,1721,888,231,305,-81
184,1720,883,231,433,-59
174,1720,882,183,270,-103
171,1722,876,166,197,-107
175,1721,873,174,140,-63
186,1722,880,154,307,27
181,1721,884,161,368,-50
177,1720,882,119,267,-33
184,1719,874,165,254,18
187,1720,876,119,210,26
186,1723,879,115,220,17
185,1721,886,76,469,1
170,1718,882,99,213,-43
169,1718,883,268,57,11
174,1724,874,151,118,-4
180,1727,880,115,229,10
175,1722,888,309,340,-59
176,1716,884,170,226,-51
178,1720,891,178,189,-42
177,1722,888,140,108,-118
181,1716,882,176,255,-77
183,1718,880,187,237,-7
184,1725,878,230,338,-75
177,1727,878,195,273,-100
174,1723,881,141,-36,-115
188,1722,882,152,173,-103
196,1721,880,138,384,-61
185,1718,877,161,280,-34
176,1720,877,116,33,-39
182,1726,880,59,43,-94
181,1727,893,156,389,-243
176,1721,887,154,157,-228
180,1715,888,77,224,-204
192,1716,883,72,-20,-109
208,1719,887,112,355,-78
209,1719,889,166,391,-51
191,1721,883,132,560,-107
168,1720,875,175,192,-119
172,1720,876,56,174,-94
190,1722,881,130,230,-22
198,1723,883,198,399,6
189,1722,880,111,402,-87
178,1719,876,128,254,-63
171,1720,876,131,-6,-121
181,1724,882,176,76,-102
195,1722,882,189,273,-23
199,1720,884,145,513,-5
192,1715,885,213,530,-10
185,1716,882,228,226,-65
179,1719,880,213,266,-115
177,1722,884,156,439,-149
180,1723,891,106,427,-90
178,1719,894,125,343,-97
172,1714,891,157,162,-63
174,1718,891,99,181,-69
184,1721,893,110,190,-65
190,1719,882,155,400,-44
189,1719,874,258,267,-25
189,1725,875,236,504,80
177,1726,879,222,303,-17
169,1722,883,214,59,-143
184,1722,879,166,181,-117
198,1722,882,187,509,-70
191,1716,878,146,360,-31
183,1717,886,171,306,-125
180,1719,886,138,61,-121
187,1721,895,123,189,-92
193,1720,892,141,390,-72
190,1717,887,241,349,-87
188,1717,876,200,313,-95
196,1719,878,278,434,26
197,1726,876,198,608,59
181,1725,882,168,644,-78
166,1721,882,148,235,-113
164,1720,882,213,93,-148
174,1723,886,188,68,-125
188,1722,882,218,290,-111
193,1721,880,159,530,-124
189,1717,881,200,462,-34
176,1717,881,197,377,-123
161,1721,880,182,16,-168
173,1724,881,149,109,-32
178,1726,884,131,342,-100
175,1723,886,57,456,-148
171,1717,888,124,296,-94
166,1719,884,226,217,-147
169,1726,889,77,284,-189
177,1726,887,73,233,-213
189,1719,880,142,353,-69
181,1719,880,70,601,-40
160,1723,881,134,234,-99
158,1725,875,243,-114,-115
170,1729,869,155,73,-81
178,1729,871,136,234,-81
184,1721,871,205,352,-73
183,1718,879,197,91,-74
184,1724,887,208,397,-154
183,1725,884,193,343,-99
179,1722,883,194,300,-79
175,1719,884,138,224,-53
174,1721,889,123,273,-106
179,1724,894,56,349,-60
178,1723,892,135,385,-73
174,1721,885,206,130,-63
174,1724,875,171,-6,-41
177,1724,876,113,334,-51
173,1722,876,154,419,-65
168,1722,875,192,297,-133
171,1723,871,244,246,-160
178,1724,874,253,183,-79
179,1726,881,98,309,-58
177,1721,888,180,219,-94
180,1713,890,255,249,-104
189,1716,885,239,468,16
204,1726,892,164,619,109
189,1723,893,90,710,-11
159,1715,896,61,346,-143
155,1714,884,282,39,-209
177,1723,866,264,79,-57
192,1736,874,153,446,-4
180,1730,881,137,598,-43
165,1718,884,198,337,-143
166,1717,879,302,209,-185
185,1728,875,207,324,-57
194,1726,869,131,568,68
189,1718,873,244,535,79
179,1718,883,135,514,61
164,1723,891,94,401,-14
159,1734,900,195,328,-190
158,1759,918,422,735,-728
154,1789,935,432,785,-1476
172,1822,945,146,622,-2474
214,1772,966,909,1326,-2569
234,1740,991,1251,2863,-2772
189,1698,1015,-766,2963,-2234
73,1615,1069,-2391,3575,-1898
-104,1563,1061,-5205,2281,-1165
-192,1475,1183,-5953,-194,-2270
-152,1457,1342,-6672,-1495,-3309
-63,1462,1454,-6944,-2255,-3809
-15,1439,1515,-7485,-2332,-3846
-29,1398,1563,-8485,-1625,-3206
-58,1323,1668,-8130,-32,-1803
-115,1200,1783,-6038,554,-689
-206,856,1514,1880,31,-2464
-110,486,1029,4297,-3570,219
19,373,1028,8608,-3916,4426
-29,646,1674,5983,3695,5870
-250,1607,1880,14588,-136,2802
-478,2099,816,8389,-11823,-468
-701,1720,831,17460,-14430,3757
-491,1454,139,18339,-32768,9905
446,1882,-169,18344,-19409,13357
1551,3118,-397,13908,-5389,4799
1906,3074,-434,12107,7741,-3270
1711,2403,-408,11813,17102,-1523
1215,2048,-325,11872,21558,1474
414,2087,-258,11685,14229,2350
-223,2175,-179,11176,3065,661
-392,2122,-80,10634,-1549,-418
-289,1965,19,9811,-2245,1083
-188,1886,114,8677,-5046,2984
-82,1840,279,8035,-8560,3307
192,1865,408,8378,-10685,2322
582,1938,478,8898,-7530,794
700,2007,498,8758,-5724,591
791,2030,503,10853,-6283,-2285
674,2069,388,9539,-4211,-176
384,2042,205,7584,-5490,-1345
-14,1995,-30,5166,-8320,-3131
-325,1972,-241,4494,-17190,-2963
-297,1952,-329,2846,-17453,-1189
-441,2003,-506,-41,-20757,-2780
-628,2015,-548,-762,-24091,-5252
-62,2035,-581,-1079,-24966,-2202
1068,1898,-682,-488,-14390,2332
1372,1816,-778,-1040,-1917,1529
1085,1662,-862,-783,1068,326
744,1608,-824,-159,1513,751
566,1710,-773,-461,4864,1345
457,1783,-829,558,7203,1443
278,1827,-901,1086,7796,1346
133,1912,-960,2244,7577,1336
204,2053,-911,2326,9062,2257
239,2115,-771,572,14768,1429
-31,2145,-714,-501,13700,-665
-289,2057,-656,-1890,4845,-2562
-193,1995,-584,-2736,-1138,-1615
328,1965,-498,-4226,-191,918
856,1971,-372,-5375,6872,590
967,2069,-279,-6755,9501,-1388
673,2120,-102,-7973,8606,-2245
279,2042,72,-7127,54,-1590
121,2018,198,-7965,-3424,-1449
50,1964,264,-7717,-6954,-1766
210,1864,308,-7257,-12360,-255
602,1828,353,-9155,-6392,706
775,1886,363,-10527,11,-719
645,1969,249,-11591,1634,-1931
435,1914,137,-9399,741,-4048
345,1835,40,-8073,-1140,-2807
458,1861,38,-8542,2269,-121
580,1995,-32,-8671,5229,1795
582,2081,-166,-7925,5903,1196
607,2040,-335,-6854,6974,746
764,2097,-233,-8282,11755,1322
875,2320,10,-9879,17928,-94
615,2421,-25,-9748,19374,-2805
95,2259,-17,-8857,13032,-1475
-268,2037,29,-7921,4825,1283
-160,1981,212,-7080,2643,1491
56,2034,371,-8664,7169,171
7,1922,572,-9407,9762,-1693
-176,1695,714,-9171,6757,-3698
-283,1488,893,-7453,-86,-3069
-122,1462,1004,-5620,-4871,-480
159,1562,1084,-4440,-1400,2663
301,1606,1111,-4029,4576,4075
176,1530,1169,-3420,6079,2760
-36,1451,1253,-2336,4656,615
-127,1433,1318,-2065,2458,-796
-90,1442,1350,-2374,2347,-818
-77,1412,1333,-3214,2523,-439
-92,1316,1310,-3047,2324,-255
-91,1282,1272,-2424,3854,339
-181,1306,1226,-2162,5175,1212
-408,1312,1331,339,3869,1342
-716,1326,1416,2183,-6337,1451
-598,1387,1508,3013,-13336,2447
-102,1593,1482,2828,-12801,2149
447,1714,1324,1662,-2624,136
757,1593,1150,1150,6523,-487
749,1434,1014,1109,11310,404
513,1456,980,1419,11897,484
215,1589,996,630,7176,867
4,1674,1074,640,4555,1399
-105,1698,1096,640,1596,1017
-110,1672,1033,484,-213,929
-53,1634,993,458,-110,408
-2,1582,956,377,859,-67
-7,1543,968,-21,974,-535
-28,1559,1021,-255,-676,-230
92,1630,1091,51,-1700,163
240,1678,1082,144,596,-356
261,1638,1017,422,3063,-39
183,1537,977,575,2779,1097
107,1503,1000,859,2804,1643
70,1588,1032,586,819,1884
110,1696,1092,466,215,2236
165,1740,1085,639,1970,1822
164,1689,1020,631,2710,1700
123,1615,987,688,3901,1759
9,1610,977,384,3782,1319
-96,1671,994,203,1665,740
-147,1710,1009,157,350,345
-145,1706,1002,463,162,-157
-144,1678,949,129,-410,-379
-111,1664,954,424,-663,-621
-62,1680,955,285,-353,-739
-20,1685,976,10,-856,-382
33,1690,1008,146,-1150,-45
92,1664,1020,338,-690,-145
126,1631,1010,441,-579,74
154,1629,1023,427,466,295
138,1639,1015,196,887,15
82,1655,1016,233,635,-162
46,1664,1019,528,413,-281
26,1648,994,500,3,-462
8,1647,996,360,-33,-549
9,1665,1009,365,269,-1080
-18,1682,1008,352,369,-1694
-47,1680,989,52,-912,-1672
-12,1666,1003,-2,-1900,-1148
69,1641,1005,233,-1407,-700
167,1629,1004,257,-898,-23
204,1624,1020,222,767,404
168,1631,1029,152,359,358
113,1635,1045,192,808,241
58,1645,1039,268,212,-98
33,1647,1025,214,-64,-381
48,1646,1017,208,265,-160
67,1642,1019,168,521,156
67,1639,1027,234,493,215
64,1643,1037,431,-38,129
69,1653,1027,362,154,-20
75,1660,1013,350,602,-147
80,1657,996,204,735,56
69,1656,992,121,731,34
52,1649,989,118,199,58
54,1654,996,240,84,134
64,1660,997,155,-30,241
64,1661,996,41,143,187
63,1656,1001,172,-100,73
73,1654,1004,315,460,-13
73,1651,1005,163,260,9
77,1649,1005,135,494,-68
74,1653,1005,185,266,-29
69,1648,1008,158,530,12
59,1646,1005,220,181,-23
67,1657,1003,202,124,-101
79,1660,1002,276,435,-169
76,1661,989,206,497,-120
71,1665,980,166,470,-83
58,1666,976,126,380,-42
45,1663,982,16,92,-170
44,1659,982,33,-357,-123
66,1658,994,91,-265,44
85,1654,1005,172,1,71
95,1652,1014,239,142,-38
102,1656,1017,158,595,-78
100,1652,1012,212,375,-217
93,1645,1011,155,600,-51
85,1638,1013,236,472,-13
78,1639,1021,216,378,-84
71,1646,1019,183,393,-225
75,1654,1020,119,381,-144
71,1653,1005,100,478,-18
58,1647,1002,168,371,9
49,1653,995,136,143,-93
55,1656,1000,107,0,25
71,1657,1005,185,55,90
83,1659,1004,121,327,119
79,1660,999,106,473,44
72,1653,1006,125,433,136
63,1648,1010,127,427,44
61,1651,1013,200,430,-63
71,1654,1011,194,415,-67
68,1655,1007,194,653,-6
63,1658,1001,219,494,98
55,1653,995,93,451,99
50,1655,1005,212,387,-34
45,1655,994,147,26,-29
54,1658,1002,152,384,-71
54,1660,1004,201,333,-147
47,1661,993,175,157,-284
55,1662,993,204,41,-232
67,1661,984,107,206,-57
70,1652,995,157,332,54
65,1654,996,117,29,-68
67,1658,997,181,17,-106
70,1660,1002,141,284,-130
65,1658,998,153,390,-207
66,1662,1003,207,188,-238
64,1665,994,128,171,-313
64,1655,997,276,153,-228
76,1652,997,218,274,-145
74,1659,997,120,378,-166
64,1655,998,155,-32,-165
62,1648,994,106,94,-135
60,1657,997,123,59,-87
66,1656,998,43,-58,-50
61,1650,1008,132,-19,-179
57,1652,1005,85,-31,-236
62,1652,1007,45,-72,-210
63,1654,1009,36,55,-260
60,1649,1010,70,-299,-264
74,1649,1008,147,-24,-229
92,1651,1006,144,109,-118
98,1652,1013,178,419,-99
88,1650,1009,264,345,-138
84,1649,1007,178,150,-138
87,1651,1006,297,326,-79
89,1657,1006,221,461,-66
80,1656,1002,189,399,-47
78,1650,1005,239,501,-114
73,1649,1008,267,378,-125
69,1658,1003,250,522,-199
59,1662,997,257,337,-291
58,1657,1000,304,205,-251
65,1650,998,245,219,-211
74,1654,993,145,190,-47
88,1662,1001,276,406,-10
91,1660,993,182,287,143
84,1656,993,319,434,283
79,1659,990,324,280,426
76,1663,994,291,406,352
65,1668,996,376,364,380
73,1676,993,297,240,459
97,1665,982,187,563,517
100,1655,993,101,1210,623
61,1656,1002,109,970,356
25,1657,1015,161,313,149
20,1652,1011,179,-341,13
44,1644,1006,135,104,-45
63,1635,998,288,477,-89
50,1645,996,205,353,-176
46,1658,1001,251,94,-218
46,1650,995,136,39,-289
59,1648,1008,128,-212,-358
85,1658,1007,11,261,-437
90,1678,1021,-109,589,-846
66,1705,1046,-229,239,-1561
26,1693,1046,-996,-718,-2374
18,1576,1087,-1341,-2803,-1710
119,1479,1185,-1727,-2523,441
183,1431,1240,-3204,48,1928
133,1370,1323,-3855,981,1858
36,1323,1470,-4078,1875,1228
-75,1294,1563,-3990,1360,534
-206,1247,1579,-5082,-503,405
-294,1157,1628,-5154,-2539,525
-285,1067,1751,-5233,-2717,848
-268,1015,1886,-2794,-1005,-996
-245,862,1787,1935,4289,-3425
-157,756,1407,2539,71,-3146
-125,695,1213,4194,2461,-1639
-238,717,1129,6886,4863,1607
-292,1086,1218,10461,-3765,3736
-295,1805,1035,13244,-4941,4083
-531,2264,623,12399,-7830,4956
-559,2252,383,16617,-24879,4740
-92,2433,-52,15977,-28430,6812
845,2900,-360,14152,-19634,6935
1802,2937,-375,11959,-1280,362
1953,2592,-261,11766,8936,-1700
1452,2335,-131,11276,12341,-480
755,2150,-36,11139,9939,-477
109,2004,44,10207,6036,-1550
-395,1921,77,9827,-3633,-1350
-536,1879,100,9589,-13402,-110
-180,1878,152,8870,-16876,1089
499,1872,243,7900,-11517,1049
981,1836,469,7480,-433,121
814,1887,559,9664,-1791,1396
488,2047,472,12184,-10667,-544
484,2343,369,11323,-16471,-3756
634,2381,348,8040,-17358,-2082
443,2044,342,5812,-17321,-1177
227,1619,237,3008,-13175,-5934
-62,1544,184,2530,-19298,-6563
-12,1813,110,668,-21597,-3492
322,1862,-35,-2162,-24286,11
886,1614,-81,-749,-10520,1832
1063,1642,-285,-2530,-2452,1633
840,1723,-543,-2639,2977,442
519,1780,-742,-738,6383,-245
147,1794,-944,169,6095,-1355
58,1833,-1001,651,9001,-1477
21,1991,-894,-11,10635,-1118
-5,2092,-835,536,10736,-1061
47,2104,-836,889,11181,-221
171,2057,-712,641,13851,344
195,2106,-639,773,15094,86
189,2143,-644,-200,10653,56
324,1969,-604,70,9989,940
550,1904,-534,-1184,11678,1504
566,2031,-428,-1289,8989,1048
527,2098,-297,-1452,6607,1301
557,2017,-135,-2514,9268,1581
492,2012,96,-3839,10877,1331
290,2040,294,-5748,7532,98
48,2027,391,-6981,2120,-572
-48,2004,492,-7144,-1613,105
-10,1979,387,-7164,66,1537
19,1964,235,-9669,2170,743
-182,1951,339,-9835,11,-1270
-339,1997,345,-11429,-10186,-639
9,1922,272,-11971,-9946,-2543
369,1865,235,-12320,-3768,-3572
472,1775,277,-10816,-3591,-1581
607,1782,320,-11447,-2106,219
757,1846,254,-12064,-978,-304
861,1895,165,-12597,-631,-686
1236,1978,200,-12281,3227,-1718
1531,2103,228,-12838,16121,-2979
1131,2096,250,-12737,21069,-2272
438,2049,231,-12231,13088,-914
103,1991,337,-11691,4525,-159
178,2008,464,-12410,7808,428
192,1987,639,-12342,9699,675
-38,1793,814,-11516,9620,-635
-322,1430,1051,-7991,-423,-715
-130,1288,1201,-6413,-2396,-219
100,1478,1248,-6134,2432,2132
192,1555,1310,-5628,7171,3701
166,1410,1354,-4553,8313,3238
-30,1210,1380,-2759,7496,2178
-207,1054,1418,-1172,3781,2283
-216,1061,1450,-616,3040,2820
-217,1256,1475,-998,4021,2313
-286,1443,1436,-1087,4483,1327
-418,1450,1383,-1036,4708,243
-604,1320,1440,581,2153,173
-735,1289,1477,1710,-2604,-762
-630,1344,1527,2600,-7518,-2152
-272,1380,1485,2971,-8239,-2310
157,1408,1388,2221,-4296,-2048
479,1411,1318,1844,1828,-1537
575,1398,1238,1470,4262,-447
517,1371,1197,1374,3784,599
410,1340,1206,1154,4513,973
238,1358,1207,718,2597,1238
93,1445,1223,725,1483,773
26,1526,1215,397,450,481
14,1518,1232,249,1346,202
-18,1464,1248,235,1867,-311
-71,1427,1256,586,256,-1030
-73,1429,1261,454,-655,-1327
-8,1443,1277,497,-558,-1089
67,1448,1246,709,514,-592
89,1423,1192,741,924,-280
57,1352,1158,770,373,407
37,1336,1198,755,-63,1208
63,1462,1308,638,438,1397
61,1583,1314,275,717,351
-8,1536,1273,9,614,-80
-67,1422,1238,334,362,294
-45,1431,1252,384,628,96
-22,1524,1260,-12,1293,-118
-34,1539,1249,3,245,-244
-61,1461,1203,125,-316,-32
-26,1410,1181,564,-887,105
39,1441,1168,186,-295,434
116,1488,1198,279,309,846
160,1517,1225,67,1290,1045
125,1511,1224,264,1723,869
37,1467,1225,63,1086,778
-2,1461,1233,357,79,619
18,1508,1236,84,498,175
5,1542,1232,-51,920,-164
-36,1530,1215,-117,574,-421
-41,1501,1199,-29,-24,-628
-28,1491,1184,1,-112,-624
1,1498,1185,-55,-363,-507
39,1500,1197,-1,-49,-404
66,1503,1211,-46,530,-174
64,1494,1208,107,214,-119
47,1478,1212,160,163,-26
43,1484,1223,222,156,-47
42,1507,1221,98,854,-268
27,1510,1215,212,754,-411
15,1497,1206,219,445,-393
9,1483,1207,283,159,-408
14,1496,1215,115,314,-345
28,1504,1214,110,539,-411
21,1483,1212,70,378,-334
15,1463,1208,165,143,-218
24,1470,1217,63,78,-141
40,1481,1220,229,203,9
52,1473,1221,294,660,339
74,1467,1221,439,476,875
104,1483,1241,443,1359,1028
81,1513,1238,387,2203,821
-8,1524,1219,264,2274,444
-106,1509,1197,429,1155,196
-148,1510,1188,433,145,-132
-127,1534,1176,306,-140,-271
-84,1535,1177,226,125,-341
-60,1512,1189,253,138,-299
-42,1502,1197,241,-384,-367
-12,1493,1207,135,-545,-457
35,1488,1219,139,-226,-376
80,1498,1222,71,431,-267
86,1492,1222,101,830,-236
63,1465,1213,230,631,-73
58,1457,1215,310,595,-17
55,1478,1224,310,1038,47
32,1506,1219,252,841,98
12,1513,1197,303,339,169
21,1494,1182,406,380,311
42,1495,1190,480,1061,344
28,1525,1178,263,1257,232
-12,1545,1180,301,1082,82
-54,1531,1168,335,708,0
-78,1507,1165,446,-309,55
-56,1506,1166,381,-296,106
-21,1513,1187,256,82,154
2,1517,1206,413,663,103
-12,1520,1201,351,139,-35
-18,1514,1198,325,55,73
-3,1500,1199,467,217,123
8,1496,1202,565,635,112
-10,1512,1199,451,499,-32
-53,1519,1202,333,190,-173
-67,1509,1199,401,-120,-260
-46,1506,1184,572,-442,-247
-5,1505,1185,522,172,-207
12,1508,1183,372,140,-255
13,1518,1190,358,193,-222
12,1533,1184,381,66,-367
10,1531,1172,198,97,-450
-2,1519,1177,178,366,-638
-28,1521,1179,213,3,-738
-39,1519,1180,279,-799,-672
-3,1512,1176,210,-641,-555
19,1511,1181,62,103,-613
3,1518,1197,162,-395,-710
6,1510,1201,252,-609,-640
26,1503,1196,221,-531,-555
38,1505,1189,33,42,-347
37,1507,1190,326,-167,-238
44,1500,1183,214,128,-155
54,1491,1197,271,393,69
45,1507,1209,202,654,80
29,1527,1202,333,448,-30
21,1519,1179,235,559,89
25,1508,1173,411,550,404
45,1518,1164,397,739,594
43,1537,1169,369,1265,591
-3,1556,1162,491,1380,405
-55,1555,1145,425,827,357
-95,1542,1140,434,470,168
-113,1538,1137,389,85,-46
-95,1533,1150,210,-404,-179
-67,1516,1175,142,-346,-132
-34,1512,1185,271,-392,34
8,1520,1187,91,-296,142
41,1516,1193,148,-190,142
58,1513,1204,300,312,120
56,1509,1190,197,772,159
49,1508,1194,352,847,147
34,1520,1184,253,901,66
-8,1537,1174,241,566,31
-41,1545,1160,437,-78,83
-38,1537,1142,276,-212,48
-24,1534,1146,286,-77,75
-17,1539,1147,148,23,-31
-15,1536,1165,12,-116,-136
-5,1527,1175,85,-77,-107
13,1515,1181,93,-378,-92
32,1504,1172,284,-520,-213
42,1510,1185,187,-51,-174
62,1530,1186,169,299,-58
73,1544,1179,151,636,-10
54,1527,1164,267,252,73
28,1518,1149,401,8,246
23,1543,1138,396,117,302
29,1565,1141,302,281,110
20,1561,1151,248,592,-10
-12,1539,1153,288,371,-126
-33,1528,1156,231,-268,-176
-31,1538,1160,186,-481,-131
-8,1539,1160,-28,-679,-184
26,1525,1168,-152,-212,-61
38,1510,1176,353,-237,-88
11,1522,1160,-1036,-2331,-126
-28,1501,1236,-985,-1751,-299
-177,1471,1238,-2149,-4526,1020
-262,1434,1265,-4087,-5038,1511
-158,1372,1394,-4422,-5970,283
4,1239,1511,-3730,-3145,-696
57,1102,1590,-3785,-1040,-523
53,1017,1668,-4049,-777,-575
60,939,1792,-3445,-1106,-929
31,872,1836,-2445,-828,-1439
57,814,1868,-429,656,-1737
194,732,1904,3066,3023,-2117
231,703,1647,3363,5460,-600
73,655,1550,5047,4548,645
-133,688,1653,8185,1763,2977
-272,951,1460,11853,-2917,4530
-316,1295,1193,14797,-8899,6807
-203,1707,881,15298,-11916,7747
62,2131,639,16170,-13704,6894
335,2473,299,16114,-17472,6392
833,2671,36,15571,-14522,6208
1548,2701,-59,13718,4492,125
1417,2546,-83,12674,14407,-3580
617,2412,-69,12246,10107,-3367
-169,2277,-20,11410,70,-3374
-569,2074,66,11586,-10911,-3395
-383,1915,48,11711,-17256,-2090
229,1844,109,10780,-15330,195
945,1801,214,9554,-10085,1347
1424,1740,374,9346,-317,1660
1400,1720,443,8597,5619,1242
903,1757,517,9597,5751,1428
355,1880,430,10425,-2054,-441
116,1993,340,10467,-6030,-1458
116,2183,326,11896,-10730,-589
348,2476,326,7535,-10629,-2599
305,2158,298,6550,-11275,-2497
-16,1766,227,4500,-17222,-1294
-47,1535,158,3918,-19121,-1907
152,1770,44,1366,-18250,-2457
308,1953,-49,-1125,-13529,-1601
292,1962,-150,-977,-12858,-428
272,1848,-368,-1316,-13640,-279
487,1817,-526,-1847,-7815,-207
626,1824,-640,-2369,1342,-9
495,1768,-695,-1522,4018,-416
344,1751,-762,-655,6879,-1044
294,1767,-846,743,7428,-1083
422,1869,-912,1115,10656,89
585,2051,-915,665,17280,1235
560,2133,-820,880,19921,1053
370,2108,-717,900,19424,-263
191,2056,-697,373,16291,-690
63,2015,-606,-70,14382,-421
-63,1987,-448,-885,9031,-719
-69,2018,-256,-2160,4839,-469
22,2068,-88,-3408,1624,-767
71,2069,18,-4245,-1937,-1401
205,2071,161,-5294,-1638,-666
387,2060,273,-7111,-523,259
295,2031,377,-8447,-1648,-901
136,1942,479,-8497,-6864,-1230
227,1855,409,-9793,-8575,-94
409,1837,378,-10663,-7686,728
511,1860,300,-11079,-3847,-616
464,1912,260,-12666,-5008,-2400
351,1929,309,-12864,-2631,-2665
332,1921,261,-11969,-3952,-2942
550,1930,159,-11992,-5883,-1854
906,1931,106,-12094,3362,205
1067,1880,174,-12292,9005,916
992,2004,126,-12567,10922,-633
766,2129,91,-14260,10081,-1706
589,2159,83,-14322,10960,1778
407,2186,158,-13270,11297,2438
128,2170,304,-11843,11403,1705
-212,2004,551,-11363,5829,690
-165,1772,920,-8394,-2408,-288
228,1693,1017,-8091,-1012,1312
470,1689,1025,-7396,4062,4565
518,1574,1014,-6891,8685,6010
445,1378,1153,-4823,11202,5441
216,1242,1351,-3284,15473,3069
-377,1114,1597,-680,9109,2284
-938,1040,1780,2938,-10609,2566
-681,1103,1793,5073,-19412,3148
105,1267,1534,4363,-11067,4237
798,1399,1275,2518,5718,3147
860,1335,1099,2451,16199,679
464,1286,1060,2535,16709,-948
-80,1348,1115,2294,9037,-1075
-469,1519,1254,1917,858,-70
-460,1656,1285,1229,-5540,-490
-202,1629,1207,771,-5698,-1088
65,1498,1115,1662,-5180,-191
357,1385,1047,1960,-1555,742
633,1414,1066,1406,3091,833
688,1547,1154,384,8209,-201
471,1585,1180,-457,7122,-529
187,1497,1184,46,3578,-12
14,1440,1175,757,616,248
5,1505,1129,651,-1009,384
109,1586,1111,273,-103,170
198,1619,1094,-57,1570,-9
191,1611,1109,-275,2840,-98
93,1574,1114,-293,1702,-235
7,1526,1112,-225,311,-454
3,1509,1131,-12,-1081,-257
87,1551,1136,-377,-1014,-207
176,1571,1151,-485,828,-194
166,1538,1147,-224,1557,-187
107,1499,1124,-120,208,-111
86,1512,1132,-60,-571,109
135,1615,1171,-200,484,-49
147,1658,1145,-441,1265,-761
103,1604,1106,-144,525,-724
74,1551,1060,203,-276,-534
99,1536,1048,369,-725,-343
176,1580,1078,154,132,-103
223,1617,1119,61,1168,-279
216,1599,1106,-58,912,-348
191,1548,1097,-42,132,-121
188,1535,1095,88,703,49
187,1557,1086,159,1296,-74
154,1571,1105,-44,1123,42
133,1587,1125,141,665,-51
112,1586,1116,-11,731,-238
85,1562,1125,253,521,-228
84,1552,1118,160,498,-248
107,1557,1126,50,665,-336
116,1565,1134,85,580,-319
110,1544,1122,40,691,-263
102,1517,1123,98,297,-63
107,1521,1126,191,-309,71
141,1542,1140,3,-155,95
178,1557,1155,93,552,163
174,1561,1131,69,951,132
136,1539,1117,157,914,184
106,1522,1109,176,543,317
112,1552,1143,187,752,364
115,1608,1155,36,958,203
74,1616,1136,-81,907,-175
16,1574,1114,83,153,-387
18,1544,1097,183,-678,-407
66,1563,1098,106,-305,-379
91,1582,1105,-191,-314,-313
100,1570,1120,1,-591,-253
101,1552,1110,-103,-839,-193
116,1536,1116,-6,-765,-113
147,1547,1120,-11,-146,-253
151,1560,1141,-9,355,-248
131,1558,1152,-33,144,-76
126,1554,1157,9,-256,-160
130,1545,1144,64,-33,-282
136,1531,1148,84,174,-150
140,1538,1148,123,401,-203
136,1551,1138,-121,345,-286
120,1547,1143,-40,-80,-179
125,1541,1139,-13,370,-141
130,1533,1138,24,81,-89
139,1525,1141,143,218,-95
153,1525,1140,130,342,2
166,1540,1157,79,762,82
157,1548,1166,-65,352,154
146,1536,1168,-2,661,74
130,1524,1156,155,491,130
128,1535,1149,-8,805,287
121,1549,1153,59,1123,190
87,1551,1158,-17,604,169
67,1554,1154,1,115,-49
65,1549,1133,-51,229,-167
71,1542,1134,141,-18,-261
93,1555,1132,-9,152,-203
108,1567,1137,-4,413,-158
104,1562,1131,-18,212,-92
98,1542,1131,27,-45,-104
101,1520,1136,-24,-38,51
113,1515,1157,75,-180,-51
124,1522,1157,108,-272,-157
131,1520,1168,126,-97,54
151,1525,1176,146,-117,142
176,1553,1183,243,246,-34
173,1568,1155,112,765,58
143,1545,1139,183,772,262
115,1543,1131,196,727,253
100,1564,1126,-65,804,105
75,1577,1127,-125,632,-107
43,1574,1126,-93,-175,-195
43,1567,1130,-101,-419,-370
78,1566,1123,-150,-458,-523
116,1563,1137,-145,223,-551
119,1554,1147,-107,96,-528
107,1518,1139,63,-596,-551
132,1490,1147,142,-959,-276
200,1513,1169,207,-456,121
249,1555,1170,50,764,152
217,1540,1159,218,1089,150
159,1494,1157,335,359,215
141,1503,1167,444,246,151
149,1546,1169,197,612,123
145,1563,1165,146,1111,71
102,1543,1154,212,705,40
74,1520,1148,203,228,-30
94,1525,1152,279,17,-152
119,1544,1150,109,446,-234
125,1537,1156,189,725,-68
121,1511,1160,327,614,27
123,1500,1165,223,375,72
136,1505,1176,322,502,131
165,1518,1167,345,692,177
168,1522,1155,338,794,309
163,1532,1154,441,1042,624
157,1549,1156,441,1174,698
132,1565,1148,416,1493,615
86,1560,1141,368,890,505
55,1542,1125,265,548,330
53,1525,1130,375,191,181
67,1537,1131,221,-430,250
94,1564,1151,173,-336,207
110,1584,1147,168,-394,151
116,1566,1137,242,-252,76
117,1523,1131,405,-513,163
141,1512,1132,580,-574,348
186,1538,1147,402,321,339
206,1568,1158,371,861,203
187,1581,1153,287,779,-60
145,1558,1140,311,227,-106
136,1530,1131,295,8,-46
154,1532,1124,116,439,-87
158,1545,1144,158,587,-131
140,1557,1142,89,476,-167
131,1547,1149,195,-48,-291
136,1539,1140,60,272,-87
142,1536,1144,127,227,-53
141,1532,1139,47,431,-7
136,1527,1149,158,109,69
129,1531,1150,126,59,145
135,1537,1165,141,150,50
137,1539,1164,104,307,-70
128,1540,1165,40,619,-187
117,1546,1153,-33,425,-205
114,1541,1148,3,159,-210
115,1538,1143,77,201,-90
117,1543,1154,89,369,-36
121,1549,1163,25,236,-69
114,1560,1169,154,-750,-54
102,1575,1140,-393,-1211,-78
96,1555,1124,-343,-2089,-109
60,1553,1077,-390,-2755,34
70,1569,1087,-893,-2868,-640
99,1620,1115,-993,-2237,-1167
80,1672,1117,-1508,-2275,-2134
50,1627,1099,-1555,-2611,-2799
27,1473,1057,-1264,-2354,-2403
62,1276,1038,-1396,-1803,-2035
153,1151,1224,-2329,-1624,-822
337,1178,1529,-3216,1587,-262
385,1213,1672,-4108,5529,-1933
207,1025,1736,-4194,2154,-2291
23,693,1902,-1453,-2447,-2589
-81,405,1911,1471,-1246,-1754
26,451,1930,3182,-4104,-1867
275,771,1838,3905,2815,-2710
265,934,1622,5584,3786,-820
15,979,1542,8898,4305,2657
-295,1155,1252,12605,-5733,6120
-279,1509,950,14489,-16570,7315
78,2023,705,15051,-13090,7146
390,2377,604,16716,-11800,6709
685,2567,308,16774,-11212,6057
1126,2753,72,15722,-1949,3993
1406,2732,-7,14024,11835,-1023
1002,2537,-22,13373,18128,-3002
179,2373,-11,12933,10268,-2620
-505,2197,-31,12762,-4678,-2628
-547,2022,-42,12490,-16056,-1035
53,1902,35,11490,-14322,921
753,1835,204,10713,-5374,1396
1033,1803,344,10649,-395,1378
1078,1775,381,11320,1558,774
893,1773,412,11466,5027,635
535,1830,440,12459,2086,670
303,2074,552,14435,-5129,-916
165,2403,442,11313,-13428,1524
63,2089,405,8258,-17608,-263
-170,1699,354,6000,-16272,-623
-397,1583,173,5601,-27917,-2754
0,1865,67,2651,-22843,-2855
633,1814,-157,-981,-13822,-955
906,1652,-158,-2790,-6652,995
698,1825,-320,-3900,-3704,753
332,1940,-736,-4056,-4065,19
179,1802,-1021,-2846,-2649,39
284,1628,-1092,-1108,4193,-608
352,1774,-1047,-825,10085,-1572
246,2079,-935,-868,13799,-1126
75,2299,-911,-1574,7459,154
193,2211,-881,-599,6554,384
450,1969,-776,716,13915,299
394,1963,-650,972,15428,310
190,1958,-474,-799,13801,-1458
-12,2067,-445,-2716,7450,-1381
3,1983,-457,-2918,218,-305
232,1903,-355,-3101,-193,803
540,1987,-205,-3973,-22,716
806,2114,-78,-5182,6245,39
749,2095,21,-7523,7608,-1423
484,2008,151,-7943,9321,-3039
131,1971,264,-7223,3539,-3527
-113,1909,346,-6438,-4106,-1099
-47,1913,497,-7552,-5054,-206
131,1970,478,-10571,-4692,-3435
82,1932,488,-11165,-5068,-4162
163,1749,419,-10291,-10264,-2117
498,1759,517,-9887,-5158,-1659
960,1969,106,-12705,-5958,-2163
1269,1863,92,-12743,8725,-66
1129,1812,44,-14096,11283,-460
810,1993,-1,-14319,12782,-2032
564,2078,62,-13824,9228,-1428
273,2088,255,-13107,10948,784
-145,2067,323,-12243,5067,1032
-292,1968,396,-12296,-1059,-383
-98,1901,515,-11569,-1924,-636
205,1941,672,-12444,7507,-447
130,1847,958,-10730,8877,-804
-27,1539,1120,-8135,320,331
91,1285,1254,-5639,-368,2165
290,1305,1328,-4327,4231,3493
406,1449,1375,-4006,8852,3945
274,1492,1431,-3872,8901,3687
47,1372,1456,-2566,6872,3547
-139,1214,1486,-933,5704,2769
-319,1179,1447,-64,2779,2976
-428,1277,1498,1215,1330,3711
-428,1396,1495,2180,-563,3126
-314,1423,1432,2709,-1493,1581
-173,1397,1300,2793,-381,224
-107,1427,1194,2187,1954,-1272
-143,1482,1132,2057,2591,-2712
-205,1556,1122,1795,664,-3943
-227,1624,1124,1037,-2163,-3557
-120,1581,1098,849,-4394,-2344
86,1442,1139,1067,-3992,-782
335,1375,1155,1024,-2257,103
470,1447,1178,206,1192,-175
472,1540,1221,218,2030,243
413,1560,1190,-19,3110,474
284,1507,1155,-105,2433,813
192,1463,1153,296,1213,1589
206,1484,1167,168,1234,1945
233,1535,1189,285,2036,2178
206,1580,1159,369,3022,1966
148,1595,1112,226,3487,1796
63,1591,1087,367,3720,1482
-60,1583,1068,183,2384,888
-167,1573,1107,324,1108,454
-212,1587,1125,160,-210,-281
-201,1600,1120,55,-1326,-993
-139,1564,1111,5,-1979,-1087
-25,1528,1120,140,-1452,-797
86,1537,1148,36,-626,-621
140,1547,1175,-49,-27,-720
153,1536,1186,107,-513,-422
167,1511,1169,-1,19,240
198,1496,1177,220,269,450
213,1513,1165,28,1050,495
190,1547,1172,347,1822,325
117,1567,1136,6,1905,225
34,1552,1125,206,1102,46
-19,1566,1115,349,262,-81
-10,1598,1091,349,-260,-234
27,1612,1083,247,232,-159
43,1595,1088,247,579,-255
27,1586,1105,256,580,-525
5,1584,1115,112,-205,-536
14,1575,1124,109,-581,-520
44,1555,1134,122,-789,-314
68,1540,1140,129,-624,-72
96,1534,1150,184,-449,-54
118,1522,1159,151,-54,-94
131,1521,1167,228,202,-105
127,1539,1170,198,811,-188
103,1546,1162,211,175,-171
91,1532,1157,256,225,-223
85,1521,1151,232,121,-293
85,1515,1168,114,18,-360
84,1523,1177,156,-40,-414
72,1546,1163,55,-18,-604
58,1538,1151,65,-499,-608
70,1528,1135,-8,-524,-403
102,1543,1146,-16,1,-495
107,1551,1146,-70,49,-426
109,1544,1136,64,-258,-153
137,1537,1127,-48,106,220
170,1552,1147,244,718,359
158,1579,1122,-8,1220,478
130,1561,1137,205,844,711
135,1553,1140,346,1157,863
133,1594,1127,183,1779,646
87,1606,1112,103,1927,640
56,1574,1112,271,990,857
50,1554,1112,228,1431,870
30,1556,1129,186,1029,523
-9,1562,1139,205,1027,228
-29,1557,1139,243,423,-186
-44,1538,1133,133,-17,-436
-36,1538,1145,288,-707,-569
9,1560,1150,-19,-104,-766
36,1559,1151,81,-547,-691
62,1528,1145,33,-761,-465
110,1512,1154,106,-718,-247
165,1536,1157,0,341,-192
164,1547,1163,38,621,-106
127,1539,1154,105,704,-132
101,1541,1145,139,162,-120
101,1555,1144,58,207,-42
104,1561,1143,138,447,115
100,1561,1140,122,601,226
101,1563,1138,136,578,205
101,1557,1130,170,773,185
83,1544,1123,77,807,248
73,1546,1128,159,522,320
80,1561,1133,154,432,323
85,1553,1137,204,781,506
78,1539,1138,145,652,707
78,1546,1158,108,658,663
74,1544,1159,85,827,419
56,1514,1161,155,765,398
38,1503,1170,396,636,378
41,1528,1168,321,209,128
51,1551,1163,306,633,-39
41,1550,1150,339,1036,-100
11,1548,1139,245,486,-79
7,1555,1128,226,-72,-258
18,1550,1116,119,-344,-319
40,1550,1116,125,-176,-151
62,1571,1122,22,94,-192
65,1581,1124,115,-38,-417
67,1555,1121,40,-73,-293
70,1543,1134,217,-75,-315
60,1561,1134,345,-211,-477
46,1570,1133,410,-492,-503
59,1571,1131,404,-472,-391
82,1571,1128,358,-125,-430
92,1568,1124,377,-344,-317
114,1560,1132,360,105,-281
121,1558,1136,254,294,-143
124,1557,1140,357,218,-67
114,1552,1140,323,304,-130
102,1552,1136,243,-3,9
98,1560,1131,219,301,-82
71,1559,1131,214,243,-105
52,1541,1136,293,-59,-168
55,1537,1139,259,-399,-180
69,1557,1154,228,165,-217
54,1560,1144,91,118,-382
38,1545,1140,-27,-538,-443
34,1540,1145,8,-345,-693
25,1539,1150,50,-319,-821
32,1544,1147,48,-1180,-761
75,1544,1154,115,-958,-803
127,1541,1154,49,-3,-638
138,1531,1159,92,156,-393
136,1532,1164,162,-143,-291
127,1545,1148,49,252,-266
113,1546,1137,51,423,-37
104,1543,1138,227,-336,147
118,1556,1139,228,265,102
114,1569,1130,93,592,48
73,1555,1144,361,18,-63
40,1556,1131,608,-952,-201
38,1574,1122,475,-808,-352
55,1580,1131,576,-663,-569
90,1586,1106,253,9,-768
97,1572,1115,227,402,-619
93,1563,1120,351,-94,-494
121,1572,1110,239,-32,-371
141,1566,1114,161,475,-281
138,1541,1108,381,-500,-117
140,1546,1132,318,262,-44
135,1573,1135,186,826,-37
91,1561,1133,-41,706,-100
46,1527,1143,246,-403,-72
46,1526,1143,305,-729,-124
93,1546,1130,69,-435,28
150,1558,1144,97,518,-8
160,1558,1129,-65,1084,4
132,1542,1125,98,755,267
114,1541,1133,101,595,265
105,1553,1134,-126,888,128
80,1548,1145,-234,814,28
56,1536,1166,-281,590,-139
59,1524,1183,-594,686,-146
82,1515,1210,-1432,1128,-546
94,1458,1216,-2687,1268,-184
76,1291,1252,-3204,1366,947
16,1109,1381,-3352,-213,1855
0,1057,1498,-3091,114,2335
15,1123,1570,-3293,512,2038
-18,1121,1631,-3143,2475,2117
-114,964,1698,-233,3277,1906
-310,762,1710,1610,2995,1025
-433,724,1743,2409,-2143,-112
-371,861,1826,5648,-997,-1766
-324,1022,1519,6626,-1077,-1917
-404,1010,1280,8223,-3968,314
-510,1068,1242,12802,-7224,4693
-363,1438,915,13793,-19665,5081
41,2004,692,15016,-20916,4828
513,2357,566,15886,-16758,5173
1062,2514,272,15795,-11843,5703
1492,2737,40,15330,-1885,3169
1624,2736,-129,13351,9144,-1268
1332,2547,-166,12396,14602,-2427
789,2381,-164,11422,12059,-1567
220,2278,-91,10313,5931,-425
-208,2189,31,9550,596,-942
-433,2038,77,9365,-4014,-1365
-532,1897,109,9450,-10261,-1257
-450,1854,115,9102,-15841,-1804
-184,1839,149,10033,-18570,-1690
319,1871,109,11311,-20587,-486
931,1924,118,11339,-13248,739
1191,1974,239,10410,-6088,-1656
894,2153,398,13699,-9089,-3247
629,2514,285,10497,-23258,-5562
698,1997,199,9454,-20835,-1768
746,1443,156,6836,-14614,986
617,1459,171,4185,-11827,-284
414,1681,175,1890,-12436,-432
431,1787,64,-686,-15258,133
601,1831,-26,-1802,-6773,1706
365,1804,-313,-2018,-7968,1384
315,1852,-628,-2394,-5118,366
432,1796,-881,-1321,1619,751
318,1794,-972,-229,5868,-521
62,1889,-939,-54,5928,-1835
-61,1922,-956,-18,4430,-1819
32,1962,-933,1082,5393,-886
247,2070,-909,947,8761,116
369,2084,-842,33,13121,-166
228,1958,-668,616,13742,-1844
18,1962,-551,737,11751,-2883
-81,1949,-473,1038,6422,-2581
238,1994,-493,1015,4016,10
813,2011,-452,-1186,10434,1264
1156,2029,-424,-3576,17074,235
981,2042,-341,-4263,16670,-1079
542,2044,-208,-5862,13323,-2017
184,1998,9,-4703,5342,-1181
96,1994,160,-6248,4069,67
-123,2011,183,-8240,32,-132
-359,2023,153,-8825,-6948,1100
-175,1952,173,-8656,-12799,1482
316,1843,117,-9926,-11985,3223
835,1793,171,-11450,-1771,3317
1084,1713,181,-11349,2058,2383
1101,1832,384,-10638,7996,1283
769,2040,193,-10615,8182,-1737
413,2026,89,-10552,5661,-2581
346,1840,161,-9383,6002,-230
358,1801,173,-9744,8216,1487
230,1917,264,-9850,5563,555
207,2000,221,-9993,2090,462
470,2067,170,-10192,2106,487
734,2104,185,-11466,10567,-25
616,2080,281,-11583,15914,-405
137,2099,375,-11540,8773,-1431
-152,2019,422,-11261,-681,-1520
2,1903,526,-10726,-298,175
292,1890,651,-12372,6263,-54
293,1795,905,-12663,10202,-1752
103,1512,1074,-12042,5747,-2418
49,1228,1158,-9126,-1091,-1614
228,1279,1162,-7648,-4013,1378
575,1599,1182,-7631,1799,3428
558,1710,1394,-8214,14077,3420
-241,1375,1735,-5568,11237,4979
-762,840,1810,-800,-8539,368
-581,717,1736,2370,-13722,-2828
-77,1063,1589,3471,-8055,-205
340,1320,1489,2892,846,2286
622,1319,1415,2894,8390,1765
513,1362,1335,1759,12157,1601
95,1408,1289,1582,7747,970
-209,1348,1184,1785,2583,-329
-266,1250,1107,2092,-1854,-208
-122,1291,1112,1969,-533,1045
44,1490,1248,322,256,1302
139,1672,1320,538,1072,-48
136,1622,1250,-566,999,-1611
73,1391,1257,524,-1425,-868
128,1274,1248,721,-1873,79
288,1363,1252,162,-364,97
396,1515,1261,-116,1383,-312
379,1533,1212,-425,2576,20
275,1437,1206,303,1730,1031
198,1412,1187,430,1017,1456
149,1492,1198,219,731,663
115,1537,1218,140,168,-110
108,1522,1210,-20,41,-259
107,1495,1208,47,231,-198
101,1486,1204,160,-218,-91
141,1498,1203,349,-338,-56
193,1506,1196,36,-55,-192
189,1486,1215,153,29,-37
201,1470,1234,300,-118,-138
222,1462,1228,40,632,-432
220,1455,1273,323,426,-320
218,1476,1256,78,456,-545
206,1491,1247,186,623,-780
158,1472,1207,198,746,-749
130,1456,1185,353,-40,-592
143,1478,1196,426,-345,-473
164,1512,1187,71,197,-386
162,1508,1195,110,517,-407
141,1476,1188,126,210,-246
131,1456,1198,246,-73,-77
149,1454,1219,250,-181,62
185,1466,1237,7,183,-69
184,1463,1245,-18,652,-121
159,1446,1226,102,54,89
170,1431,1222,32,3,249
210,1428,1254,132,457,588
231,1458,1255,100,1447,549
189,1467,1249,-59,1524,318
116,1447,1251,93,390,238
87,1444,1257,190,-75,49
87,1468,1240,14,355,-82
96,1492,1224,0,373,-281
95,1488,1213,-6,444,-197
95,1472,1219,28,149,-163
105,1473,1218,-32,-403,-305
137,1486,1215,-37,-229,-462
153,1487,1220,100,264,-386
150,1484,1211,174,-70,-319
161,1482,1215,18,-290,-304
185,1482,1227,18,262,-376
188,1472,1246,159,675,-220
177,1473,1234,160,582,-310
161,1477,1222,211,275,-328
148,1479,1216,376,-24,-299
153,1481,1204,145,146,-220
171,1485,1214,171,458,-209
174,1494,1215,-92,805,-198
147,1475,1220,30,430,-264
117,1444,1229,-5,104,-247
118,1443,1243,-4,29,-293
152,1472,1242,70,146,-312
164,1480,1237,4,866,-219
133,1458,1241,67,809,-216
98,1443,1245,62,130,-269
98,1454,1246,154,-186,-481
116,1472,1239,123,-384,-423
149,1471,1228,74,320,-222
160,1456,1220,59,282,-49
180,1454,1221,133,409,11
188,1464,1233,0,1252,51
155,1469,1237,58,1006,-50
119,1459,1241,109,791,-99
95,1455,1241,174,256,-362
95,1467,1241,127,493,-444
99,1480,1231,167,380,-439
102,1477,1214,222,373,-366
111,1463,1227,312,43,-77
136,1481,1228,290,409,-183
137,1496,1236,194,1061,-437
96,1480,1228,204,521,-409
81,1449,1217,294,35,-322
113,1444,1224,233,272,-239
141,1474,1237,110,698,-212
135,1488,1246,156,877,-322
109,1476,1228,194,370,-142
105,1463,1222,187,413,-191
120,1465,1230,183,346,-151
138,1485,1232,66,806,-272
119,1479,1233,224,638,-97
107,1457,1215,237,96,130
138,1455,1212,256,273,313
164,1490,1218,264,697,462
164,1506,1213,152,1021,673
156,1479,1214,171,1309,906
135,1468,1217,360,1413,1008
95,1477,1198,279,1006,957
65,1481,1216,186,727,1030
77,1501,1245,117,781,1021
98,1516,1253,-71,1372,682
71,1486,1256,88,961,523
37,1445,1250,105,501,434
36,1426,1238,273,197,285
56,1423,1229,374,562,210
67,1430,1232,534,826,53
50,1444,1228,346,811,-219
8,1449,1223,431,247,-523
-11,1448,1211,558,-411,-937
-27,1469,1246,230,-231,-1290
-37,1529,1276,421,-1689,-1428
14,1529,1215,1,-1791,-1734
63,1471,1238,223,-1687,-1566
125,1474,1209,180,-1621,-688
239,1485,1207,124,-849,-439
302,1472,1213,245,-84,-174
307,1454,1218,112,772,603
280,1449,1241,123,1204,709
205,1460,1255,208,1058,496
150,1453,1253,367,778,490
130,1450,1250,236,1527,329
90,1461,1242,303,1188,297
55,1471,1235,272,596,131
50,1473,1237,302,76,109
62,1477,1223,38,462,84
69,1464,1223,285,243,-51
64,1464,1213,71,209,-211
58,1477,1225,170,227,-366
61,1488,1221,98,67,-361
77,1483,1216,90,-205,-263
93,1470,1221,80,15,-181
100,1468,1234,92,-274,-255
100,1475,1237,98,-152,-295
115,1477,1234,174,-13,-202
126,1466,1221,129,-86,-170
136,1475,1226,270,-184,-147
147,1495,1216,157,475,-106
142,1493,1216,251,681,-69
117,1488,1203,260,294,-64
101,1486,1207,369,0,-190
104,1501,1210,357,16,-254
115,1506,1209,352,807,-278
96,1490,1206,354,406,-409
60,1482,1208,275,159,-678
24,1500,1218,133,-207,-950
24,1509,1202,207,-1493,-673
99,1481,1215,118,-908,-439
166,1474,1222,150,-1,-166
180,1482,1224,-21,640,-114
153,1462,1236,47,146,15
153,1443,1232,39,271,300
175,1437,1249,200,572,501
192,1456,1255,98,1099,692
181,1473,1249,167,1455,700
147,1458,1245,232,1240,826
115,1443,1248,234,1316,950
88,1438,1251,345,1183,908
67,1442,1282,634,1078,909
61,1462,1289,1008,1207,711
69,1479,1272,1247,1117,528
79,1514,1240,1447,1180,566
99,1545,1207,1470,1605,590
102,1533,1169,1602,2100,630
72,1499,1140,1594,2362,625
51,1500,1142,1729,1083,862
89,1567,1149,1501,1171,922
107,1622,1108,1112,1822,624
75,1587,1089,765,1128,779
46,1544,1071,279,351,574
41,1517,1099,-541,698,-120
-2,1469,1164,-1023,730,-680
-113,1448,1244,-1223,-1525,-1171
-140,1421,1271,-1889,-5142,-1411
-65,1328,1263,-3594,-3973,-1953
2,1189,1292,-5237,-2221,-1612
80,1058,1429,-5943,-744,-1539
127,967,1574,-6106,437,-1587
90,849,1724,-4260,425,-1365
-59,679,1886,-1225,-1237,-415
-190,463,2086,3850,-1556,-71
-104,541,1927,3304,-5298,341
17,809,1838,5637,-641,-414
-142,957,1521,8805,1441,2124
-455,987,1126,12804,-8505,5376
-447,1250,968,14061,-18337,6195
-71,2096,995,16463,-14256,5627
302,2891,673,15704,-15352,1728
604,2823,364,16825,-15094,827
1051,2653,86,18354,-8566,1640
1587,2747,-108,16441,8131,-1722
1284,2724,-123,15299,15185,-5460
481,2466,-79,15811,7126,-5490
-102,2138,-154,15298,-9554,-2837
14,1881,-97,14920,-17866,-64
595,1749,7,13972,-10605,1518
1018,1697,177,11596,1179,1322
863,1690,354,11363,4954,-489
424,1727,380,12021,-1364,-1763
108,1759,333,10081,-9077,-1481
-22,1773,532,8817,-10803,-1263
-286,1868,636,8273,-17105,-1127
-499,2127,477,10135,-32768,-1249
78,2640,309,6646,-32768,-7863
756,2193,135,4154,-22030,-3867
1044,1746,5,2958,-17443,214
938,1798,16,598,-15903,1130
846,1732,-33,-3399,-14732,2069
1055,1410,-158,-3294,-4875,2063
997,1578,-371,-2581,2743,1646
556,1785,-623,-2126,3226,1202
147,1916,-768,-2023,2341,23
28,1889,-933,-1468,4041,-1293
1,1816,-940,-650,7663,-1885
-60,1841,-941,660,8017,-1426
5,1920,-896,1530,7073,-1116
233,2062,-810,1587,11108,-749
329,2236,-700,274,15223,-733
210,2168,-576,-1415,15297,-1384
117,2004,-495,-1678,12645,-1303
220,1954,-558,-2121,11333,100
422,1865,-445,-1804,7542,1096
714,1836,-368,-2186,8881,2683
894,1907,-234,-4178,10572,2539
929,1940,-34,-2930,10153,2146
935,2080,113,-3767,17154,885
524,2185,223,-5926,20875,-903
-242,2212,272,-9155,8099,-1465
-864,2071,343,-7624,-5757,-267
-680,1886,256,-6734,-14290,369
169,1838,276,-7874,-4755,-429
605,1913,371,-11577,5320,672
344,1985,394,-12806,1466,520
156,1905,300,-12544,-3413,-2766
391,1707,304,-11780,-4130,-1758
661,1667,308,-11529,5318,810
567,1825,307,-12323,4215,-192
388,1920,258,-12676,357,-353
414,1946,171,-12342,-951,377
727,2088,180,-12320,-238,-2071
981,2217,158,-13779,9759,-3166
813,2147,300,-12262,12034,-898
377,2034,471,-10020,8381,-290
32,1984,526,-9912,702,-129
160,1935,564,-10882,891,-220
453,1892,712,-12992,10158,-943
378,1661,1035,-12287,12142,-1988
-1,1229,1277,-8261,2184,-841
-45,1002,1397,-4384,-5421,1228
277,1241,1334,-3723,-2228,3809
579,1646,1340,-4720,9155,4696
430,1678,1391,-4697,12912,3252
-67,1311,1541,-1884,7189,3364
-425,975,1652,1075,19,3708
-511,882,1654,2895,-6901,3905
-306,999,1612,3742,-8005,3383
91,1224,1525,3481,-2478,2776
364,1397,1420,2585,5058,1698
337,1450,1328,1859,9695,1189
106,1419,1253,2058,7354,786
-142,1398,1211,1932,4230,164
-286,1440,1181,1240,187,-533
-254,1501,1180,176,-1845,-980
-86,1498,1193,-487,-819,-1613
58,1450,1218,-766,-1112,-1646
143,1404,1263,-415,-1873,-1460
270,1423,1237,-203,-2849,-810
474,1495,1264,-388,113,-839
563,1528,1255,-674,3485,-1004
426,1424,1237,-250,4239,-349
261,1317,1234,502,1256,436
215,1340,1223,767,118,588
219,1423,1199,412,269,605
200,1457,1231,134,1594,1000
187,1484,1268,586,1577,561
143,1547,1194,10,2260,-557
49,1533,1151,-108,1342,-753
-4,1473,1141,-128,-806,-225
34,1482,1189,-38,-687,-441
70,1533,1200,-123,-1281,-676
86,1520,1200,83,-1518,-366
145,1465,1194,242,-1053,-20
213,1457,1208,532,-257,244
271,1490,1217,254,418,637
307,1502,1238,378,420,1266
325,1504,1226,365,1215,1749
305,1493,1222,492,2370,2012
236,1480,1227,483,2690,1678
139,1476,1242,358,2650,1190
30,1477,1239,246,1724,479
-63,1479,1230,193,955,-448
-130,1496,1205,44,-36,-1555
-180,1525,1197,-83,-1022,-2683
-181,1541,1163,-228,-2913,-2968
-66,1526,1153,-251,-3581,-2526
111,1495,1158,-164,-3022,-1911
250,1458,1183,-471,-1543,-1329
293,1437,1241,-325,-1605,-806
322,1450,1262,-451,-1008,-587
324,1442,1275,-285,-558,-612
297,1416,1262,-250,136,-367
268,1412,1246,-115,512,-304
228,1431,1257,-37,354,-91
202,1450,1264,-95,-123,84
207,1465,1270,-50,343,-1
186,1478,1247,-387,1016,-121
154,1475,1248,-284,421,-510
136,1484,1257,-463,562,-861
133,1495,1263,-658,964,-1134
115,1503,1250,-606,488,-1425
107,1480,1215,-700,299,-1611
91,1425,1186,-499,-286,-1472
102,1390,1201,-301,-608,-1202
145,1426,1235,-518,-782,-768
213,1500,1263,-590,72,-886
204,1505,1231,-998,626,-784
125,1433,1242,-216,-285,-593
112,1381,1220,-170,-1015,-637
182,1405,1250,75,-293,-373
234,1470,1272,-28,924,109
210,1473,1271,29,847,407
163,1416,1263,348,834,487
149,1382,1242,525,215,469
180,1390,1250,625,550,518
205,1422,1254,516,1491,647
190,1443,1236,417,1507,842
177,1437,1249,471,1579,1197
172,1465,1263,496,1517,1086
136,1488,1232,256,1559,1024
93,1459,1241,436,1343,1281
85,1453,1249,406,1175,1132
65,1482,1263,370,1309,494
7,1489,1253,194,874,-25
-29,1462,1246,493,-195,-22
15,1460,1228,580,-652,54
76,1475,1207,414,-759,290
157,1463,1233,563,-163,583
209,1463,1251,442,813,519
194,1474,1261,182,1155,411
150,1477,1256,322,102,290
147,1454,1235,494,189,600
177,1438,1236,476,807,885
177,1447,1250,235,984,800
159,1452,1270,259,945,605
119,1450,1278,235,715,333
83,1445,1278,464,193,100
60,1444,1262,280,164,-363
53,1444,1253,295,-358,-609
57,1447,1257,139,487,-1020
13,1470,1244,-41,-443,-1429
-2,1464,1220,86,-2167,-1182
78,1441,1235,117,-2243,-951
191,1461,1234,16,-1010,-897
241,1480,1246,-97,118,-747
224,1466,1248,-75,-159,-546
207,1450,1246,-6,-417,-437
210,1441,1234,121,-206,-416
218,1433,1245,142,277,-310
232,1441,1255,-18,580,-139
224,1459,1270,109,1112,-211
177,1462,1248,65,488,-166
147,1457,1247,231,209,-118
148,1464,1234,177,625,-304
127,1459,1223,213,477,-323
116,1450,1226,203,268,-314
119,1449,1232,220,108,-228
127,1460,1249,149,105,-309
127,1467,1249,134,161,-255
136,1455,1247,148,355,-269
138,1448,1249,318,396,-143
139,1453,1237,222,574,-175
120,1448,1246,349,372,-101
120,1444,1236,179,281,72
131,1448,1244,223,395,42
136,1455,1246,229,274,122
146,1451,1252,335,714,232
147,1456,1249,496,496,191
145,1472,1235,400,676,428
156,1475,1230,395,727,569
152,1466,1234,457,681,787
145,1467,1236,438,835,922
144,1486,1234,364,601,794
136,1484,1223,353,748,732
121,1466,1226,322,874,671
107,1453,1228,398,756,616
106,1458,1242,362,684,433
108,1473,1243,342,561,251
102,1472,1236,384,581,205
86,1457,1230,389,-20,284
93,1458,1226,462,-120,176
113,1466,1225,367,-166,98
137,1464,1232,292,270,9
123,1451,1241,328,228,-256
93,1455,1239,378,-382,-375
106,1465,1230,252,-606,-405
145,1458,1228,136,-392,-349
176,1450,1239,57,299,-241
171,1444,1256,142,779,-587
91,1448,1256,-111,260,-995
37,1443,1247,198,-1826,-957
105,1442,1232,210,-2057,-479
229,1467,1233,79,-612,-262
294,1480,1224,-94,552,126
267,1461,1242,-133,834,124
213,1440,1242,-239,357,69
169,1423,1255,-375,101,-77
130,1414,1271,-470,-329,-286
111,1397,1287,-936,-1260,-432
135,1341,1311,-1493,-1139,-253
206,1245,1343,-2123,994,195
294,1127,1420,-2470,3020,930
355,1024,1517,-2358,5051,1700
302,964,1585,-2317,5564,2286
174,893,1647,-1962,4208,2644
36,803,1770,-717,2338,3381
-156,711,1889,1464,2494,2834
-269,630,1814,3656,1766,2263
-247,643,1765,5601,-760,576
-292,722,1543,6019,180,1949
-297,881,1461,10394,-4414,3558
-320,1199,1121,10761,-5861,4474
-264,1532,1144,14530,-14369,7322
-3,2013,947,14509,-17828,6802
374,2424,632,15447,-17754,5304
954,2745,323,15503,-11192,3153
1536,2879,113,13566,5411,-1181
1385,2805,41,12234,13760,-4331
683,2575,72,12036,10660,-5119
-63,2279,96,12740,-2206,-3495
-408,2082,64,13115,-13704,-1325
-256,2082,53,12641,-13846,-1301
-16,2108,45,12033,-11494,-3041
159,2069,41,12104,-13714,-4099
439,1975,24,11165,-14097,-4060
758,1840,131,10420,-11317,-3095
1081,1635,249,12398,-11417,208
1392,1555,422,13163,-5762,2645
1643,1625,455,13988,-1609,754
1528,1918,468,12296,4154,-578
765,2290,478,9335,-1858,-919
-141,2076,406,9118,-12349,-3667
-602,1827,281,6411,-25531,-3272
-466,1990,218,2296,-27816,-2445
2,1985,28,-2895,-23326,-2577
601,1683,-17,-3383,-17235,-1631
999,1666,-130,-4421,-4638,1236
876,1639,-429,-4143,-1571,2280
427,1626,-659,-1916,-2386,903
381,1753,-900,-929,2624,-230
217,1909,-887,-1053,10360,-1407
-163,1959,-877,-1036,6576,-2938
-240,1939,-903,-639,4135,-2754
-27,2000,-903,168,3670,-1120
308,2145,-809,55,8079,14
491,2240,-689,-999,13976,-43
391,2119,-515,-857,14283,-1397
247,2082,-459,-755,12951,-1844
224,2051,-447,-1424,12470,-2169
274,1968,-446,-1582,10946,-1871
363,1896,-362,-1846,8459,-2076
443,1881,-280,-3692,6831,-2695
409,1932,-189,-4926,2705,-2786
353,1918,-116,-4966,-2460,-867
554,1814,180,-3929,-3069,1700
929,1810,418,-5040,-74,4317
1079,1957,535,-6927,10922,5430
816,2168,537,-6838,14116,4431
333,2151,398,-9544,10855,2303
-270,1960,447,-9910,5536,1376
-645,1849,324,-10030,-3468,-992
-560,1874,200,-8823,-9617,-3350
-156,1977,152,-10009,-5427,-2362
189,1984,188,-9929,-357,-194
353,1930,156,-10794,1618,345
466,1916,112,-11196,-4283,412
822,1910,27,-10125,-4156,3292
1406,1996,63,-10526,7107,4898
1652,2112,182,-12255,25043,2047
887,2097,271,-12117,28264,-3
-156,2014,301,-11876,13137,-863
-648,1860,348,-11877,-2002,-527
-492,1834,504,-11619,-2725,435
-155,1905,779,-11936,5340,-696
-139,1792,991,-12178,6473,-3010
-251,1422,1209,-10916,232,-3664
-137,1067,1328,-8331,-7600,-2711
282,1021,1411,-5724,-5533,-206
640,1324,1421,-5974,2860,1873
573,1522,1484,-5808,8580,1571
215,1415,1551,-4618,5441,516
-181,1130,1645,-2325,2185,-149
-489,895,1706,588,-6556,53
-338,950,1676,3019,-12321,-311
112,1269,1518,2285,-8475,248
547,1588,1377,1122,769,-437
691,1635,1228,257,8156,-768
569,1530,1149,673,8495,-516
370,1498,1102,800,6524,472
169,1533,1132,435,4456,1638
49,1537,1155,539,1341,1487
30,1473,1154,131,742,950
62,1443,1177,600,-478,897
120,1487,1216,295,819,599
144,1517,1265,204,2143,-122
108,1486,1287,-90,1293,-851
70,1440,1275,165,-511,-1393
104,1414,1244,529,-1947,-1585
196,1407,1194,503,-577,-1253
277,1395,1164,456,120,-640
332,1405,1201,433,2180,121
342,1479,1252,369,2009,696
300,1553,1236,286,2622,781
184,1518,1200,343,1722,882
90,1417,1186,760,840,756
75,1382,1194,796,454,529
106,1426,1217,384,1426,339
104,1488,1220,6,1281,249
51,1499,1228,113,778,264
-1,1470,1223,589,-378,274
22,1466,1207,456,-1111,94
105,1500,1233,380,-209,90
171,1546,1234,243,1804,-21
129,1538,1209,-53,2153,-103
26,1485,1205,136,491,-50
-13,1462,1202,469,-969,-65
33,1468,1198,386,-1174,-253
94,1477,1213,255,-532,19
151,1498,1219,302,-10,2
163,1498,1204,234,50,89
157,1475,1207,125,-274,307
175,1483,1218,285,214,325
166,1497,1204,87,627,259
144,1481,1218,169,-103,350
143,1479,1227,148,60,374
139,1483,1239,170,603,146
111,1470,1232,143,298,-139
93,1459,1228,221,-727,-160
119,1466,1224,180,-486,-13
164,1485,1224,168,-36,-142
181,1492,1220,119,489,-48
172,1481,1222,240,319,-94
158,1466,1214,279,-205,27
167,1455,1216,256,-28,14
185,1459,1224,108,444,94
189,1470,1222,111,388,-21
171,1471,1226,187,229,-92
174,1471,1227,253,-166,-51
181,1475,1227,119,203,-69
189,1469,1242,171,612,-205
199,1466,1238,206,540,-264
212,1471,1231,109,1013,-215
189,1466,1220,195,973,-106
159,1465,1229,411,403,-44
175,1482,1218,402,706,-20
188,1494,1211,314,1012,180
183,1492,1211,179,1200,293
161,1483,1213,336,890,263
130,1487,1210,214,965,8
89,1480,1207,325,452,-226
83,1472,1196,302,-180,-392
117,1484,1207,221,22,-374
142,1494,1205,59,220,-265
144,1487,1202,132,-41,-269
146,1482,1198,140,142,-110
152,1478,1200,273,2,-20
164,1484,1205,137,14,12
165,1488,1211,41,389,-98
153,1480,1214,49,418,-188
139,1467,1217,194,178,-117
143,1467,1222,285,144,-44
150,1480,1213,103,448,-27
162,1476,1217,157,290,90
176,1462,1220,168,632,304
190,1460,1225,188,415,507
211,1462,1236,145,760,573
214,1473,1240,242,1270,533
172,1494,1229,102,1897,516
111,1491,1232,350,888,146
64,1488,1211,274,138,-100
61,1492,1205,227,122,-286
74,1499,1199,95,526,-274
73,1494,1200,64,258,-305
78,1482,1196,58,-471,-412
102,1480,1208,50,-204,-357
134,1484,1220,153,-246,-379
149,1488,1216,155,-241,-334
150,1481,1216,182,128,-210
150,1479,1208,207,43,-179
164,1483,1220,180,511,-149
143,1485,1225,161,101,-197
121,1492,1212,148,-511,-427
125,1497,1208,247,-114,-392
133,1504,1196,302,453,-304
127,1503,1188,202,322,-305
128,1508,1192,271,150,-356
121,1512,1196,227,10,-394
125,1504,1199,184,-457,-405
140,1498,1204,258,-218,-413
163,1488,1199,289,46,-345
185,1480,1205,209,779,-242
176,1468,1220,344,285,-183
164,1465,1230,373,178,-91
160,1464,1231,294,109,-135
162,1460,1225,349,-297,82
177,1456,1229,288,435,182
174,1458,1222,350,530,132
154,1467,1220,264,645,280
142,1476,1228,347,417,79
123,1494,1226,257,545,-16
99,1503,1206,250,134,-296
81,1495,1195,169,69,-244
94,1486,1194,158,203,-176
107,1486,1194,93,172,-301
110,1494,1202,260,-21,-299
120,1491,1197,159,-514,-253
154,1485,1201,309,-434,-99
186,1497,1196,210,466,174
190,1502,1197,177,763,125
166,1494,1206,284,545,108
141,1492,1211,333,752,47
111,1501,1209,332,128,-39
96,1511,1201,437,148,-122
99,1508,1194,460,-56,-261
122,1500,1182,293,2,-126
144,1499,1177,162,66,-22
144,1501,1183,239,329,-31
141,1505,1191,269,-9,-48
145,1507,1190,99,175,6
147,1496,1196,134,162,-58
134,1484,1193,49,94,-109
122,1477,1205,164,-178,-76
133,1481,1210,181,-108,-146
131,1485,1213,78,-27,-196
114,1481,1214,113,-700,-205
129,1482,1217,275,-790,-290
165,1497,1208,185,-124,-262
186,1502,1198,119,358,-23
191,1492,1207,144,595,5
166,1484,1198,178,375,-53
142,1484,1193,160,-136,-18
135,1491,1190,178,-329,36
147,1499,1196,320,-51,78
160,1505,1203,275,372,-55
155,1512,1194,113,418,-205
132,1511,1193,160,213,-294
109,1498,1189,372,-559,-329
133,1505,1191,388,-756,-228
181,1522,1189,189,528,-169
196,1525,1174,46,408,-57
179,1508,1182,150,358,47
166,1491,1180,51,123,-52
173,1487,1204,240,-39,-32
172,1503,1196,187,70,-99
155,1505,1201,210,-124,-192
159,1498,1193,188,4,-205
175,1489,1189,90,316,-131
179,1484,1191,146,580,-84
168,1480,1203,245,270,-160
159,1492,1209,192,186,-220
166,1510,1205,58,149,-242
164,1499,1199,143,243,-291
141,1475,1190,275,-53,-168
159,1486,1203,416,-300,-223
192,1529,1193,197,325,-27
194,1554,1171,166,499,57
168,1532,1165,174,213,139
157,1502,1160,272,110,69
162,1503,1165,228,603,-78
153,1513,1175,114,835,-173
136,1513,1185,109,153,-165
142,1507,1178,-56,-15,-84
163,1496,1180,-185,167,-61
164,1479,1189,-184,422,-27
160,1464,1200,-255,88,41
156,1454,1210,-506,465,-96
135,1416,1222,-598,562,-298
119,1341,1239,-1153,819,-456
137,1268,1351,-2338,1253,69
204,1282,1440,-2751,2903,266
208,1323,1444,-3596,2154,-232
87,1232,1473,-3743,-30,540
11,1069,1515,-2151,-1221,695
9,907,1503,-303,-1889,433
82,769,1538,223,645,1043
121,710,1731,1245,1584,1940
148,831,1814,2595,5206,1029
61,980,1614,3640,2730,-718
-132,945,1421,5223,3193,589
-332,837,1266,8020,1083,2319
-493,1092,1296,8195,-5434,4243
-470,1715,1241,10336,-10884,2167
-349,2084,1122,12148,-17713,389
-9,1967,840,14572,-23868,2304
697,1985,529,14964,-20598,4818
1510,2354,345,13376,-6883,4154
1972,2696,209,11286,5551,227
1849,2559,177,10218,13885,-1280
1273,2270,187,9251,15563,-419
495,2099,239,9441,12569,1000
-243,2044,245,9483,522,1769
-566,2064,288,9655,-6649,561
-487,2083,283,8361,-6026,-1311
-407,2053,347,7963,-7345,-2787
-453,1989,388,7854,-11802,-4007
-354,1931,343,9810,-20389,-3704
46,1876,284,11502,-24243,-1228
811,1869,189,13620,-21014,977
1779,2026,146,14459,-6711,-795
2231,2165,167,13609,9937,-2822
1633,2041,176,12325,11436,-1404
431,1911,165,9768,-550,-244
-363,1725,183,8763,-15205,-3997
-370,1580,165,6162,-20276,-2570
-69,1630,120,3580,-15839,-1388
202,1872,113,61,-10246,-1735
300,1919,133,-1507,-12338,-322
451,1790,30,-3103,-9331,744
408,1755,-177,-3430,-5317,997
274,1799,-346,-2912,-3865,-239
444,1788,-542,-2716,802,-936
503,1729,-630,-1104,9979,-1619
274,1781,-687,-112,9158,-2300
183,1925,-758,-147,8299,-1934
289,2104,-772,-321,10712,-452
403,2244,-774,30,11677,-131
410,2221,-723,-208,14786,-724
330,2088,-608,-201,14168,-908
209,1971,-562,-413,12378,-778
35,1958,-543,-708,6487,-482
-2,1960,-446,-427,-49,-644
171,1965,-349,-1830,-3500,131
458,2025,-71,-2584,372,-1324
581,2189,113,-4478,1652,-4192
453,2208,228,-5475,1950,-5264
226,2123,335,-6750,-3251,-5449
16,1945,371,-6729,-10014,-3385
39,1728,517,-6329,-15396,286
299,1671,569,-5516,-16049,3178
705,1756,458,-9785,-11793,4217
1138,1738,490,-11311,-955,2327
1139,1654,500,-11565,5444,-32
915,1735,314,-13263,9219,-1649
713,1841,151,-13607,10266,-3387
554,1899,77,-11695,7007,-1966
449,2033,52,-12681,9013,2956
247,2150,30,-13815,7925,4983
-28,2179,117,-13307,3725,1316
-86,2182,66,-14050,-132,109
139,2196,153,-13618,4599,2018
275,2178,230,-13757,5291,3248
374,2088,443,-13765,10862,2732
116,1935,728,-13168,11743,2256
-201,1671,985,-11148,3151,1205
-146,1384,1220,-8680,-1776,1121
68,1281,1352,-6492,-1023,1129
239,1372,1423,-5438,3346,501
280,1473,1445,-5228,7144,-233
147,1451,1501,-4137,7506,-1007
-13,1309,1611,-2356,6802,-1352
-275,1100,1629,195,2107,-368
-449,1055,1659,3010,-8456,-835
-116,1222,1541,3452,-12647,-1236
450,1455,1424,2250,-1912,36
728,1551,1329,1403,5905,404
691,1442,1181,1184,8472,-326
519,1321,1137,1232,9251,-267
221,1291,1152,1416,7585,570
-73,1352,1162,1188,2673,1422
-180,1414,1175,748,-324,1301
-95,1442,1172,491,-1359,554
15,1471,1146,32,235,565
28,1463,1139,38,711,758
-41,1406,1165,79,-599,441
-47,1389,1220,89,-2496,-272
62,1447,1253,-177,-2526,-693
186,1501,1262,-387,-1226,-849
248,1471,1206,-131,-917,-209
311,1414,1169,382,-166,974
394,1417,1180,208,2235,2134
442,1501,1251,424,4118,2744
323,1608,1212,-322,5017,1804
56,1569,1209,-5,2748,1150
-112,1475,1190,458,-1116,856
-51,1471,1170,379,-1204,411
73,1523,1167,237,1714,80
99,1563,1167,-212,2452,5
49,1556,1173,-225,1642,58
1,1510,1181,-262,102,228
24,1461,1208,215,-1477,280
119,1469,1210,125,-900,356
185,1490,1221,10,584,249
195,1479,1228,32,1093,267
187,1468,1222,116,1006,221
173,1483,1207,214,713,226
142,1493,1208,174,1029,172
96,1494,1208,309,572,74
66,1488,1220,327,-43,-197
86,1490,1212,229,-517,-564
118,1495,1196,157,-357,-755
157,1484,1202,255,354,-640
177,1498,1211,88,537,-463
166,1526,1193,-4,170,-335
152,1525,1179,35,-27,-354
141,1513,1169,132,-243,-15
164,1510,1157,178,-180,317
189,1509,1166,-4,342,627
211,1515,1186,-7,890,571
202,1526,1191,-15,1160,226
155,1515,1186,50,1039,322
126,1497,1209,287,541,253
123,1514,1206,327,882,135
109,1526,1204,358,1022,-48
81,1506,1195,432,351,3
92,1487,1193,394,311,55
116,1493,1196,360,381,-99
116,1509,1195,345,427,-155
110,1509,1194,193,611,-180
108,1499,1189,323,-352,-240
123,1493,1193,237,-557,-279
135,1478,1197,238,-199,-297
148,1463,1210,76,-358,-283
163,1487,1213,-38,-380,-253
153,1516,1207,-98,-339,-449
131,1513,1191,-50,-702,-436
119,1506,1183,-6,-1062,-362
131,1516,1183,-187,-514,-472
141,1525,1183,-75,-245,-559
133,1514,1176,7,-424,-529
138,1491,1194,124,-677,-362
162,1494,1198,188,-319,-289
177,1500,1206,145,357,-378
175,1485,1217,236,-151,-320
195,1476,1218,220,-185,-234
211,1472,1221,253,241,-32
211,1475,1214,173,886,140
205,1473,1218,363,866,129
186,1474,1211,313,811,173
164,1471,1216,395,538,167
161,1474,1217,453,684,126
151,1490,1209,339,482,70
134,1492,1202,409,556,-280
101,1496,1187,310,-65,-336
94,1504,1181,183,-463,-264
118,1514,1173,120,-622,-306
151,1510,1181,318,-401,-411
157,1505,1184,266,81,-237
160,1503,1186,179,-279,-171
186,1506,1185,150,58,-113
203,1503,1188,171,517,-165
187,1483,1199,273,792,-118
166,1478,1206,360,186,-44
173,1493,1198,267,-322,-40
203,1501,1200,273,-181,238
235,1492,1211,325,621,475
247,1491,1206,473,956,601
236,1500,1190,419,1598,776
199,1506,1173,493,1323,848
177,1513,1170,555,726,1101
195,1531,1174,513,1569,1366
199,1538,1168,406,2126,1086
156,1518,1174,295,2598,802
77,1489,1185,113,1452,585
26,1473,1206,221,-46,403
31,1476,1200,85,-489,46
73,1474,1207,232,48,-378
98,1479,1208,46,262,-443
111,1488,1219,146,62,-354
122,1481,1217,116,516,-436
129,1465,1215,276,-265,-427
139,1472,1200,243,-363,-402
148,1482,1197,184,-511,-271
181,1492,1198,157,-134,-158
221,1500,1194,192,392,-149
211,1507,1183,109,1026,-60
162,1507,1173,148,448,-32
141,1506,1179,207,303,-56
138,1513,1185,385,65,-59
140,1520,1183,282,171,-187
161,1525,1176,286,493,-256
171,1525,1164,141,750,-225
145,1516,1177,183,620,-132
128,1518,1176,393,208,-127
136,1520,1172,186,231,-73
145,1518,1174,230,126,8
145,1518,1166,216,22,19
152,1513,1171,255,379,-120
155,1512,1181,170,658,-37
141,1514,1185,227,679,-13
126,1510,1177,216,-110,-76
127,1495,1184,239,-509,-154
144,1492,1188,119,20,-53
161,1497,1194,175,197,-77
164,1495,1185,30,734,-128
147,1495,1198,128,10,-211
134,1503,1199,220,-17,-212
133,1502,1201,172,67,-314
132,1496,1188,143,-127,-378
132,1496,1187,-17,-178,-556
121,1503,1184,-34,-658,-633
133,1510,1179,32,-779,-607
173,1516,1176,-35,-550,-572
197,1519,1166,-173,-165,-193
201,1517,1163,-184,-988,75
226,1529,1156,-72,-865,299
257,1531,1166,13,-200,510
257,1522,1181,49,534,313
225,1511,1186,102,969,287
178,1504,1190,191,673,205
142,1498,1192,221,260,103
138,1504,1191,341,90,-35
148,1510,1182,122,356,-12
143,1507,1184,210,391,8
146,1500,1183,135,90,44
163,1502,1189,117,362,32
160,1500,1188,43,-6,120
165,1487,1210,334,44,105
160,1488,1188,202,-20,142
163,1499,1186,228,-467,84
169,1504,1187,235,-33,179
181,1516,1188,243,-146,-53
168,1533,1174,146,265,129
155,1530,1161,226,-613,77
166,1527,1159,362,-543,-54
189,1538,1167,294,108,-25
192,1550,1152,52,-217,7
197,1526,1156,-127,206,9
192,1480,1177,-257,231,51
187,1444,1214,-222,-23,-31
193,1440,1232,-705,33,-58
182,1424,1245,-1512,-767,2
205,1359,1254,-2352,716,693
246,1259,1289,-3099,2626,1134
248,1146,1396,-3488,1709,1407
236,1081,1526,-3419,832,1934
202,1057,1574,-3125,-135,2432
102,952,1573,-1848,-809,1959
35,756,1572,-79,-203,1761
57,617,1722,1129,392,1188
74,694,1912,4069,2393,-443
-28,933,1759,4947,5500,-1534
-277,1019,1464,6915,-50,-750
-487,949,1345,12349,-6707,321
-518,1057,1082,12869,-10594,2453
-394,1577,1070,15378,-11877,2226
-167,2433,780,13501,-18284,-290
241,2778,539,13960,-19662,-1278
939,2699,210,14814,-15919,1062
1893,2721,49,14284,155,1352
2241,2661,19,12862,15365,-1951
1680,2403,94,12811,18199,-1442
754,2118,145,12944,13396,488
-129,1932,192,13002,3925,1039
-671,1882,148,12687,-6278,-55
-694,1970,110,11730,-10421,-1843
-512,2071,144,10343,-10380,-3450
-404,2028,171,10618,-16687,-3657
-44,1916,148,11036,-15789,-2770
337,1842,112,11956,-19419,-1188
904,1713,56,11713,-20065,3543
1747,1609,212,11344,-7680,5109
2050,1828,463,12005,1317,2068
1603,2139,482,8974,855,-1561
904,1811,438,6253,-2596,-2475
266,1566,438,4443,-8427,-3190
106,1726,450,1994,-13696,-3488
334,1861,326,-86,-10594,180
669,1778,35,-2093,-1863,252
780,1712,-131,-2463,2700,1021
399,1711,-349,-2532,3971,1290
-190,1850,-504,-2044,-3796,-430
-139,1993,-672,-1756,-1996,-1872
258,1975,-814,-183,7206,-2045
281,1947,-981,319,13815,-2383
80,2007,-1011,839,13644,-2743
30,2150,-1008,1032,9728,-2034
154,2254,-881,1232,10175,-1465
298,2199,-759,903,13202,-1431
301,2121,-681,1223,12368,-1068
238,2022,-576,1322,11210,-645
205,1980,-498,195,10810,-277
153,1955,-426,-87,7940,-30
-3,2029,-346,-1963,4370,-728
-182,2037,-180,-4183,-2279,-1397
-209,2040,-17,-5053,-6651,-1670
-101,2059,72,-5757,-8999,-1543
-16,2019,65,-6209,-12792,-1634
238,1890,152,-5520,-14802,-1695
636,1826,233,-7875,-11055,-201
996,1904,373,-9393,-6758,1408
1067,1897,386,-10251,-3662,137
977,1792,376,-9779,-4076,-1224
1001,1715,366,-10607,1402,-598
1060,1783,353,-11583,6942,613
991,1908,295,-11386,9556,-1259
598,1874,192,-11825,14239,-4021
65,1777,133,-12898,5894,-2865
-99,1758,236,-12429,-2215,-297
152,1970,309,-12319,-2265,1199
478,2166,159,-14211,1375,1609
557,2095,155,-13557,7574,401
384,2033,144,-14233,7250,478
379,2113,314,-14398,8455,916
315,2215,448,-15341,10770,921
-25,2118,538,-15141,9666,514
-463,1773,835,-12772,-1045,204
-250,1418,1051,-10333,-6952,-566
260,1370,1212,-9005,-1908,186
576,1476,1279,-8860,3914,1336
702,1496,1336,-7889,9265,3050
454,1390,1467,-5618,12144,3366
-185,1186,1581,-2606,5773,2961
-510,999,1758,2365,-8908,1527
-120,1088,1728,4214,-12110,904
368,1341,1574,3778,-3966,2236
634,1409,1390,2909,3858,2628
626,1275,1246,3274,7001,2154
539,1200,1174,3955,7538,2461
464,1307,1166,3869,8008,3445
321,1499,1194,2894,7872,4681
105,1643,1179,2499,6747,3977
-93,1652,1112,1669,3856,2535
-170,1567,1098,1889,1727,1747
-97,1517,1080,2276,1743,1642
20,1529,1087,1871,2146,1962
38,1564,1127,1808,1272,2055
24,1556,1146,2443,1082,1619
61,1538,1121,2250,-850,1337
191,1509,1147,1723,-826,2095
346,1477,1227,1515,1086,2225
422,1474,1259,1498,2795,2272
400,1475,1267,1697,3374,2594
297,1458,1232,1439,3532,2172
144,1429,1217,1075,2296,1796
37,1426,1206,935,1578,826
-27,1460,1165,626,812,-34
-52,1496,1175,726,435,-263
-42,1509,1162,417,366,-597
-7,1512,1154,167,-812,-1192
21,1518,1132,-281,-471,-1532
66,1498,1131,-422,-2458,-1251
179,1484,1143,-305,-2548,-744
330,1498,1141,-115,-1556,-235
431,1526,1136,-146,192,112
436,1558,1128,-344,2597,159
307,1573,1136,-198,2540,-99
147,1564,1122,-64,199,-227
77,1554,1130,139,-437,-265
81,1554,1126,256,-764,-668
117,1574,1109,177,-1225,-897
153,1592,1085,-99,-1046,-985
196,1583,1082,-27,-893,-685
236,1581,1077,-160,-648,-413
266,1588,1096,-326,-629,-299
286,1566,1090,-346,-1516,-148
337,1538,1111,-380,144,120
339,1534,1119,-371,1094,163
273,1537,1128,-82,574,-239
188,1545,1111,-287,-595,-226
179,1555,1125,-289,-366,-94
199,1560,1140,-142,55,-236
210,1543,1139,9,13,-255
224,1525,1149,71,433,-510
187,1527,1157,-216,515,-794
128,1520,1161,-100,-897,-867
144,1500,1150,83,-2040,-647
244,1515,1147,80,-1027,-312
307,1544,1140,-90,769,-428
266,1538,1127,-293,701,-419
204,1522,1134,-218,-529,-249
199,1532,1132,-188,-949,-94
228,1548,1132,-281,-466,-163
251,1552,1125,-494,-76,-210
258,1544,1127,-363,274,-108
255,1523,1135,-323,882,-235
227,1506,1138,-273,598,-268
183,1515,1153,-19,-172,-326
169,1536,1142,6,-442,-522
190,1548,1128,-130,-343,-682
206,1536,1125,-52,-288,-809
196,1529,1147,49,-482,-997
192,1561,1143,29,-884,-935
205,1576,1129,-96,-714,-979
245,1554,1131,-48,-1086,-566
312,1548,1127,-129,-306,-244
339,1535,1147,-124,322,-95
334,1519,1154,-68,164,333
340,1517,1159,53,581,560
334,1510,1167,71,610,631
324,1505,1184,118,1552,483
268,1510,1188,118,1974,212
164,1502,1172,212,802,94
107,1491,1163,353,-603,24
145,1517,1157,55,-470,-77
191,1547,1158,-238,283,-270
197,1529,1156,-257,271,-219
175,1502,1143,-362,-680,-261
181,1486,1141,-332,-1265,-122
245,1490,1161,-393,-1006,-59
294,1507,1177,-325,39,-191
279,1510,1183,-340,388,-295
241,1498,1182,-329,119,-328
233,1484,1185,-262,-620,-341
272,1479,1183,-135,-264,-304
299,1489,1187,154,268,-336
294,1490,1172,179,837,-452
258,1498,1165,176,432,-475
221,1531,1161,236,-344,-557
206,1557,1140,119,-817,-526
231,1548,1137,145,-419,-370
256,1538,1133,-8,149,-276
266,1544,1140,110,297,-408
247,1536,1135,128,-257,-170
265,1521,1147,220,-181,169
309,1544,1159,183,407,252
320,1550,1162,68,1112,210
292,1515,1178,194,1400,215
241,1492,1190,257,1206,169
203,1496,1191,154,700,84
196,1488,1186,153,185,31
214,1473,1174,220,539,-74
210,1473,1160,52,503,-124
194,1503,1181,-146,417,-294
176,1512,1173,-308,-280,-358
177,1482,1170,-204,-656,-180
214,1465,1175,-82,-541,30
258,1487,1182,-218,353,-237
256,1496,1184,-255,321,-211
243,1489,1190,-230,178,-47
249,1499,1202,-229,-114,-24
264,1516,1220,-167,347,-4
266,1504,1185,-93,409,-160
248,1466,1164,52,624,-215
220,1461,1172,252,230,-240
209,1504,1174,56,116,-398
214,1538,1189,-45,-204,-416
227,1535,1178,-113,14,-350
229,1508,1168,-59,-281,-216
236,1496,1152,10,-393,-116
264,1493,1149,109,-48,-86
283,1494,1173,134,362,81
277,1507,1197,41,878,71
252,1527,1198,5,373,-127
225,1497,1186,108,-43,-2
235,1459,1179,336,266,111
248,1470,1189,441,862,-61
229,1490,1192,258,277,-287
209,1490,1198,351,-157,-180
221,1501,1193,345,-180,-334
228,1518,1177,450,196,-555
218,1487,1128,667,1619,-838
159,1486,1167,465,1132,-707
109,1578,1180,10,-305,-1046
121,1589,1165,-157,-1912,-1360
181,1496,1154,39,-1980,-649
282,1439,1154,119,-412,-278
329,1478,1183,-137,402,-597
291,1514,1201,-410,-75,-422
268,1469,1198,-242,-527,-254
279,1417,1214,-49,-358,74
313,1436,1217,-142,158,238
323,1450,1222,-212,529,423
293,1428,1227,-302,541,942
276,1435,1248,-71,163,1302
281,1498,1254,-472,333,1525
261,1556,1296,-994,472,1700
210,1513,1272,-1080,848,1468
139,1395,1272,-1179,-169,1612
135,1291,1338,-642,844,1911
147,1242,1344,-590,1181,1363
78,1250,1288,-896,1358,949
-36,1256,1245,-438,-1431,740
-35,1211,1180,46,-2197,683
56,1126,1178,1194,-3187,728
209,1086,1279,2485,-3253,1325
420,1198,1505,2534,2035,1053
422,1373,1526,3449,4534,-1144
218,1302,1352,4130,1881,-1524
203,993,1369,7346,-2610,-772
444,1003,1627,9173,-543,-32
397,1499,1304,9742,4559,-1329
137,1856,1157,11131,-8425,225
320,1901,1006,11693,-7739,1767
605,2034,848,12365,-4111,1166
588,2228,717,13461,-6917,1099
729,2310,559,13836,-7365,1212
1022,2303,453,13730,-1297,1091
1071,2223,419,13574,5463,-83
815,2062,370,12924,8534,-1213
320,1896,344,12528,5121,-826
-175,1778,300,12628,-2998,-210
-295,1790,273,12658,-9264,383
-45,1873,214,11722,-8510,247
269,1899,244,10440,-5448,-358
395,1828,304,9064,-1368,-320
404,1727,394,8977,-3815,-42
544,1686,423,9142,-7304,456
753,1774,370,8465,-3540,596
834,1900,331,9371,-2309,-582
801,1928,322,9927,-3,-706
627,1936,293,10739,-1645,-228
311,2260,260,9935,-6868,-762
69,2267,136,6873,-13392,-3347
11,1999,-59,2546,-19055,-1772
277,1739,9,3010,-18899,666
687,1703,43,233,-11529,2710
901,1698,-107,-2016,-298,2225
708,1635,-284,-2244,3832,268
330,1615,-580,-1004,2683,-156
112,1804,-704,269,5456,-954
-140,1915,-877,-15,9067,-1976
-274,1936,-981,134,5103,-2856
-102,2068,-1008,-303,12953,-2107
-291,2325,-850,-373,8939,-2666
-688,2449,-763,-1689,-1732,-5012
-600,2194,-644,-1189,-12334,-5280
-11,2048,-574,260,-14286,-3275
617,2092,-406,-793,-9129,-1567
1142,2194,-226,-3403,-3201,256
1488,2298,-82,-5781,2230,2219
1702,2359,6,-6119,13734,1273
1651,2259,-413,-5128,14584,-3250
1317,1893,-843,-2615,22255,-5497
940,1311,-1105,-3230,17955,-5775
377,727,-863,-3216,18106,594
-484,497,-351,-752,-10045,9046
-511,1181,740,-1054,-25666,16138
1199,3573,1406,-11867,19220,9511
981,3237,381,-13217,25391,-11184
-520,1836,160,-6800,-1199,-5918
-775,1054,228,-2637,-11717,2071
185,1756,138,-5259,-3253,8537
872,2470,267,-8201,10553,4176
698,2174,210,-7055,11926,1396
617,1896,57,-8425,12453,462
549,1814,81,-7841,13805,1625
313,1938,86,-9793,14942,1210
-190,2023,153,-10197,6661,975
-462,1992,171,-10308,-3813,-595
-253,2074,182,-11435,-6345,-4001
98,2118,278,-10186,-3169,-4061
457,2089,368,-10881,-69,-2097
717,1977,553,-11272,3911,-2419
781,1825,712,-10888,3679,-3298
787,1709,853,-10853,6772,-1938
701,1605,949,-10422,7582,-2139
543,1533,960,-10635,4505,-2038
584,1593,1028,-11325,3535,-263
701,1746,1000,-10868,4044,374
599,1775,890,-10556,9479,971
200,1556,1053,-7341,12499,2094
-557,1223,1261,-3577,4120,3376
-769,1024,1448,627,-13570,1604
-292,1234,1580,1225,-10387,585
136,1534,1615,1214,-1087,892
339,1459,1454,1222,1785,-831
414,1322,1253,2104,4454,-1553
331,1369,1073,2073,6583,-521
161,1415,1035,2079,4790,829
112,1483,1079,1488,3136,1405
108,1585,1153,1370,2126,2095
39,1610,1144,1261,1439,1782
-42,1536,1145,1334,-427,1054
-14,1496,1144,1331,-1050,279
87,1547,1133,782,3,-229
167,1574,1138,766,515,-229
245,1517,1149,665,1818,537
292,1439,1178,799,2227,1334
299,1459,1183,987,2739,1960
276,1538,1161,678,2617,2245
226,1557,1151,208,2116,2323
152,1537,1141,52,2275,1984
51,1534,1145,365,1308,857
-37,1569,1119,37,289,-194
-74,1583,1127,240,-640,-264
-33,1594,1108,86,-1292,-230
64,1600,1100,36,-1351,-237
163,1586,1106,178,-1337,-2
262,1557,1117,80,-810,381
323,1576,1138,209,515,324
277,1611,1109,-32,853,-190
197,1579,1103,182,-107,-280
186,1548,1098,173,-160,-140
230,1559,1101,-2,59,15
262,1571,1128,-86,258,246
267,1555,1139,79,-217,520
283,1541,1131,300,-152,835
302,1537,1126,389,728,852
293,1545,1125,388,2099,573
220,1556,1123,273,1647,355
130,1545,1145,174,1422,90
68,1549,1162,231,523,-445
38,1557,1132,108,-292,-607
39,1531,1131,271,-895,-671
74,1516,1127,150,-1552,-701
151,1523,1150,332,-1203,-858
197,1546,1132,-7,-883,-839
187,1557,1139,-24,-532,-1003
160,1560,1124,68,-1125,-882
180,1549,1115,57,-1077,-722
225,1544,1115,38,-709,-705
255,1562,1127,-69,-396,-521
238,1570,1136,-24,90,-860
177,1560,1122,38,-850,-835
185,1542,1115,140,-1045,-517
238,1549,1123,167,-588,-582
260,1563,1125,137,457,-652
245,1549,1131,75,356,-458
210,1542,1121,-44,-641,-275
194,1543,1132,113,-930,-240
218,1544,1125,146,-618,-377
244,1543,1132,175,409,-381
236,1547,1138,170,379,-398
216,1555,1130,108,193,-400
207,1549,1125,208,298,-290
197,1536,1120,133,-439,-267
209,1533,1125,212,-165,-266
210,1535,1125,53,-477,-363
228,1538,1132,198,-431,-395
239,1550,1131,94,-283,-289
241,1569,1122,34,-256,-249
219,1571,1117,61,-223,-225
206,1558,1114,80,-197,-309
213,1550,1119,277,-353,-343
232,1551,1116,78,-207,-339
256,1555,1129,60,555,-362
247,1565,1115,16,247,-251
234,1562,1112,250,229,-164
232,1554,1113,334,23,-4
241,1562,1110,246,417,-20
247,1560,1109,231,168,-53
233,1554,1121,126,379,-121
208,1554,1122,244,179,-166
204,1551,1116,275,246,-50
223,1543,1121,269,327,19
238,1540,1130,344,588,-39
233,1541,1134,300,452,-19
225,1541,1122,132,227,41
237,1531,1134,198,462,109
253,1531,1135,304,1017,161
244,1536,1132,283,1370,126
210,1542,1125,339,626,129
194,1536,1122,254,271,278
217,1531,1140,257,508,321
240,1549,1133,157,921,147
213,1568,1119,178,413,184
181,1561,1106,236,83,292
189,1561,1103,270,191,301
221,1567,1114,280,979,140
218,1571,1115,247,1079,93
191,1556,1112,246,809,29
172,1551,1127,368,396,54
167,1568,1112,224,371,-119
160,1572,1111,281,410,-238
162,1558,1109,253,-93,-239
187,1559,1112,258,419,-220
196,1569,1115,147,661,-240
180,1566,1115,110,161,-222
177,1551,1119,159,-292,-146
196,1545,1126,225,-140,-97
217,1547,1129,162,1011,-171
222,1547,1123,113,802,-202
202,1550,1122,141,189,-120
193,1548,1122,214,-30,-136
195,1552,1119,182,8,-66
198,1558,1114,156,198,-122
208,1562,1118,227,389,-92
216,1564,1108,169,911,-85
207,1568,1116,219,561,-128
197,1570,1111,186,880,-204
194,1564,1110,263,439,-246
207,1552,1103,232,671,-82
217,1556,1116,200,497,-32
222,1574,1123,192,974,-67
200,1568,1116,117,989,-176
168,1544,1120,203,181,-67
176,1538,1123,148,383,-14
203,1549,1127,316,489,-216
204,1559,1126,165,614,-204
184,1554,1122,120,424,-75
193,1543,1121,243,39,-72
227,1549,1115,204,526,9
235,1556,1122,191,1186,31
204,1549,1119,98,933,-20
180,1547,1127,2,209,-94
180,1550,1121,13,104,17
197,1555,1119,96,370,85
213,1561,1120,58,727,102
208,1566,1122,-111,1121,62
177,1553,1133,57,598,107
167,1547,1137,155,517,73
171,1551,1127,8,-23,118
188,1551,1131,65,454,281
208,1550,1124,-39,425,206
218,1554,1122,-186,991,272
206,1556,1125,-199,1031,351
182,1552,1127,-163,526,434
157,1552,1131,-375,628,482
135,1543,1131,-380,141,367
113,1530,1133,-652,-87,342
101,1535,1156,-948,-653,458
105,1525,1154,-881,-1409,571
131,1481,1147,-703,-1415,849
170,1458,1167,-851,-1388,1462
208,1487,1224,-1282,362,1953
172,1491,1304,-1582,1645,1407
63,1380,1345,-1491,971,821
-16,1173,1342,-565,-559,417
-79,970,1305,1087,-2007,60
-83,821,1269,2108,-3552,88
93,824,1429,3140,-1922,335
272,1072,1523,2706,-357,-328
326,1315,1562,2936,119,-763
285,1321,1410,4376,-171,-353
174,1154,1174,7012,-1607,666
141,1126,1120,8633,-3953,2693
287,1455,1123,9122,-3330,3166
318,1964,1162,11238,-347,1584
73,2186,950,11310,-4419,842
-1,2105,768,12757,-12591,1622
235,2179,557,14000,-13018,2575
756,2469,304,13232,-10323,1996
1386,2659,182,12242,1687,-964
1464,2497,220,11649,12352,-3276
931,2231,249,11612,14667,-3411
121,2061,178,10471,5333,-2836
-497,1974,68,9799,-10114,-2353
-509,1968,15,9648,-17710,-1506
24,1980,3,8815,-15979,-414
637,1993,72,8485,-6914,-1069
816,2007,182,8524,-990,-3013
587,1995,261,9265,-2581,-3290
418,1903,274,11007,-6544,-1957
324,1854,250,12641,-7788,-1387
233,2136,220,12728,-13732,-1784
247,2482,145,8136,-21123,-2168
468,1976,276,6590,-20992,-2465
697,1469,295,5098,-16950,-1436
652,1464,259,3065,-16169,-683
585,1561,106,-123,-12169,-577
673,1510,105,-268,-9681,-64
640,1661,-18,-2570,-3395,117
457,1757,-219,-3293,-3547,743
314,1868,-537,-2634,-2884,522
481,1911,-803,-1032,4029,512
352,1927,-849,485,8641,-218
129,1939,-878,204,9697,-1561
153,1942,-848,627,8045,-1165
454,2031,-766,147,11914,699
755,2164,-719,-300,17105,1813
809,2161,-716,-304,21853,1677
549,2115,-675,186,23187,1054
75,2076,-576,-205,21272,-693
-263,2010,-473,-437,12848,-2179
-242,1913,-381,-1396,10309,-1493
-238,1895,-227,-3073,2859,265
-191,1918,53,-3525,-2326,1339
-18,2078,179,-3787,-3454,1315
193,2184,170,-4574,-2093,-630
349,2097,93,-4434,-4239,-1286
539,1971,149,-7110,1596,-1098
734,1838,216,-6609,1497,517
1034,1829,182,-6891,7484,3071
1053,1906,102,-7083,9372,1702
905,1891,85,-6755,7858,1569
907,1953,44,-8390,12942,2891
878,1982,69,-9077,15303,29
574,1941,78,-8687,14989,-931
146,1930,74,-7759,8857,1363
17,1949,170,-8329,4973,2575
300,1932,270,-8273,8193,252
541,1985,178,-9652,11484,-408
641,2048,148,-10454,10180,-82
703,2052,106,-12247,12776,-505
510,1998,216,-12861,13618,-1209
51,1913,367,-13560,13811,-709
-515,1782,661,-13843,8622,-906
-928,1557,937,-12607,-436,-207
-977,1285,1163,-9407,-8096,-104
-759,1258,1267,-8257,-6849,-1382
-676,1527,1426,-6548,-7033,-2013
-635,1717,1562,-5362,-8748,-3371
-544,1542,1647,-3540,-10662,-5116
-474,1260,1686,-2032,-11497,-5833
-244,1123,1675,-395,-14205,-5490
190,1259,1574,216,-12157,-5826
632,1548,1319,-48,-6897,-5487
843,1603,1091,308,-1723,-4730
813,1416,882,1635,1091,-2788
699,1267,775,2746,1249,-734
587,1317,824,3128,2121,670
482,1552,929,2117,1855,919
413,1862,1073,797,1857,439
358,1982,1121,-228,2511,-688
253,1803,1097,-230,3002,-537
135,1562,976,399,673,-104
100,1496,887,514,346,-312
87,1600,897,699,348,-739
75,1713,930,194,-688,-1020
101,1682,983,120,-1429,-1040
151,1591,995,75,-2507,-994
240,1548,1037,228,-1062,-1189
309,1626,1055,81,525,-1627
288,1678,1050,-295,582,-1465
239,1599,1058,-64,-413,-1189
242,1526,1092,185,-557,-1013
231,1515,1118,171,-295,-1184
197,1511,1143,99,-598,-1459
219,1525,1166,94,-624,-1511
248,1561,1182,131,-168,-1490
230,1566,1129,-21,-119,-1517
199,1513,1098,356,-915,-1317
223,1467,1085,549,-883,-1055
271,1491,1113,510,281,-896
263,1550,1151,224,804,-1093
203,1585,1155,-182,-28,-1205
127,1573,1160,-141,-822,-1486
57,1535,1119,-147,-1392,-2015
-19,1481,1065,730,-2524,-2638
-87,1389,942,2515,-4999,-2693
-71,1258,824,4976,-8405,-1818
94,1163,686,8208,-8673,-1374
321,1180,805,7532,-7122,405
1025,1660,1968,10315,-1306,4626
759,2777,1097,5191,879,-5178
31,2447,1195,11322,2654,-6600
-300,1603,513,7855,-25346,-3058
571,1497,438,9556,-9782,5765
1485,2280,420,4934,13949,-360
1084,2281,486,2767,18141,-5876
482,1814,636,3272,16791,-4049
-59,1490,699,3735,9337,-2665
-316,1445,749,3514,1784,-2070
-308,1551,807,2105,-1281,-722
-179,1548,858,599,-1509,-771
-90,1489,865,-844,-4015,-1236
0,1460,884,-3091,-6518,-774
147,1422,836,-4924,-7389,-1424
269,1336,804,-6242,-6652,-3315
246,1293,777,-7865,-5536,-5942
60,1323,859,-9495,-5377,-9074
-206,1337,683,-7081,-14723,-8802
-206,1709,422,-4546,-11391,557
49,2308,410,-4961,-5836,5874
150,2505,632,-4548,-4593,-1431
147,2403,726,-3237,-1977,-4358
378,2302,782,-2018,7697,-4896
287,2230,845,-507,13460,-5282
-100,2202,853,-107,14691,-3034
-587,2132,888,557,8151,-1787
-996,2004,920,1007,601,-1117
-1104,1902,953,1860,-6882,-1285
-917,1872,954,2084,-8085,-1794
-603,1879,976,2254,-6923,-1922
-308,1839,989,2635,-4012,-1496
-151,1745,963,3066,-2603,-772
-107,1686,936,3376,-1342,215
-83,1689,929,3589,601,857
-89,1713,911,3899,1597,725
-134,1713,913,4637,829,841
-181,1708,910,5917,-291,917
-224,1718,842,6911,23,2013
-259,1770,753,7728,-2796,3505
-220,1829,697,9058,-2968,4502
-80,1944,615,10022,-2851,4459
53,2060,465,9330,1690,4247
160,2086,429,9784,502,2763
199,2068,293,8243,5088,1926
159,1999,265,7991,2779,890
124,1922,208,7643,1202,1060
167,1874,171,6628,-1761,1979
320,1845,180,6430,-1211,2198
542,1823,124,6821,-2646,2899
808,1878,113,6287,3642,3999
863,1933,82,4883,9230,3457
635,1932,118,3902,11237,2365
305,1915,162,3194,8842,1459
79,1887,198,3137,5644,835
61,1871,189,2537,2693,466
177,1862,232,1463,3431,625
272,1882,290,307,3097,1396
294,1890,322,-510,1233,1934
324,1860,360,285,-1039,1874
388,1882,353,-243,920,1516
423,1926,331,-1563,3730,228
338,1934,331,-2130,1941,-792
259,1937,285,-3116,1034,-749
275,1916,311,-2498,-446,-666
340,1934,279,-2791,1449,-572
349,1931,277,-3442,962,-392
343,1917,275,-4437,-134,-668
318,1941,232,-5379,1002,-117
252,1962,267,-6599,1858,-465
162,1954,307,-7473,2346,-1547
128,1932,348,-8619,1888,-2227
113,1891,393,-8801,-857,-2446
104,1870,400,-9518,-1032,-1839
118,1833,406,-9146,-3403,-918
233,1825,398,-10694,398,-517
373,1836,427,-10545,-1164,-1187
393,1930,423,-12066,3740,-1204
312,1979,415,-10498,3099,-548
264,1984,433,-10255,5251,-192
207,1987,492,-10116,5311,212
74,1968,583,-9086,4836,243
-283,1921,810,-5731,2284,-52
-704,1796,1061,-499,-8703,833
-525,1694,1187,3611,-18650,1654
69,1703,1105,2946,-15711,2306
641,1645,1090,2040,-5103,799
