-130,2038,-252,1,368,257
-120,2031,-256,66,505,247
-110,2027,-263,59,719,240
-105,2029,-268,92,969,200
-106,2038,-274,98,1113,145
-109,2052,-275,79,1665,190
-114,2056,-279,-6,2285,269
-123,2052,-287,61,2590,260
-133,2043,-280,173,2557,279
-139,2040,-268,252,2096,265
-146,2048,-267,210,945,196
-151,2058,-272,188,133,208
-153,2058,-277,111,-25,263
-146,2047,-276,-89,-372,254
-124,2037,-262,-190,-283,168
-116,2037,-262,-257,-604,89
-121,2036,-260,-139,-390,138
-137,2035,-269,-216,-852,155
-137,2032,-271,-230,-795,138
-141,2033,-269,-328,-1259,77
-142,2038,-267,-315,-1325,74
-129,2042,-263,-204,-652,23
-123,2041,-262,62,-43,73
-129,2033,-260,232,71,65
-133,2033,-262,328,606,38
-127,2037,-262,295,585,22
-126,2038,-265,287,-97,30
-128,2043,-275,206,-673,-45
-140,2044,-285,11,-1306,32
-143,2043,-289,-172,-1536,59
-129,2044,-275,-394,-1054,64
-125,2049,-277,-761,-978,101
-126,2050,-282,-861,-803,160
-124,2057,-286,-1006,-811,97
-126,2059,-281,-1036,-743,82
-126,2048,-257,-1011,-371,42
-130,2034,-237,-968,19,93
-128,2032,-235,-1035,652,149
-129,2036,-242,-998,589,153
-128,2041,-240,-872,688,152
-126,2043,-235,-836,727,118
-122,2041,-227,-679,1085,70
-127,2036,-227,-607,840,21
-130,2031,-220,-550,702,-23
-127,2031,-212,-510,1022,-30
-128,2037,-208,-424,876,-62
-127,2041,-205,-326,1126,-51
-128,2044,-208,-181,1156,-116
-131,2046,-209,-177,1055,-165
-137,2047,-205,-202,914,-162
-145,2046,-203,-209,841,-133
-147,2047,-196,-213,1038,-47
-150,2046,-195,-166,581,-31
-147,2042,-193,-186,452,-2
-147,2042,-190,-180,381,2
-149,2044,-197,-228,282,38
-150,2044,-202,-152,-17,87
-141,2041,-198,-106,146,58
-142,2041,-201,-157,-64,86
-142,2044,-201,-127,36,48
-145,2043,-198,-99,87,62
-150,2040,-201,-16,51,100
-147,2038,-196,36,197,97
-145,2041,-198,39,386,56
-143,2046,-196,64,591,101
-138,2049,-200,30,646,73
-134,2047,-203,2,632,79
-133,2042,-207,-58,528,29
-139,2045,-210,-135,194,-1
-145,2051,-209,-192,214,-4
-146,2053,-212,-203,273,-2
-148,2047,-211,-249,141,29
-141,2040,-211,-266,265,19
-138,2037,-208,-218,161,46
-138,2039,-209,-142,339,32
-144,2042,-210,-53,336,77
-146,2046,-207,20,598,99
-143,2048,-209,50,866,96
-146,2046,-208,77,782,46
-149,2046,-207,43,758,62
-152,2046,-211,100,741,83
-156,2047,-206,-21,663,58
-161,2047,-204,-105,535,45
-164,2040,-206,-207,531,56
-164,2034,-203,-219,661,82
-159,2031,-200,-222,795,122
-155,2029,-210,-82,745,162
-152,2033,-221,-34,620,118
-147,2037,-221,7,831,126
-147,2041,-219,54,853,83
-154,2046,-221,43,435,43
-151,2051,-216,-1,720,37
-151,2053,-213,-89,692,-21
-157,2050,-212,-35,579,-7
-156,2053,-210,-144,361,3
-151,2052,-212,-229,37,59
-149,2053,-204,-237,-84,107
-159,2056,-203,-249,-825,159
-158,2058,-193,-243,-566,146
-160,2057,-186,-186,-493,127
-161,2052,-182,-161,-635,105
-164,2046,-177,-210,-1378,41
-163,2045,-178,-70,-2035,35
-152,2051,-189,-85,-1884,89
-149,2049,-193,49,-1528,70
-141,2047,-196,-146,-754,69
-143,2043,-200,-251,-318,123
-148,2039,-203,-155,-297,107
-144,2038,-199,-84,154,114
-151,2038,-200,-17,-51,151
-152,2038,-205,-65,73,103
-150,2035,-202,-56,122,117
-150,2033,-204,-22,42,92
-150,2037,-207,-23,141,127
-145,2044,-206,14,315,150
-140,2047,-207,-12,507,146
-140,2044,-210,-52,791,100
-144,2041,-209,-101,767,47
-142,2041,-213,-132,858,36
-145,2044,-211,-105,746,55
-150,2049,-208,-83,973,48
-152,2050,-207,-96,1250,20
-152,2043,-208,-110,1864,53
-162,2041,-217,-189,1966,114
-176,2040,-224,0,1423,117
-183,2043,-211,62,1197,213
-174,2048,-205,28,933,193
-160,2048,-211,-78,493,119
-155,2051,-216,-146,284,54
-159,2050,-215,-153,303,131
-154,2058,-230,-390,445,91
-156,2056,-221,-374,312,89
-157,2046,-200,-353,260,74
-159,2043,-197,-527,57,93
-157,2048,-202,-633,40,92
-155,2054,-199,-746,11,53
-158,2058,-200,-824,0,97
-158,2062,-189,-852,67,69
-149,2062,-177,-933,175,9
-145,2057,-167,-1001,362,-13
-149,2054,-164,-1109,229,-2
-156,2050,-161,-1077,171,25
-157,2042,-163,-916,375,25
-156,2036,-158,-827,565,62
-156,2037,-159,-757,469,28
-159,2039,-161,-695,408,29
-159,2039,-165,-579,206,25
-156,2039,-160,-588,357,46
-155,2037,-155,-526,245,31
-157,2039,-148,-445,139,42
-158,2039,-140,-350,102,39
-159,2037,-133,-249,69,62
-157,2038,-125,-227,40,53
-158,2041,-119,-220,82,42
-162,2044,-114,-126,-19,69
-167,2046,-108,-136,-2,90
-167,2048,-109,-99,-53,87
-163,2049,-110,-7,-1,75
-162,2049,-112,8,89,71
-167,2048,-114,101,167,113
-171,2045,-115,169,359,137
-172,2043,-116,272,476,140
-171,2040,-120,393,435,112
-167,2042,-130,374,523,156
-167,2040,-134,442,445,170
-163,2039,-140,476,321,201
-157,2040,-143,508,83,157
-157,2042,-146,579,297,115
-165,2047,-150,641,19,149
-167,2053,-145,574,57,168
-168,2052,-146,585,91,151
-173,2048,-159,562,-119,194
-164,2045,-161,599,-85,187
-157,2046,-162,591,-120,188
-154,2048,-167,577,-143,185
-154,2049,-171,509,-25,184
-154,2049,-175,506,-125,184
-153,2045,-181,491,83,219
-152,2043,-186,507,-28,207
-149,2044,-186,462,52,220
-147,2042,-193,514,43,229
-154,2042,-197,520,-158,221
-155,2043,-199,467,210,249
-155,2042,-211,511,173,247
-154,2036,-215,504,57,266
-150,2037,-215,489,68,237
-150,2043,-219,455,27,222
-152,2047,-224,409,120,251
-153,2048,-229,330,130,219
-155,2046,-235,291,109,241
-149,2046,-236,256,297,232
-147,2044,-237,308,266,239
-144,2043,-235,304,435,192
-148,2044,-235,147,286,145
-155,2043,-242,163,147,159
-159,2043,-243,74,252,183
-158,2042,-244,4,538,175
-153,2043,-248,-1,587,121
-151,2044,-244,2,574,103
-145,2041,-244,52,648,83
-146,2042,-245,-31,560,26
-152,2040,-243,-69,362,-70
-156,2035,-238,-105,340,-112
-159,2032,-241,-35,214,-94
-156,2030,-242,-74,580,-98
-157,2034,-241,-32,676,-117
-162,2041,-246,-38,284,-168
-165,2050,-241,-136,205,-206
-172,2057,-240,-115,129,-111
-175,2057,-244,-172,-78,-18
-173,2052,-237,-184,-237,-33
-169,2047,-227,-115,-251,26
-169,2046,-223,-148,-468,61
-169,2043,-216,-149,-405,79
-167,2042,-215,-180,-498,117
-161,2041,-216,-248,-447,194
-153,2038,-214,-239,-308,240
-146,2035,-216,-229,-334,270
-140,2032,-222,-210,-187,262
-142,2032,-224,-126,-125,298
-141,2034,-230,-77,323,261
-144,2038,-236,-47,369,218
-146,2038,-236,-45,536,217
-151,2039,-240,-24,470,181
-152,2040,-238,27,473,176
-156,2041,-236,43,415,169
-159,2042,-235,38,462,186
-155,2043,-231,39,662,162
-156,2043,-230,19,523,118
-158,2043,-230,-8,407,181
-159,2044,-231,-35,463,197
-161,2047,-234,-64,441,206
-164,2048,-235,-86,235,196
-162,2047,-236,-64,92,208
-158,2045,-241,-98,-76,202
-156,2044,-240,-178,-57,210
-158,2045,-235,-174,71,216
-156,2045,-236,-187,148,193
-150,2039,-238,-174,170,181
-147,2037,-243,-238,35,136
-150,2037,-239,-250,-275,145
-151,2038,-233,-224,-241,157
-147,2042,-231,-338,-22,202
-139,2042,-227,-363,319,185
-138,2036,-223,-377,153,110
-136,2034,-224,-390,166,106
-151,2037,-229,-387,-611,174
-161,2043,-229,-279,-773,211
-154,2049,-224,-291,-141,220
-148,2049,-221,-247,-272,148
-140,2045,-222,-345,-7,119
-139,2044,-218,-218,-65,145
-144,2048,-219,-228,-144,121
-151,2051,-215,-175,-430,129
-154,2047,-216,-125,-603,184
-150,2040,-210,-81,-634,212
-143,2037,-209,-126,-640,178
-137,2037,-207,-66,-482,126
-144,2040,-207,-36,-693,173
-134,2044,-206,-37,-203,153
-127,2048,-208,20,-120,193
-128,2047,-209,-4,-241,177
-122,2046,-210,-41,78,107
-124,2043,-209,-54,132,122
-142,2041,-210,-64,51,169
-152,2038,-211,-77,122,210
-150,2042,-212,-102,299,248
-151,2047,-217,-182,260,271
-148,2054,-223,-221,330,214
-143,2055,-224,-236,255,77
-145,2051,-219,-174,203,20
-150,2049,-213,-149,334,26
-154,2047,-208,-131,393,71
-151,2043,-208,-154,394,14
-145,2039,-205,-158,607,4
-143,2036,-207,-58,563,-4
-139,2037,-212,-25,475,-10
-133,2035,-210,49,485,39
-126,2033,-213,39,599,19
-133,2033,-211,-5,683,-27
-151,2036,-209,33,339,-5
-157,2036,-209,19,444,85
-170,2037,-208,-38,130,159
-181,2041,-215,-86,-317,238
-168,2044,-210,-78,-85,217
-162,2045,-207,15,-195,214
-161,2048,-207,-42,-267,136
-157,2050,-200,9,-147,105
-161,2054,-202,-20,-184,113
-167,2052,-207,-8,-332,126
-162,2046,-210,0,-370,145
-157,2042,-207,-12,-472,182
-150,2039,-207,1,-540,132
-145,2041,-207,6,-432,120
-138,2042,-208,35,-54,120
-138,2038,-221,-22,37,147
-137,2037,-229,5,146,145
-140,2042,-235,-61,-38,189
-145,2048,-236,-51,-223,161
-146,2054,-235,-45,-192,168
-144,2055,-230,-98,-179,124
-144,2050,-224,-60,-181,50
-146,2045,-219,-112,-219,69
-148,2042,-216,-105,-282,136
-149,2042,-216,-188,-300,165
-149,2042,-210,-237,-312,142
-146,2045,-209,-180,-414,145
-139,2048,-220,-254,-74,149
-137,2046,-220,-227,66,166
-141,2044,-212,-290,299,216
-155,2046,-205,-293,105,238
-163,2046,-207,-201,297,304
-164,2042,-210,-145,261,407
-160,2037,-205,-135,199,399
-154,2044,-203,-130,166,289
-145,2056,-209,-139,348,170
-147,2058,-212,-90,481,154
-146,2051,-215,-109,587,106
-134,2044,-217,-172,718,-19
-132,2043,-218,-329,741,-66
-146,2049,-223,-343,397,-7
-148,2055,-216,-382,739,76
-145,2053,-216,-393,998,89
-141,2048,-216,-456,1201,-13
-144,2043,-210,-404,1263,-67
-146,2044,-202,-401,1467,-97
-153,2046,-202,-350,1344,-188
-152,2044,-205,-424,1391,-224
-152,2041,-202,-411,1209,-197
-161,2038,-199,-407,985,-106
-166,2037,-197,-299,1002,-81
-166,2038,-193,-255,986,-89
-161,2042,-194,-252,814,-75
-160,2044,-195,-240,572,9
-156,2042,-192,-195,294,76
-150,2037,-183,-175,390,104
-153,2038,-180,-103,139,104
-154,2039,-180,-24,-38,83
-150,2041,-180,69,41,84
-152,2040,-189,101,111,121
-152,2041,-188,77,125,83
-154,2046,-186,-87,10,85
-159,2049,-188,-99,-255,91
-159,2045,-190,-190,-351,171
-153,2038,-191,-247,-426,250
-143,2033,-190,-208,-479,321
-129,2027,-193,-115,-386,350
-116,2021,-204,41,-231,362
-106,2024,-214,44,-155,296
-118,2040,-207,8,-472,240
-139,2065,-200,3,-378,193
-155,2077,-191,30,-197,169
-155,2071,-188,32,-111,140
-147,2055,-186,-89,-266,-3
-147,2046,-184,-167,-626,-39
-147,2054,-182,-219,-568,28
-150,2060,-182,-222,-524,125
-146,2055,-180,-211,-109,221
-150,2042,-188,-186,-445,291
-148,2037,-188,-210,-443,194
-151,2041,-181,-192,-384,206
-155,2047,-178,-200,6,250
-154,2041,-180,-79,119,246
-145,2028,-183,26,296,214
-136,2017,-193,52,405,188
-140,2014,-198,89,199,125
-146,2020,-196,151,211,127
-152,2029,-201,181,75,111
-151,2031,-200,262,155,54
-143,2031,-195,309,557,-60
-144,2030,-200,348,492,-164
-152,2034,-203,314,396,-187
-157,2040,-203,332,429,-153
-159,2041,-207,410,424,-105
-166,2038,-208,475,308,-84
-167,2037,-209,430,265,-92
-160,2036,-212,373,290,-74
-153,2033,-214,401,300,-51
-151,2029,-228,492,260,-60
-153,2026,-240,490,332,46
-155,2023,-246,521,267,102
-156,2020,-246,547,291,97
-158,2021,-248,562,273,172
-160,2024,-249,524,144,172
-165,2023,-254,584,-51,223
-163,2021,-263,555,-220,196
-161,2021,-268,690,-321,154
-162,2028,-266,722,-278,142
-170,2035,-267,704,-324,158
-175,2037,-265,722,-653,230
-167,2035,-267,712,-888,305
-153,2032,-264,658,-763,272
-139,2039,-262,469,-258,203
-140,2052,-265,484,-295,121
-144,2063,-267,439,-159,121
-154,2069,-263,298,-226,120
-166,2075,-259,226,-670,145
-161,2083,-254,73,-172,154
-159,2086,-247,-20,-71,134
-157,2082,-241,-73,-10,33
-160,2078,-240,-132,27,30
-164,2076,-239,-233,299,57
-169,2072,-236,-289,284,85
-164,2066,-229,-176,782,155
-163,2058,-234,-196,745,224
-158,2053,-240,-205,445,330
-153,2050,-244,-255,-12,376
-157,2052,-242,-261,-589,459
-164,2051,-242,-236,-903,494
-167,2050,-240,-281,-775,395
-169,2046,-241,-249,-795,284
-170,2043,-243,-335,-874,272
-166,2039,-251,-269,-866,307
-163,2036,-254,-258,-793,313
-157,2037,-256,-187,-772,359
-146,2045,-253,-175,-358,365
-142,2045,-260,-155,-463,321
-138,2035,-264,-55,-336,241
-129,2019,-264,-35,103,204
-124,2011,-269,49,603,35
-135,2009,-275,88,792,-74
-150,2013,-277,85,746,-67
-156,2021,-280,191,566,-50
-150,2030,-279,216,820,-76
-142,2038,-283,279,824,-190
-137,2039,-280,330,1046,-306
-145,2030,-286,350,1105,-349
-149,2024,-283,260,1207,-356
-153,2023,-286,229,960,-366
-155,2025,-281,321,1261,-357
-164,2030,-283,317,1073,-396
-168,2036,-283,334,988,-403
-171,2041,-287,280,1009,-408
-181,2044,-293,302,770,-309
-179,2049,-289,113,901,-246
-172,2053,-282,14,1197,-283
-174,2051,-277,-91,1119,-244
-168,2044,-273,-93,1060,-197
-158,2040,-285,-133,1161,-187
-156,2040,-290,-70,1264,-138
-166,2047,-290,-36,1072,-43
-178,2054,-287,-107,1111,55
-187,2053,-289,-110,924,117
-187,2043,-291,-97,943,82
-175,2031,-293,-93,1184,0
-173,2024,-301,-80,997,30
-181,2023,-305,-106,685,123
-182,2027,-306,-17,566,214
-177,2025,-313,50,439,286
-172,2020,-314,-33,469,223
-170,2019,-312,-24,242,213
-170,2022,-309,39,201,175
-169,2030,-310,-17,284,153
-171,2035,-303,-47,304,126
-174,2039,-304,-139,233,129
-177,2042,-300,-144,56,120
-172,2038,-301,-195,9,126
-169,2034,-297,-239,97,120
-166,2034,-292,-212,349,133
-166,2038,-293,-264,279,125
-159,2037,-292,-252,468,48
-159,2035,-292,-252,479,40
-164,2033,-292,-233,500,56
-166,2035,-294,-223,555,74
-170,2035,-293,-176,600,60
-171,2033,-295,-180,515,91
-167,2034,-295,-160,608,50
-165,2036,-294,-162,554,53
-162,2039,-290,-165,783,37
-163,2038,-291,-182,503,19
-159,2035,-287,-243,658,33
-170,2037,-288,-259,498,65
-185,2039,-295,-209,309,130
-182,2036,-290,-264,505,130
-179,2035,-285,-273,244,92
-178,2035,-278,-240,192,63
-179,2037,-279,-271,151,86
-184,2039,-284,-166,-56,119
-184,2041,-284,-202,-102,116
-180,2041,-284,-214,-169,52
-177,2040,-279,-212,47,63
-179,2037,-276,-204,9,92
-179,2032,-277,-213,19,80
-177,2026,-274,-200,82,114
-179,2024,-276,-199,92,144
-182,2022,-280,-192,13,175
-179,2025,-280,-93,103,149
-176,2028,-284,-95,111,155
-179,2029,-286,-74,22,157
-179,2030,-286,-23,132,159
-178,2031,-281,-36,230,132
-181,2031,-278,-22,277,156
-183,2033,-281,46,231,166
-178,2036,-285,18,299,149
-171,2039,-284,-48,227,124
-169,2039,-280,-59,124,81
-175,2039,-276,-80,187,74
-182,2036,-274,-14,218,110
-183,2034,-278,-70,145,140
-175,2030,-276,-110,205,89
-171,2031,-274,-46,166,51
-172,2035,-277,-70,161,47
-173,2039,-277,15,228,70
-175,2038,-281,-11,83,111
-172,2035,-280,33,171,104
-170,2031,-277,38,272,113
-170,2031,-279,35,121,85
-166,2033,-278,6,312,45
-171,2033,-280,-44,129,78
-169,2033,-282,-58,151,126
-171,2035,-286,-132,219,147
-175,2040,-291,-76,-208,144
-168,2041,-290,-26,23,113
-169,2041,-285,-55,153,110
-176,2039,-278,-52,104,113
-180,2034,-279,-41,-26,187
-179,2032,-279,-32,-87,183
-178,2032,-280,-60,-307,96
-177,2032,-286,-82,-601,74
-179,2029,-280,-139,-502,22
-168,2022,-296,-339,345,12
-161,1997,-363,-268,1097,56
-157,1945,-477,99,564,746
-185,1879,-577,687,1248,1866
-218,1834,-650,707,589,2625
-180,1807,-676,1025,-113,2422
-79,1799,-735,670,2466,1756
-42,1795,-862,579,2548,813
-127,1787,-1022,951,-125,-110
-232,1818,-1114,2229,-291,-420
-283,1914,-1170,3736,1015,-368
-231,2095,-1147,4787,1898,195
-65,2285,-1010,5328,4650,1278
101,2416,-941,4714,8902,1537
24,2688,-846,1631,3824,2443
-118,3076,-491,1539,-648,3858
-277,3194,-141,2996,-5576,3695
-297,2938,149,640,-9096,2198
-391,2644,372,733,-7037,2362
-494,2320,316,532,2060,1141
-465,1977,133,-475,5411,346
-263,1809,44,-1433,2510,2136
-19,1903,33,-1941,-5680,4692
84,2012,44,-931,-9715,4382
71,1975,-85,176,-8237,3464
87,1835,-324,-389,-7105,2529
145,1662,-370,367,-5005,1728
96,1618,-369,1852,-7362,2472
45,1628,-387,3935,-6252,2874
-3,1539,-445,5512,-4706,2509
16,1514,-391,5809,-3265,2249
87,1586,-453,6190,-5565,3047
228,1569,-512,6311,-5814,4796
286,1558,-507,6271,-1704,4554
291,1545,-553,5574,1194,2902
360,1610,-546,4291,3652,1873
433,1793,-528,2150,9581,1698
378,1941,-484,311,11571,1942
201,2009,-457,-1131,7465,2402
40,2062,-424,-1808,2714,2044
98,2166,-479,-2198,3917,418
165,2305,-567,-2787,1483,-1025
179,2429,-607,-3675,116,-1636
133,2471,-647,-4273,-420,-2038
149,2466,-692,-4168,1968,-3658
110,2463,-709,-5256,-2624,-4251
131,2394,-714,-5726,-2533,-4243
83,2315,-661,-6521,-5457,-3212
-39,2217,-618,-6873,-12799,-2015
25,2025,-621,-7913,-7392,-2483
-25,1861,-567,-6502,-12074,-1989
57,1753,-515,-6286,-8726,-1594
173,1653,-614,-4369,-6334,-756
376,1617,-517,-5567,-1020,-505
443,1642,-305,-6101,377,24
385,1652,-190,-4162,-1985,832
398,1656,-234,-3631,803,1286
389,1652,-278,-2610,-1568,-80
337,1691,-87,-4585,-1793,-1312
158,1766,102,-3782,-4118,-1678
58,1858,142,-4373,2615,-1169
-2,1851,201,-5174,7226,-1477
-110,1852,224,-4691,3836,-2401
-127,1900,275,-5478,2607,-2465
-85,1979,329,-5313,3526,-1597
-4,2043,341,-4702,4275,-1291
18,2031,366,-4792,3866,-876
48,1991,390,-3827,3453,-405
39,1961,354,-1974,2960,399
27,1942,368,-2220,2619,763
-16,1943,377,-2037,3558,476
-108,2006,324,-1033,4067,234
-168,2058,113,267,3324,872
-135,2107,-97,1290,3539,1468
-96,2181,-239,2027,2334,1144
-78,2285,-326,3324,1184,1369
-87,2354,-327,4868,-151,1578
-91,2297,-295,6783,-419,980
-90,2173,-284,7416,808,-431
-136,2057,-282,6878,1897,-1464
-224,1981,-303,5259,2095,-1123
-297,1954,-310,4052,1704,-153
-333,1977,-313,2844,307,598
-320,2046,-291,1060,-1006,745
-219,2136,-407,1872,4557,-498
-239,2315,-754,4036,233,670
-201,2626,-811,2309,-7916,5380
186,2561,-593,3833,-2177,4580
440,2238,-585,2568,-3241,623
280,1975,-650,3371,-12343,-2411
4,1829,-601,2889,-5753,-2963
-281,1722,-464,1719,-1275,-1534
-347,1771,-390,-85,4353,165
-245,1975,-366,564,3379,1308
8,2142,-407,1170,1048,1131
201,2083,-422,1832,637,72
211,1984,-458,1590,-235,-1067
121,1979,-444,1453,246,-1514
-14,2032,-435,1425,622,-1378
-111,2069,-405,1228,2006,-755
-123,2065,-363,526,3180,-211
-98,2039,-366,341,2327,-144
-63,2050,-378,-573,1458,-223
-42,2078,-374,-471,1419,-180
-40,2097,-378,-448,1418,-321
-38,2096,-379,-369,1646,-361
-49,2089,-382,-779,1662,-348
-88,2078,-378,-1145,917,-405
-117,2065,-362,-1282,1125,-307
-108,2058,-347,-1301,2069,-85
-82,2055,-346,-1412,2182,-146
-69,2046,-360,-1477,1500,-392
-68,2047,-365,-1208,1159,-443
-79,2051,-366,-995,1262,-395
-92,2044,-359,-904,1318,-423
-89,2038,-344,-1127,1617,-502
-83,2026,-337,-1216,1284,-543
-89,2011,-334,-1016,705,-514
-94,2007,-325,-1060,945,-388
-91,2014,-314,-1172,1312,-269
-87,2023,-310,-1024,1101,-285
-77,2023,-302,-1023,1240,-356
-74,2016,-316,-1050,579,-287
-84,2007,-313,-727,242,-180
-88,2017,-309,-817,575,-217
-93,2030,-296,-736,792,-264
-93,2035,-288,-701,976,-316
-90,2029,-294,-671,730,-287
-92,2013,-307,-519,260,-213
-96,2003,-306,-361,8,-184
-103,2002,-302,-326,-80,-106
-104,2013,-289,-477,365,-26
-102,2024,-273,-249,442,15
-83,2022,-283,-160,401,11
-65,2024,-287,-161,346,-103
-73,2035,-288,-123,283,-129
-103,2048,-292,-7,-39,31
-112,2058,-281,35,570,128
-112,2065,-272,-127,807,179
-108,2064,-266,-189,594,139
-104,2050,-266,-236,541,-45
-110,2044,-263,-319,421,-7
-124,2058,-261,-374,294,146
-134,2072,-258,-433,15,237
-142,2069,-255,-343,-489,235
-128,2057,-251,-394,-322,186
-111,2041,-249,-332,-455,152
-100,2034,-246,-376,-407,143
-95,2034,-239,-439,-91,139
-106,2036,-242,-345,-387,169
-108,2033,-244,-297,-161,149
-105,2033,-242,-362,115,69
-103,2035,-238,-321,284,-20
-103,2030,-239,-244,396,-13
-99,2020,-245,-201,584,10
-94,2016,-258,-239,822,-13
-107,2023,-265,-114,388,-36
-121,2035,-258,-36,335,3
-125,2047,-255,27,353,86
-118,2049,-254,32,189,71
-101,2041,-246,-18,548,-30
-102,2036,-245,-80,294,-50
-111,2040,-245,-8,325,-29
-120,2045,-248,-49,325,13
-124,2046,-245,-17,337,69
-114,2042,-243,-57,560,50
-100,2037,-242,-81,651,19
-98,2037,-243,-81,730,-46
-102,2038,-250,-164,890,-43
-111,2039,-256,-122,686,-93
-110,2041,-255,-117,805,-83
-118,2044,-257,-214,718,-39
-127,2043,-257,-135,294,-14
-117,2045,-250,-84,627,-10
-117,2040,-248,-37,471,-14
-116,2033,-250,-35,410,2
-114,2032,-247,-70,530,-27
-117,2042,-244,-123,546,-65
-127,2055,-245,-63,381,27
-126,2056,-245,24,423,121
-111,2048,-247,-25,614,87
-103,2034,-251,-1,451,0
-107,2031,-254,-89,416,-6
-122,2042,-254,-63,199,31
-130,2050,-254,-49,262,114
-125,2052,-253,-75,377,111
-111,2047,-252,-69,543,1
-110,2043,-254,-82,420,-57
-121,2040,-259,-124,207,31
-123,2042,-258,-40,328,94
-120,2045,-257,-70,500,91
-124,2044,-258,-10,296,49
-125,2041,-254,-56,415,55
-122,2040,-253,-77,582,83
-123,2039,-257,-164,259,66
-128,2039,-255,-107,84,111
-132,2042,-256,16,-74,178
-125,2045,-257,-9,283,120
-124,2047,-252,-14,366,112
-128,2049,-248,-84,247,61
-132,2048,-249,-156,417,59
-133,2043,-249,-148,373,59
-131,2039,-250,-118,494,78
-127,2035,-249,-143,597,67
-126,2033,-251,-138,549,5
-128,2034,-252,-23,516,47
-133,2037,-254,-91,601,77
-145,2036,-257,-92,218,72
-140,2038,-257,-56,420,82
-134,2036,-254,-50,637,52
-135,2031,-252,-46,542,79
-135,2028,-248,-25,529,28
-134,2032,-249,-7,654,22
-132,2039,-250,-35,858,26
-131,2040,-255,24,693,-27
-131,2039,-258,2,713,-36
-133,2040,-256,-52,733,-52
-142,2046,-257,-52,475,10
-150,2049,-251,-77,361,32
-153,2047,-252,-124,148,71
-149,2046,-253,-183,14,64
-142,2043,-254,-158,-133,65
-133,2041,-255,-141,106,44
-132,2042,-254,-132,-234,19
-133,2044,-250,-192,-135,46
-136,2044,-247,-96,-170,71
-136,2040,-248,-86,-24,65
-133,2034,-249,-45,121,14
-131,2027,-250,11,93,19
-133,2022,-253,12,65,34
-135,2023,-258,74,193,90
-131,2029,-261,4,400,103
-131,2037,-267,113,233,143
-128,2045,-267,90,302,140
-121,2051,-261,97,344,103
-116,2052,-258,129,523,58
-121,2050,-262,127,365,-4
-127,2052,-259,102,366,27
-129,2050,-256,54,438,12
-131,2048,-252,-61,535,32
-133,2046,-253,-97,307,55
-128,2041,-262,-69,330,66
-127,2038,-270,-143,272,64
-129,2036,-277,-61,127,111
-134,2037,-272,-28,191,85
-135,2039,-269,-36,292,131
-134,2035,-269,-21,275,116
-132,2030,-265,-151,510,86
-137,2032,-271,-93,166,115
-140,2041,-272,-2,-65,123
-133,2049,-272,-41,85,172
-125,2047,-271,-1,104,144
-126,2036,-272,-55,46,90
-130,2022,-271,-65,102,120
-139,2010,-267,-102,70,189
-146,2000,-271,-130,-141,331
-128,1979,-305,-13,-97,296
-137,1933,-378,675,-1000,271
-163,1882,-459,1359,-2420,409
-155,1850,-525,2072,-2824,639
-128,1828,-624,2311,-2900,535
-162,1807,-717,2129,-945,381
-193,1821,-791,2063,-662,115
-179,1850,-839,2045,-437,-208
-197,1842,-904,2277,-1383,-14
-240,1837,-1019,2252,-2210,244
-264,1882,-1081,2698,-1925,297
-249,1988,-1053,2395,1320,222
-156,2110,-1026,4117,3992,252
-10,2239,-1033,2525,6437,186
2,2396,-936,2554,6210,968
-51,2648,-748,2812,4273,2754
-56,2890,-630,3427,211,3162
-26,2973,-445,3339,-1739,2241
-105,2825,-169,2492,-6919,1859
-281,2739,136,1561,-5588,2480
-518,2643,236,2437,829,2654
-503,2390,162,2460,5493,2398
-337,2204,98,993,3246,2973
-217,2189,50,-205,-3708,4206
-201,2199,60,1019,-7905,4672
-293,2135,12,3328,-6338,4210
-353,1943,-22,4653,-1851,3391
-280,1672,-203,4583,-4743,2583
-39,1432,-384,4339,-6466,1868
211,1346,-532,4817,-6839,1861
433,1364,-713,5603,-5051,1707
540,1322,-852,5379,-7827,3124
599,1273,-912,4782,-3632,5020
592,1328,-928,3626,2434,4625
659,1364,-903,3586,12758,2260
691,1401,-879,3111,16807,609
599,1539,-712,2520,14382,1417
439,1745,-569,1874,13566,3489
167,1927,-423,945,9953,3884
-42,2077,-350,1147,9082,1430
-84,2219,-419,-164,10744,-1215
-60,2276,-528,-1194,7822,-2480
-22,2303,-589,-1440,428,-2440
70,2356,-688,-2810,-757,-2446
54,2372,-738,-3747,-3590,-2851
116,2323,-775,-4576,-1795,-3566
145,2268,-832,-4902,-5349,-3203
146,2185,-860,-5206,-8199,-2711
93,2092,-935,-5784,-9685,-2932
25,1998,-869,-5598,-13675,-3078
72,1933,-745,-7268,-9606,-3973
95,1848,-784,-7032,-7301,-4596
182,1774,-779,-7216,-2641,-4203
290,1716,-637,-9008,1102,-2486
380,1663,-507,-7175,6653,-857
308,1630,-546,-7704,2845,-615
269,1594,-460,-6642,1796,-2062
281,1600,-234,-6951,300,-3065
294,1659,-113,-6556,4141,-2713
171,1716,-106,-4935,3212,-2151
31,1708,-52,-4065,3706,-1995
1,1684,52,-4525,3314,-2591
-5,1772,168,-5439,1916,-2957
-46,1931,160,-5152,1472,-2652
-111,2022,230,-4435,-1550,-1895
-118,2027,298,-3720,-4234,-1923
-126,2006,349,-3855,-2614,-2403
-216,1994,359,-3285,-1753,-2282
-306,2015,383,-3399,-998,-963
-319,2057,424,-3059,-647,102
-217,2072,347,-2759,-1805,463
-83,2058,348,-2884,-2285,472
-21,1991,326,-2196,-612,-363
3,1867,176,-1364,5683,-1268
-9,1802,8,-2040,10347,-1899
3,1906,-78,-2629,11782,-1274
5,2175,-109,-2009,6349,811
-12,2351,-121,-264,396,2407
-138,2371,-201,759,-3808,2437
-303,2388,-285,1819,-3261,1766
-404,2413,-363,2776,266,681
-422,2443,-400,3303,85,289
-375,2505,-355,2423,-2082,754
-317,2481,-306,2485,-4264,1058
-306,2345,-275,2069,-5411,959
-272,2167,-276,1423,-4707,640
-195,2006,-282,870,-1762,189
-186,1965,-389,1728,-901,-101
-209,2063,-474,1317,-819,1360
-84,2138,-447,2281,684,2388
51,2120,-434,2590,-784,1538
90,2071,-407,2267,-1346,275
-5,2048,-371,1948,-2348,-402
-137,2030,-299,1310,340,-883
-221,1996,-248,653,3481,-1095
-238,1983,-231,415,4367,-1061
-196,2006,-254,461,4405,-854
-129,2030,-265,525,3299,-584
-87,2054,-257,80,1661,-642
-90,2076,-231,258,1153,-779
-122,2103,-198,369,1361,-857
-140,2100,-180,85,1663,-870
-120,2055,-163,330,1564,-973
-90,2009,-155,-37,1350,-904
-92,1977,-161,-195,401,-677
-130,1977,-163,-359,807,-208
-181,2005,-179,-378,1351,114
-207,2035,-164,-13,1439,389
-216,2051,-167,52,802,363
-205,2045,-158,191,484,238
-185,2043,-165,108,345,151
-177,2046,-174,133,345,71
-174,2051,-180,160,151,71
-178,2057,-174,108,-389,197
-182,2064,-171,186,-690,247
-172,2069,-168,203,-726,260
-150,2063,-167,164,-569,235
-135,2046,-168,240,-440,150
-142,2033,-175,123,-524,90
-156,2030,-181,114,-658,44
-159,2032,-180,81,-350,36
-173,2035,-187,97,-435,5
-176,2036,-195,43,8,106
-159,2037,-193,110,586,160
-144,2041,-193,171,511,129
-126,2051,-196,36,742,67
-116,2057,-205,112,728,-13
-121,2059,-208,21,1001,-74
-137,2061,-202,128,917,17
-149,2057,-198,138,1050,-63
-146,2056,-190,-87,1432,-50
-148,2056,-193,-166,1069,-78
-152,2054,-191,-283,887,-46
-152,2048,-190,-230,949,52
-149,2044,-187,-217,910,88
-149,2045,-188,-275,689,71
-142,2045,-187,-293,800,91
-132,2045,-190,-329,1176,57
-131,2044,-200,-180,953,42
-142,2046,-200,-191,424,13
-167,2052,-195,-9,-510,32
-182,2061,-188,-10,-306,222
-172,2057,-183,91,-105,251
-157,2041,-188,165,-370,163
-154,2032,-190,166,-623,63
-161,2034,-191,142,-865,44
-167,2039,-194,169,-834,97
-162,2036,-202,218,-629,165
-152,2030,-199,167,-211,211
-144,2030,-201,212,-16,145
-142,2034,-202,171,-29,90
-136,2036,-206,157,8,20
-132,2030,-214,196,350,20
-144,2030,-221,173,195,-22
-160,2040,-226,179,131,-20
-169,2057,-218,106,503,62
-180,2063,-210,110,479,157
-172,2057,-205,-18,605,120
-161,2046,-200,-130,713,40
-156,2042,-212,-261,888,4
-156,2046,-224,-188,581,-46
-159,2055,-221,-167,592,-7
-162,2059,-217,-128,666,46
-161,2060,-208,-191,670,45
-160,2054,-199,-360,848,52
-155,2040,-197,-284,834,8
-158,2031,-204,-295,671,-25
-158,2030,-212,-180,657,-5
-157,2034,-214,-142,752,5
-168,2041,-212,-59,637,16
-169,2048,-204,-67,976,53
-168,2047,-202,-71,869,67
-168,2038,-201,-103,857,104
-170,2034,-205,-55,706,103
-171,2036,-208,1,632,114
-171,2042,-211,-44,493,146
-170,2045,-208,-115,593,199
-168,2046,-205,-148,560,216
-170,2043,-207,-101,241,216
-171,2039,-208,-122,88,219
-164,2037,-209,-135,294,238
-167,2039,-209,-106,130,195
-174,2042,-210,-105,-18,237
-175,2045,-212,-61,-240,225
-163,2045,-214,-38,-12,216
-164,2040,-214,-46,-172,186
-166,2038,-212,-51,-169,206
-168,2044,-208,8,-114,262
-170,2049,-203,-46,-176,285
-172,2042,-205,-50,-346,279
-168,2038,-206,-78,-265,270
-164,2038,-205,-81,-277,259
-165,2038,-209,-78,-605,198
-163,2043,-208,-179,-730,171
-157,2052,-210,-142,-862,186
-149,2056,-208,-260,-631,174
-141,2052,-205,-212,-325,200
-135,2047,-196,-282,-16,205
-139,2038,-197,-380,-313,200
-141,2037,-196,-481,-313,155
-143,2042,-183,-362,-224,185
-133,2051,-181,-350,49,150
-118,2047,-184,-406,402,75
-120,2042,-194,-419,373,30
-130,2039,-197,-362,459,117
-140,2043,-201,-296,505,128
-145,2047,-196,-151,717,114
-153,2050,-198,-62,471,67
-150,2048,-192,-165,594,17
-153,2046,-191,-176,478,-28
-158,2048,-193,-197,710,-7
-160,2051,-194,-232,582,38
-158,2053,-190,-162,624,22
-156,2057,-184,-201,558,-33
-160,2062,-179,-293,463,-66
-162,2062,-175,-284,291,-92
-159,2059,-171,-277,445,-116
-171,2056,-173,-298,102,-60
-173,2052,-173,-331,161,11
-167,2046,-166,-262,411,23
-167,2039,-166,-228,280,24
-161,2031,-169,-272,243,31
-159,2027,-175,-259,165,63
-157,2026,-182,-213,311,90
-153,2024,-188,-159,358,100
-152,2022,-194,-18,209,139
-146,2020,-199,-44,196,139
-140,2023,-196,-6,319,130
-146,2025,-194,30,202,91
-148,2030,-188,-28,561,134
-151,2031,-188,-11,437,172
-146,2033,-189,32,460,167
-139,2038,-193,69,726,113
-146,2046,-190,142,543,92
-156,2055,-186,63,458,132
-161,2059,-180,68,495,164
-163,2058,-177,-65,507,90
-164,2057,-177,19,605,85
-163,2057,-177,-68,639,74
-168,2057,-172,-70,478,57
-178,2058,-175,-34,254,74
-184,2059,-180,-90,352,173
-184,2058,-177,-104,457,206
-182,2051,-191,-161,292,201
-185,2040,-214,-92,61,247
-186,2019,-250,100,362,439
-197,1987,-288,487,570,481
-212,1955,-357,1003,286,833
-234,1929,-453,1459,-775,1279
-273,1911,-550,1907,-1506,1678
-286,1892,-652,2535,-3285,1617
-217,1879,-746,2900,-3286,958
-126,1866,-823,3580,-1737,389
-70,1859,-881,4127,-2527,-154
-59,1860,-915,3868,-2851,-376
-97,1884,-936,3744,-1637,-323
-173,1941,-962,3746,-768,-34
-199,2044,-919,3883,1388,499
-137,2158,-905,3727,3760,1103
-12,2259,-881,4056,6472,1142
60,2428,-749,1462,7978,1303
44,2650,-398,340,6702,2247
-83,2839,-169,-468,-4342,2280
-185,2980,-102,271,-10198,3725
-311,2940,181,1770,-14235,4326
-480,2837,310,1992,-4850,3435
-522,2574,238,1293,1982,1728
-374,2345,178,22,4450,2735
-202,2269,156,268,2266,3735
-77,2258,122,-156,-3047,3820
-42,2194,56,-136,-6125,3713
0,2071,-35,604,-5568,3310
65,1849,-184,873,-5652,3356
115,1611,-341,1191,-4954,3369
108,1414,-514,1735,-5413,2940
115,1308,-530,2964,-6079,2938
192,1277,-558,4025,-3368,2809
224,1288,-529,3634,-2576,2997
203,1346,-525,4626,-1200,3513
221,1405,-549,4471,-406,3650
297,1381,-576,5265,1671,3521
348,1325,-626,6148,5725,2346
359,1416,-583,5326,6086,1696
387,1696,-602,3170,8559,1703
288,1888,-554,787,7375,1681
110,1932,-491,668,4355,1318
-11,2013,-461,-326,2176,323
-23,2142,-464,-465,1384,-1267
-16,2337,-554,-2428,-1436,-2257
68,2451,-676,-2982,-4761,-2675
179,2501,-710,-3702,-7322,-2646
252,2517,-740,-4036,-6293,-2797
213,2477,-772,-4292,-8616,-2900
190,2408,-819,-4755,-10206,-2817
283,2325,-791,-6061,-6326,-2659
336,2235,-725,-7402,-4610,-2125
365,2070,-717,-7685,-5300,-2255
411,1911,-643,-8355,2071,-2507
313,1770,-503,-8123,928,-1924
98,1653,-428,-7276,-9451,-586
151,1554,-376,-8424,2170,535
205,1463,-254,-8484,2972,740
263,1418,-180,-6281,3724,374
284,1460,-140,-6426,-1115,470
376,1538,-91,-7253,1334,728
340,1597,106,-5248,1392,506
190,1680,123,-5084,1542,285
24,1674,67,-4271,1978,-300
-30,1630,192,-4700,3503,-666
43,1710,234,-5825,5828,-1466
63,1872,335,-5321,5895,-2815
-85,2019,404,-5168,3930,-3228
-181,2102,462,-5365,4015,-2187
-216,2145,449,-4325,2957,-1982
-176,2143,467,-3584,3249,-2153
-118,2092,507,-3131,2858,-2250
-92,2059,557,-3461,3972,-1617
-84,2084,587,-3358,4397,-1293
-35,2092,608,-2781,5070,-1292
4,2044,517,-2439,6704,-1494
33,1974,385,-2140,8087,-2048
78,1951,273,-2436,9846,-2234
59,2058,164,-1783,10165,-1802
-14,2273,41,-768,8873,-309
-138,2457,-79,543,5523,1529
-227,2509,-176,2439,1638,2622
-232,2535,-225,3351,503,2149
-229,2574,-257,3241,-580,1059
-250,2557,-223,3379,-989,428
-305,2498,-148,2935,-1467,-57
-347,2369,-88,2724,-1120,-357
-379,2210,-59,1925,-1794,-620
-370,2074,-54,866,-2343,-358
-358,1968,-23,336,-4400,0
-320,1922,-5,-254,-3845,49
-261,1926,-39,-14,-2072,-187
-241,2001,-147,454,-786,-532
-227,2130,-223,575,-125,14
-156,2228,-215,702,633,1173
-49,2227,-175,1071,595,1341
-23,2144,-177,1381,-1911,692
-49,2061,-156,912,-1446,268
-91,2017,-80,513,225,-14
-169,1989,-19,-60,928,-368
-238,1973,3,-546,1870,-529
-230,1990,15,-912,2780,-180
-165,2019,10,-802,2872,226
-120,2025,-29,-504,1704,493
-91,2032,-27,-556,1651,456
-106,2052,-27,-436,880,225
-144,2071,-17,-278,512,-41
-182,2070,10,-187,913,-34
-206,2038,20,-2,858,44
-210,1997,33,-60,321,34
-220,1982,40,75,-1039,5
-201,2000,39,131,-477,131
-183,2020,34,236,-840,257
-148,2028,39,352,-402,276
-126,2022,29,356,-722,132
-119,2012,31,242,-96,154
-133,2016,40,307,-92,249
-142,2030,40,331,67,335
-144,2036,41,291,-38,372
-144,2038,31,407,-516,372
-136,2040,30,425,-568,300
-134,2041,30,249,-414,252
-139,2042,37,234,-348,221
-142,2048,39,283,-183,282
-135,2046,34,317,229,368
-122,2042,28,437,376,401
-111,2044,26,393,735,279
-115,2059,21,324,877,126
-123,2072,20,225,1015,24
-129,2073,25,207,1214,81
-143,2064,16,205,960,85
-147,2055,5,122,761,111
-144,2050,15,43,785,70
-149,2058,18,64,684,52
-155,2068,18,-19,500,-18
-147,2068,15,-17,847,19
-140,2061,12,-32,910,-57
-145,2053,5,-133,371,-91
-153,2054,9,-190,287,-90
-155,2060,11,-82,129,-10
-161,2058,13,8,-130,28
-156,2046,12,-81,143,137
-150,2033,16,-93,6,93
-155,2027,10,4,-416,55
-154,2022,3,46,-568,84
-145,2021,-9,192,-491,187
-123,2028,-12,261,-84,124
-106,2032,-12,285,78,78
-103,2038,-14,297,229,38
-109,2050,-9,285,310,77
-123,2061,-6,262,254,81
-131,2070,1,25,344,74
-139,2075,10,-1,32,22
-141,2075,20,-89,191,-14
-144,2072,25,-115,329,-62
-144,2068,22,-50,392,-22
-135,2067,14,-147,602,83
-129,2068,6,-156,690,77
-125,2073,2,-180,583,15
-124,2076,7,-241,553,-93
-138,2072,11,-252,485,-83
-151,2064,8,-185,285,-6
-148,2055,12,-201,607,25
-145,2041,8,-174,514,50
-149,2037,9,-84,105,52
-156,2042,6,-61,-144,83
-150,2051,9,-41,294,26
-143,2055,10,-127,468,4
-139,2050,15,-180,591,-13
-143,2042,16,-140,441,33
-150,2040,15,-158,338,38
-155,2044,16,-175,529,44
-154,2051,23,-120,794,64
-159,2055,21,-189,694,50
-156,2055,26,-190,791,34
-158,2056,30,-262,844,-13
-170,2055,30,-292,629,-30
-177,2054,23,-196,636,25
-174,2048,23,-158,688,74
-170,2048,20,-123,805,6
-171,2048,14,-196,909,-25
-173,2049,10,-176,916,-1
-177,2045,6,-121,764,12
-179,2041,1,-136,704,56
-182,2035,0,33,440,78
-180,2035,-5,47,489,86
-175,2038,-4,66,501,78
-167,2041,-3,36,548,46
-165,2041,-1,50,610,20
-166,2042,-5,63,630,-21
-167,2041,-8,115,542,15
-183,2043,-10,56,64,28
-196,2046,-1,-89,470,84
-211,2041,6,-98,539,196
-221,2034,5,-68,202,373
-208,2031,3,-12,-416,491
-181,2032,-3,66,-650,395
-155,2044,-4,122,-622,289
-149,2061,-10,137,-909,231
-152,2068,-11,200,-1269,283
-153,2070,-15,270,-1674,454
-145,2069,-6,251,-1694,465
-137,2067,-4,102,-1828,394
-136,2065,8,-22,-1576,328
-139,2065,15,-211,-1220,287
-140,2059,16,-361,-695,305
-139,2046,13,-349,-779,329
-135,2041,11,-471,-598,301
-128,2046,6,-434,-119,273
-120,2063,3,-399,355,244
-131,2073,-3,-296,163,197
-142,2074,-2,-267,285,192
-142,2064,1,-232,384,188
-143,2050,9,-239,515,130
-141,2039,11,-178,730,100
-147,2035,14,-91,609,21
-155,2039,13,-73,660,24
-156,2046,13,-55,749,86
-151,2047,19,37,785,125
-146,2047,23,10,633,88
-144,2046,19,-31,617,53
-143,2043,15,13,917,42
-154,2045,13,-34,980,-2
-165,2055,9,62,743,-34
-158,2063,18,-22,1022,-44
-157,2066,19,-101,933,-101
-165,2064,21,-55,752,-109
-171,2060,23,-102,827,-102
-173,2055,20,-55,961,-96
-173,2054,20,-18,831,-90
-168,2053,20,-90,656,-101
-164,2049,18,-47,517,-103
-169,2046,19,-34,405,-135
-171,2051,19,1,339,-12
-168,2056,19,17,558,19
-172,2052,17,41,495,44
-172,2045,17,7,495,50
-174,2036,-2,226,11,76
-168,2031,-7,264,101,11
-165,2037,-9,428,-54,-13
-156,2042,-10,431,9,-39
-159,2041,-18,527,-402,-55
-161,2040,-22,461,-328,-1
-152,2041,-23,452,18,101
-144,2043,-24,438,120,53
-138,2043,-25,400,218,-59
-143,2039,-29,341,96,-43
-146,2042,-38,396,293,-1
-142,2051,-67,536,762,68
-139,2066,-113,638,851,-4
-153,2066,-170,912,1158,-24
-188,2039,-256,1435,521,413
-230,2014,-332,2261,293,956
-260,1991,-434,3098,52,1190
-226,1969,-544,3734,-117,1075
-152,1955,-662,4312,-223,593
-97,1952,-738,4630,126,62
-92,1971,-792,4898,1308,-286
-125,2016,-835,4456,2767,-267
-143,2053,-885,5659,3241,7
-144,2098,-918,5404,3952,103
-173,2167,-892,4908,3290,10
-178,2296,-724,3946,6431,663
-223,2450,-459,2900,3894,1777
-168,2605,-190,1224,-948,2731
-143,2659,-49,2316,-10005,2823
-153,2626,116,2058,-11312,2969
-268,2578,268,2063,-5939,2829
-381,2496,320,1374,-25,2213
-315,2341,296,1254,3889,1931
-217,2230,261,845,-471,2997
-133,2225,192,48,-3843,4281
-118,2181,141,-377,-6920,4260
-125,2132,114,-356,-5368,4361
-123,2074,54,-606,-4301,3577
-82,1992,-81,-1260,-2804,2428
6,1928,-185,-1891,-1728,1547
88,1907,-294,-1968,-4295,408
106,1863,-361,-989,-7847,553
89,1793,-389,-23,-8299,1356
8,1758,-373,642,-8972,1643
-76,1718,-304,1328,-9549,1471
-84,1593,-292,2758,-5184,1679
-40,1491,-286,3838,-1267,1756
60,1417,-402,5061,710,1767
241,1427,-526,4555,3100,1753
363,1497,-562,3696,2789,2663
368,1615,-533,1753,5687,3363
223,1755,-374,551,4620,2587
104,1888,-255,-784,5980,1698
-49,2000,-226,-1407,1739,1473
-76,2137,-306,-1811,-466,407
-58,2303,-369,-2403,-3989,-282
1,2409,-408,-2437,-5546,-949
41,2473,-455,-2808,-7172,-1809
184,2505,-531,-2254,-3386,-3574
307,2462,-605,-2896,-398,-3686
305,2334,-631,-2507,-144,-1509
222,2144,-643,-1562,-4559,859
214,2021,-671,-2029,-7264,355
224,1898,-660,-1392,-2500,-1228
93,1791,-619,-2069,-5529,-2170
90,1697,-500,-1995,-2803,-1699
177,1633,-433,-2590,492,-478
265,1566,-532,-1917,3304,-490
311,1577,-329,-2975,1746,-1081
349,1724,-180,-4287,-349,-455
358,1849,-88,-4072,-526,-123
248,1822,-9,-3780,2384,-1081
83,1746,4,-4660,5763,-1466
-55,1735,113,-5694,2750,-1233
-59,1826,204,-5936,3845,-1158
-85,1947,209,-5176,3655,-578
-88,1999,235,-5103,3941,-632
-78,2045,291,-4644,3237,-1871
-53,2086,361,-4963,3965,-2589
-83,2077,387,-4469,2967,-2453
-132,2065,416,-4435,2971,-2009
-165,2053,456,-4618,5921,-1767
-200,2010,449,-4142,5766,-1580
-166,1949,342,-2332,7560,-1575
-114,1944,170,-2639,7719,-1667
-76,1998,11,-2905,7583,-1999
-91,2070,-9,-2855,7807,-1905
-149,2180,0,-2733,7333,-1228
-221,2308,-57,-2082,5583,108
-272,2354,-115,-381,4728,2077
-275,2305,-153,921,4059,2372
-234,2222,-145,1368,3659,1206
-196,2140,-93,1223,1812,-113
-210,2087,-75,1150,-507,-561
-324,2126,-201,1959,-3144,-297
-453,2312,-424,2563,-4509,1705
-385,2451,-488,3326,-3924,4469
-43,2356,-391,3872,-3453,3955
247,2175,-292,4683,-2468,993
215,2045,-313,4216,-2200,-1142
-18,1978,-303,3664,-1620,-1634
-218,1941,-222,2395,931,-975
-321,1949,-144,980,2803,-299
-387,2007,-114,476,1082,645
-324,2088,-102,398,-1231,875
-180,2141,-95,801,-165,295
-97,2144,-109,991,-364,-109
-65,2117,-124,1122,-1269,-343
-74,2084,-127,1165,-1504,-484
-122,2058,-130,818,-1892,-554
-147,2046,-115,651,-1011,-491
-164,2032,-109,544,-255,-423
-167,2018,-133,524,-474,-340
-132,2016,-149,371,290,-233
-98,2027,-156,499,297,-96
-74,2043,-152,518,595,-114
-73,2041,-153,806,163,-180
-85,2036,-153,671,45,-221
-106,2036,-150,540,534,-161
-115,2043,-143,466,1004,-61
-127,2047,-144,419,674,-19
-137,2059,-141,86,707,-46
-156,2075,-140,-55,695,-50
-170,2082,-136,-122,534,-18
-161,2082,-138,-42,792,-64
-140,2082,-141,139,1120,-159
-135,2077,-146,-44,927,-198
-139,2070,-150,-30,1066,-137
-143,2064,-151,-107,1062,-125
-145,2059,-151,-196,1143,-176
-149,2054,-146,-299,1233,-193
-138,2049,-143,-340,1406,88
-119,2048,-148,-332,1397,140
-114,2048,-151,-298,1218,103
-116,2039,-153,-321,1137,94
-119,2033,-155,-377,1168,93
-128,2039,-150,-332,1036,67
-130,2043,-152,-202,990,-4
-134,2043,-156,-193,772,15
-138,2039,-158,-136,776,103
-137,2038,-163,-141,715,38
-140,2039,-161,-119,1046,48
-159,2047,-169,52,539,142
-169,2059,-169,-40,439,219
-171,2065,-161,-45,703,155
-178,2067,-148,-45,439,106
-168,2063,-143,-116,626,28
-166,2049,-145,-154,437,-21
-166,2034,-149,-234,491,12
-161,2028,-153,-296,419,25
-160,2029,-157,-199,510,9
-158,2040,-151,-259,760,32
-154,2047,-153,-289,450,34
-149,2048,-157,-302,402,53
-151,2043,-153,-379,392,46
-160,2039,-151,-360,120,78
-164,2043,-148,-259,-75,48
-163,2046,-144,-246,102,89
-157,2045,-137,-185,542,111
-159,2049,-142,-216,628,96
-172,2053,-139,-204,310,77
-179,2057,-133,-236,222,106
-184,2059,-129,-382,106,158
-180,2053,-136,-233,-138,153
-174,2046,-140,-154,-238,144
-170,2042,-145,-173,-82,166
-169,2040,-138,-155,-117,111
-163,2041,-132,-144,-148,93
-160,2043,-129,-155,-85,38
-164,2038,-127,-7,-30,54
-163,2034,-129,-63,262,53
-155,2036,-126,-134,607,-4
-166,2046,-133,-201,344,-52
-174,2052,-137,-155,123,-67
-174,2061,-127,-161,565,-34
-180,2065,-123,-186,387,6
-171,2067,-117,-180,548,31
-169,2062,-119,-231,439,-28
-170,2061,-115,-222,649,-55
-173,2059,-110,-267,644,-126
-182,2053,-110,-346,406,-92
-186,2050,-112,-448,330,-29
-185,2048,-113,-537,624,28
-176,2052,-118,-621,902,40
-169,2054,-119,-516,601,6
-166,2055,-124,-491,505,-30
-166,2058,-125,-457,491,-91
-174,2060,-117,-495,350,-118
-185,2059,-117,-551,-11,-62
-188,2056,-110,-486,-120,66
-179,2052,-104,-443,-18,49
-168,2051,-98,-423,78,-4
-162,2052,-92,-481,179,-46
-161,2048,-87,-497,-10,-32
-175,2043,-91,-575,-363,27
-179,2044,-100,-588,-253,143
-163,2054,-93,-607,162,261
-150,2064,-87,-798,441,209
-146,2069,-71,-857,709,65
-156,2067,-77,-790,490,57
-163,2065,-76,-867,799,125
-153,2059,-69,-775,1120,89
-158,2052,-68,-801,1075,-12
-183,2050,-78,-702,475,-22
-191,2054,-72,-667,793,18
-192,2053,-63,-567,993,-34
-193,2045,-59,-482,846,-58
-183,2036,-56,-559,875,-77
-180,2033,-56,-614,882,-124
-190,2032,-67,-485,550,-107
-194,2027,-75,-518,558,-5
-191,2028,-68,-461,535,41
-188,2028,-61,-367,565,-29
-185,2025,-49,-308,605,-51
-184,2025,-43,-101,447,-32
-187,2024,-45,-52,301,-50
-188,2022,-46,10,236,-30
-189,2024,-48,79,257,-55
-190,2030,-44,186,290,-71
-190,2038,-37,205,520,-66
-191,2045,-42,138,632,-118
-196,2044,-46,89,552,-123
-202,2047,-54,134,296,-79
-196,2054,-53,157,341,-74
-188,2059,-51,136,474,-146
-192,2057,-46,77,410,-181
-197,2053,-48,38,492,-139
-201,2050,-47,-24,657,-83
-202,2048,-45,-9,741,-56
-196,2046,-48,57,760,-92
-189,2047,-49,-42,1062,-103
-190,2050,-53,-61,1056,-104
-191,2055,-55,-76,1028,-95
-197,2052,-53,14,1028,-47
-208,2051,-60,-107,876,-1
-212,2052,-63,-52,835,36
-211,2058,-60,-96,913,-11
-224,2061,-60,-138,578,-13
-226,2061,-55,-98,1080,102
-225,2061,-55,-66,1129,144
-222,2068,-59,-73,1034,120
-219,2075,-57,-21,882,42
-217,2081,-57,-138,1236,12
-222,2084,-47,-78,1511,84
-241,2084,-45,-141,1051,126
-247,2073,-42,-178,889,164
-250,2057,-41,-282,410,151
-248,2046,-39,-315,-112,125
-234,2038,-39,-369,-152,156
-226,2029,-33,-363,-58,214
-218,2021,-32,-396,-50,202
-212,2010,-37,-323,-157,243
-207,2000,-50,-257,-23,246
-205,2003,-75,-119,102,301
-208,2013,-112,41,377,419
-214,2035,-159,271,410,492
-237,2063,-210,665,-108,606
-261,2084,-270,1084,-443,810
-278,2081,-328,1568,-502,1042
-276,2056,-362,2116,-251,1081
-239,2031,-355,1977,321,629
-174,2005,-341,1301,1124,-172
-138,1957,-364,793,1397,-767
-142,1911,-418,44,1730,-1020
-180,1889,-497,439,477,-907
-201,1892,-580,972,1285,-706
-212,1927,-596,1509,2915,-208
-173,1956,-623,2996,3786,202
-104,2031,-647,1453,3621,-47
-61,2204,-473,1679,8558,493
-40,2458,-259,719,11718,1227
-26,2602,-251,2153,5860,2154
-229,2681,-237,3197,-8662,2218
-464,2808,-21,2932,-11405,3364
-634,2865,303,2726,-10729,3200
-639,2693,479,3678,-5927,2178
-619,2387,442,3186,713,1859
-564,2122,294,2505,1394,1410
-444,2036,195,1348,-2738,2340
-290,2110,199,1762,-7128,4357
-203,2158,244,1616,-6559,3683
-127,2050,106,1838,-5966,2866
-10,1859,-109,1230,-4948,3223
119,1656,-296,1757,-5585,3325
254,1549,-352,2172,-5696,2854
267,1580,-394,2892,-8807,2814
148,1655,-336,3539,-7804,3237
-9,1648,-282,3737,-3841,3636
-71,1574,-233,4151,-731,3348
-91,1559,-234,4033,-2116,3379
-67,1496,-289,4610,-3926,3145
105,1404,-391,4307,2017,2108
168,1504,-485,3745,-1683,1835
202,1707,-526,2065,-1419,1965
171,1848,-509,1012,-196,1526
70,1980,-426,-261,-98,1337
-22,2139,-357,-1161,-1319,1221
-55,2309,-408,-2603,-1361,840
27,2397,-499,-3510,-1649,-393
214,2451,-536,-2911,3512,-1469
203,2510,-499,-3398,-1813,-2107
195,2522,-500,-3385,-1113,-2521
168,2477,-519,-4256,336,-2023
100,2386,-503,-5366,-3044,-1348
82,2275,-484,-5696,-4896,-988
55,2139,-513,-6472,-6740,-1424
81,1996,-505,-7489,-4120,-2412
-28,1888,-439,-6913,-7239,-1499
-49,1781,-374,-7237,-5676,-131
10,1682,-474,-6830,-7801,387
205,1672,-489,-6593,680,-203
259,1684,-295,-6423,-523,118
294,1718,-173,-5870,-1846,1172
372,1707,-191,-5294,895,1847
371,1653,-133,-4310,3845,701
234,1643,14,-5260,1677,-376
91,1748,221,-5519,-1255,373
73,1857,306,-4610,6626,1156
20,1831,258,-4568,9795,59
-43,1787,286,-4140,9529,-1748
-57,1804,350,-4078,8757,-2968
-43,1855,424,-3398,6664,-2627
-56,1893,445,-2674,6559,-1841
-109,1856,435,-2356,7200,-1683
-146,1811,456,-1795,6323,-1852
-181,1836,498,-1993,6398,-2151
-201,1947,511,-1952,5568,-1962
-257,2054,475,-1974,4748,-992
-261,2106,401,-986,6944,-239
-203,2124,270,21,8261,254
-128,2154,93,921,7904,870
-78,2156,-43,1651,6033,1446
-74,2169,-126,2353,4330,1574
-120,2207,-180,3527,3354,1976
-195,2227,-169,4704,2893,2277
-285,2235,-125,5382,1913,2117
-303,2204,-101,5861,304,1577
-263,2151,-112,5030,-701,853
-248,2112,-148,4008,-3304,524
-218,2087,-184,3045,-5166,224
-191,2091,-170,2542,-5794,53
-170,2130,-185,2519,-4794,135
-180,2174,-207,2704,-4006,31
-186,2246,-280,2796,-3521,175
-121,2336,-347,3107,-2819,1154
29,2356,-303,2526,-1747,1481
111,2261,-234,2404,-2099,488
15,2176,-199,1980,-3325,-682
-146,2121,-159,1405,-1439,-915
-257,2065,-138,804,334,-640
-247,2041,-121,232,1510,-451
-202,2049,-136,-69,946,-413
-164,2072,-144,-46,118,-237
-126,2103,-127,-233,699,-279
-122,2128,-116,-461,475,-598
-150,2140,-119,-441,-358,-646
-157,2131,-110,-341,219,-415
-157,2098,-106,-426,626,-213
-134,2058,-112,-407,750,-200
-112,2033,-109,-685,934,-359
-123,2018,-110,-793,385,-218
-139,2016,-111,-652,36,6
-124,2026,-105,-730,802,97
-97,2030,-110,-633,1430,105
-79,2036,-123,-649,1165,-83
-80,2039,-128,-469,1025,-69
-98,2039,-149,-127,24,135
-101,2041,-148,-150,373,225
-102,2043,-141,-9,337,226
-111,2041,-140,88,-35,12
-126,2035,-143,138,-282,-98
-122,2031,-146,88,45,-93
-115,2035,-126,-13,465,-129
-119,2041,-121,-30,311,-225
-133,2044,-124,47,104,-178
-145,2042,-126,27,439,-38
-144,2037,-125,-18,661,79
-131,2037,-120,85,866,95
-114,2043,-122,-16,1084,-26
-108,2053,-123,-94,957,-127
-127,2062,-122,-132,413,-207
-146,2066,-119,-79,470,-119
-148,2059,-106,-67,799,-8
-142,2054,-102,-124,702,-3
-136,2058,-101,-210,522,-57
-136,2060,-110,-159,275,-106
-134,2058,-107,-257,794,-60
-147,2059,-117,-242,322,-5
-142,2063,-113,-277,327,-7
-143,2066,-103,-236,452,-35
-146,2064,-99,-312,540,-46
-153,2053,-101,-257,219,26
-145,2042,-104,-283,735,79
-146,2039,-108,-225,718,43
-156,2044,-114,-51,197,62
-159,2051,-112,-175,141,135
-162,2050,-107,-99,-24,163
-163,2048,-102,-195,-185,90
-153,2044,-102,-178,188,83
-145,2042,-108,-174,208,71
-145,2041,-111,-97,104,107
-145,2039,-113,-133,176,117
-154,2037,-105,-65,196,160
-154,2038,-103,-61,570,179
-150,2036,-107,-106,536,94
-152,2037,-110,-57,493,7
-155,2039,-113,-9,526,25
-157,2039,-115,-56,495,36
-165,2040,-116,-121,470,102
-167,2046,-118,-146,590,150
-167,2055,-126,-191,592,154
-171,2058,-121,-126,50,146
-165,2061,-109,0,109,115
-160,2057,-102,64,219,66
-168,2058,-107,51,202,42
-172,2062,-106,13,452,32
-186,2067,-108,-145,297,32
-193,2072,-111,-174,-30,79
-181,2075,-105,-173,593,60
-181,2074,-100,-286,327,0
-180,2066,-90,-348,272,-24
-177,2057,-90,-340,61,7
-178,2052,-86,-384,-21,49
-173,2044,-84,-260,-184,89
-170,2039,-81,-271,-177,63
-172,2037,-85,-237,-135,72
-168,2033,-86,-142,-278,82
-164,2025,-88,-138,-15,111
-167,2023,-89,24,-77,106
-171,2029,-94,77,87,101
-169,2029,-102,149,321,72
-161,2031,-111,164,622,52
-165,2036,-109,206,411,44
-170,2044,-110,207,203,13
-172,2048,-104,210,434,-1
-179,2051,-102,180,168,-1
-185,2056,-93,126,131,14
-185,2058,-94,-24,-11,61
-184,2059,-96,-27,-258,95
-170,2060,-92,-111,318,138
-167,2058,-97,-95,-56,94
-164,2058,-106,-53,-417,58
-159,2057,-108,-45,-173,45
-159,2059,-101,-68,-123,25
-154,2061,-95,-271,112,13
-147,2052,-90,-304,129,-61
-147,2044,-92,-354,283,-26
-156,2040,-103,-303,117,86
-154,2041,-106,-212,551,105
-157,2044,-104,-262,659,142
-156,2048,-102,-261,639,118
-160,2051,-101,-120,310,61
-168,2057,-111,-191,402,79
-172,2057,-115,4,84,160
-162,2055,-107,24,372,150
-152,2053,-101,-34,599,70
-151,2050,-96,-104,510,-52
-167,2048,-97,-180,243,-11
-180,2047,-100,-63,-259,76
-173,2044,-99,-144,-12,137
-158,2044,-99,-120,76,150
-151,2042,-102,-16,-61,137
-152,2045,-111,61,-173,81
-154,2047,-106,83,-239,151
-158,2044,-104,75,-96,162
-164,2037,-97,102,-175,196
-173,2033,-99,105,-396,219
-167,2034,-105,86,-271,299
-162,2038,-107,67,-125,210
-160,2043,-108,27,118,98
-161,2042,-110,-112,350,48
-166,2045,-129,36,553,80
-164,2056,-145,110,520,77
-159,2065,-148,109,790,-47
-170,2071,-146,99,342,-102
-176,2070,-130,252,21,-111
-168,2064,-111,293,312,-116
-183,2057,-101,85,42,-151
-204,2053,-96,110,-81,-143
-206,2053,-83,67,529,-13
-195,2045,-79,56,606,109
-187,2042,-82,-80,545,-48
-184,2043,-80,-148,943,-81
-194,2047,-83,-146,938,-55
-200,2046,-90,-59,787,-37
-191,2047,-90,-52,1002,9
-195,2046,-96,-55,879,80
-195,2042,-98,-69,1079,134
-193,2037,-116,105,860,112
-192,2035,-127,186,755,83
-186,2036,-124,154,922,45
-187,2038,-128,195,584,64
-194,2040,-125,267,140,106
-198,2038,-132,231,-57,165
-185,2029,-132,174,355,203
-180,2027,-137,175,424,155
-184,2031,-145,240,58,89
-180,2035,-143,147,168,152
-179,2040,-143,162,15,180
-178,2047,-139,89,150,138
-179,2046,-140,27,79,114
-175,2045,-151,46,-46,149
-165,2043,-149,123,211,149
-160,2041,-149,201,396,101
-168,2045,-153,97,363,95
-176,2050,-155,108,175,58
-174,2055,-143,-22,629,90
-189,2060,-146,-38,-11,32
-185,2062,-150,-122,175,38
-177,2060,-140,-56,477,70
-182,2055,-138,-121,449,53
-185,2051,-132,-179,460,34
-185,2048,-132,-255,737,36
-187,2052,-138,-280,842,83
-188,2054,-138,-369,736,49
-190,2055,-150,-465,749,-11
-187,2058,-170,-465,1039,-63
-179,2060,-205,-397,1442,-20
-200,2059,-248,-571,1844,71
-258,2052,-302,-824,1387,429
-311,2027,-383,-737,921,844
-324,1983,-440,-748,-338,1015
-242,1932,-497,-766,-50,755
-107,1870,-555,-1170,1981,189
-34,1829,-613,-838,3444,-132
-58,1815,-734,-469,1777,-18
-94,1843,-749,306,1840,523
-36,1958,-731,812,5635,623
49,2138,-664,1905,7439,851
72,2351,-624,1548,4297,837
13,2591,-447,2230,-547,1441
-52,2835,-301,4698,-1486,2212
-234,2984,-145,4682,-4423,2648
-415,2924,79,2922,-9417,2351
-492,2762,404,2111,-7728,1995
-583,2575,512,2567,-951,1560
-547,2317,417,1491,5190,1493
-433,2134,333,83,4559,1895
-320,2176,343,-257,-3662,2700
-214,2237,371,317,-10387,2893
-262,2168,297,1497,-12553,2412
-356,2095,131,353,-13496,2578
-310,2026,149,601,-13155,3277
-224,1967,202,3615,-10129,4054
-186,1887,128,7930,-6880,3832
-82,1727,-73,8210,-5906,2779
-116,1508,-423,7659,-12154,2466
-34,1376,-512,5019,-5161,2517
266,1277,-711,4163,6702,4095
542,1189,-805,4337,7774,5476
692,1130,-828,4427,12944,4989
718,1153,-784,3324,16959,4972
701,1447,-653,1516,18039,5251
636,1812,-528,201,13701,5790
420,2008,-443,-570,11781,5203
129,2025,-402,-456,11389,2601
-130,2006,-305,-154,5933,342
-237,2090,-322,69,2005,-1511
-177,2254,-333,-937,1205,-3317
-38,2371,-368,-1849,-233,-4506
140,2351,-421,-1643,-2522,-5068
200,2346,-473,-1939,-5972,-4799
221,2313,-552,-2293,-7300,-4851
148,2303,-549,-2413,-10743,-4813
125,2249,-538,-2992,-13161,-4649
189,2161,-554,-4019,-13348,-4758
232,2091,-532,-5334,-11259,-4223
188,2029,-484,-5830,-10473,-3165
189,1951,-521,-6139,-8691,-2069
174,1846,-573,-6611,-6916,-1042
233,1725,-433,-6981,5608,-1079
75,1676,-496,-5949,-4827,-595
193,1719,-290,-6770,5597,-278
230,1737,-174,-6098,1773,-341
329,1692,-147,-4132,-88,-557
377,1620,-65,-3911,-915,-819
296,1569,124,-3424,-2779,-1202
165,1586,223,-3633,-943,-671
-17,1614,237,-2874,-3850,-573
-67,1654,291,-2696,-2317,243
-72,1785,322,-3364,-5579,-649
-51,1964,430,-3535,-4155,-1565
-57,2116,487,-3372,-1265,-1198
-59,2133,477,-2556,-1956,-357
-14,2088,456,-2692,-1062,-504
8,2054,451,-2198,-2740,-956
1,2020,432,-2903,-846,-634
-74,2014,413,-3065,952,-272
-167,2074,306,-2031,2662,325
-124,2110,161,-1063,6675,568
-36,2138,-22,-375,7839,347
-9,2164,-181,189,7673,-56
-69,2212,-234,261,6865,-787
-130,2263,-190,1489,8563,-1149
-219,2299,-202,2324,7588,-800
-212,2291,-192,2694,6959,-193
-129,2276,-173,2588,6576,-292
-84,2226,-175,1811,5195,-912
-136,2164,-152,1003,3288,-959
-238,2156,-105,1094,382,-471
-325,2209,-76,1006,-1131,-315
-349,2222,-88,1461,-1200,-257
-294,2201,-134,1483,829,-438
-249,2215,-269,1790,1761,-575
-228,2292,-334,1772,584,226
-159,2362,-295,1748,299,1400
-59,2319,-230,2211,-227,1196
-44,2209,-198,1747,-567,114
-151,2097,-155,1342,-1307,-587
-243,2028,-94,307,788,-705
-284,1995,-74,-135,1113,-519
-271,1994,-51,-396,1032,-106
-208,2021,-59,-587,942,228
-152,2050,-87,-450,-12,157
-119,2054,-118,-37,-332,-204
-126,2049,-130,46,-69,-248
-134,2054,-131,158,468,-137
-137,2044,-136,332,493,75
-161,2006,-124,238,292,285
-170,1988,-100,42,653,381
-161,1995,-91,34,714,313
-156,2002,-94,112,-72,187
-158,2000,-89,44,-166,25
-185,2003,-85,33,475,-169
-217,2014,-90,-62,1490,-38
-224,2022,-109,-153,1552,161
-212,2021,-129,-228,972,281
-190,2020,-131,40,1053,241
-180,2029,-144,203,588,51
-175,2041,-144,254,653,-70
-172,2050,-139,226,549,-129
-175,2059,-128,141,294,-224
-170,2069,-117,-126,668,-100
-166,2071,-110,-231,470,19
-156,2066,-105,-337,352,20
-153,2055,-106,-207,26,32
-150,2057,-102,-399,59,17
-165,2063,-100,-378,-370,106
-180,2063,-100,-278,-1066,188
-180,2058,-96,-333,-1108,298
-163,2056,-87,-436,-1026,202
-146,2056,-76,-467,-898,110
-140,2054,-78,-550,-880,47
-140,2048,-82,-450,-616,88
-136,2045,-77,-435,-12,221
-136,2045,-71,-568,42,192
-140,2054,-55,-680,2,161
-153,2062,-47,-597,-324,116
-158,2062,-45,-673,55,169
-158,2054,-41,-703,190,188
-153,2044,-41,-614,-39,162
-146,2042,-36,-542,-35,114
-146,2047,-38,-484,31,66
-159,2056,-35,-416,40,24
-160,2059,-35,-400,45,-10
-157,2056,-35,-390,137,-33
-153,2047,-37,-409,113,-73
-151,2044,-37,-454,352,-125
-154,2045,-35,-350,402,-95
-157,2048,-30,-366,617,-14
-156,2042,-32,-249,395,49
-145,2032,-32,-160,853,114
-144,2029,-34,-108,813,74
-141,2032,-39,-144,1102,26
-145,2034,-39,-112,1121,-23
-156,2036,-35,11,1123,4
-166,2039,-35,-3,902,23
-168,2042,-29,8,1154,53
-178,2044,-31,2,921,23
-189,2044,-35,52,839,24
-190,2042,-35,142,1118,70
-190,2041,-44,268,1126,79
-189,2041,-46,267,1134,-13
-184,2041,-43,241,1334,-93
-190,2044,-34,154,1033,-132
-201,2050,-31,12,1061,-97
-203,2059,-36,11,922,-53
-201,2065,-42,-107,904,18
-190,2071,-43,-137,757,4
-174,2078,-41,-123,712,-16
-160,2087,-41,-214,898,-70
-154,2084,-42,-343,735,-84
-177,2072,-49,-267,-164,40
-188,2066,-50,-324,-163,177
-179,2056,-51,-348,120,266
-180,2048,-48,-332,-107,278
-173,2039,-49,-240,-180,264
-170,2031,-51,-139,-325,208
-174,2027,-51,-91,-466,226
-174,2026,-52,-93,-443,271
-183,2026,-51,-41,-897,262
-184,2033,-45,-14,-656,234
-177,2039,-43,-77,-473,219
-166,2040,-40,-135,-168,179
-161,2044,-34,-159,24,140
-162,2050,-32,-157,218,125
-157,2051,-22,-249,922,185
-167,2051,-24,-197,491,178
-171,2049,-24,-186,431,138
-176,2051,-26,-221,447,136
-183,2058,-33,-256,505,175
-182,2060,-31,-200,695,208
-179,2058,-34,-177,502,159
-177,2059,-35,-195,640,44
-188,2061,-37,-115,281,76
-194,2062,-38,-113,327,137
-192,2060,-38,-44,517,131
-188,2060,-38,-75,364,63
-183,2059,-27,-135,246,9
-185,2058,-20,-99,162,-4
-183,2056,-20,-138,374,33
-189,2051,-21,-136,517,110
-185,2046,-24,-142,562,100
-173,2041,-22,-98,652,65
-177,2043,-27,-107,350,3
-182,2049,-31,-186,492,14
-194,2048,-40,-53,-156,47
-189,2043,-39,-23,175,76
-179,2037,-36,17,162,71
-172,2037,-37,20,150,-15
-170,2037,-41,82,-52,-19
-170,2033,-44,65,-64,15
-173,2033,-46,45,-98,56
-167,2033,-37,58,175,56
-163,2032,-34,-33,371,92
-167,2031,-42,60,162,44
-177,2037,-52,77,-77,62
-180,2048,-51,74,-49,89
-179,2057,-50,124,97,66
-179,2061,-58,176,-180,121
-169,2062,-58,255,-120,109
-161,2062,-57,165,-6,22
-169,2062,-47,145,2,-33
-178,2065,-43,22,206,-30
-181,2063,-39,-152,500,19
-190,2061,-51,-116,265,-5
-186,2064,-44,-226,514,0
-188,2073,-37,-254,322,-79
-189,2072,-30,-342,449,-150
-195,2058,-36,-286,557,-50
-207,2045,-48,-346,475,75
-196,2043,-47,-404,441,81
-184,2050,-33,-378,548,-118
-191,2056,-32,-325,71,-191
-195,2051,-39,-286,-20,-105
-201,2040,-39,-243,233,-57
-199,2026,-39,-223,771,-49
-204,2016,-37,-260,728,-67
-205,2019,-44,-83,170,-105
-188,2034,-43,-9,248,-155
-189,2044,-44,-22,-88,-272
-198,2048,-43,62,-468,-466
-202,2052,-32,168,-427,-417
-210,2057,-26,134,-225,-344
-220,2052,-27,-15,144,-285
-233,2031,-52,192,-425,-145
-221,2026,-47,98,130,-43
-215,2037,-44,52,-6,-83
-216,2046,-37,-8,143,-123
-214,2038,-48,-13,469,29
-209,2021,-72,6,625,232
-208,2007,-118,12,999,277
-200,2001,-197,86,1382,239
-191,1999,-274,442,1855,429
-176,1977,-369,758,1945,750
-190,1945,-444,1533,1746,868
-203,1925,-543,2027,2573,970
-195,1906,-674,3106,2840,914
-166,1901,-755,3652,3350,693
-155,1912,-758,3900,4398,463
-149,1956,-812,4357,5918,146
-153,2067,-913,4713,5412,-222
-108,2336,-716,2678,10298,-1098
-173,2560,-558,4274,8901,1060
-154,2712,-518,2041,1706,1507
-98,2908,-271,803,145,3085
-269,2999,-46,2317,-9562,3475
-399,2895,114,1601,-10639,2287
-458,2706,381,1374,-7756,2332
-553,2541,436,880,26,2145
-474,2320,375,328,6229,1181
-326,2166,301,-578,1656,1524
-174,2135,259,-1482,-5195,3721
-153,2131,188,-2547,-11544,4241
-176,2113,222,-2213,-12317,3063
-205,2033,189,-1956,-6888,2652
-201,1852,166,-2465,-2638,2880
-87,1677,150,-1001,2577,3052
20,1574,34,179,506,3093
83,1533,-87,2240,-5337,2524
82,1447,-167,4110,-8408,2659
78,1364,-162,6702,-3094,3546
60,1324,-241,8009,-132,4486
144,1322,-360,9302,1407,4656
265,1345,-513,9438,3336,4651
339,1360,-653,7323,7080,3543
421,1435,-686,6271,10452,2236
480,1669,-633,3604,11274,1688
557,1909,-484,1470,14612,2106
387,2073,-357,406,7988,2545
25,2195,-261,593,1104,2007
-233,2308,-308,-283,-1808,-169
-251,2456,-408,-1830,-2617,-2304
-145,2539,-439,-3062,-5727,-3224
21,2545,-460,-3613,-5831,-3582
103,2508,-523,-3294,-9121,-4147
222,2429,-581,-3203,-4857,-3911
150,2344,-615,-3896,-9569,-2915
226,2193,-656,-3764,-4738,-3411
196,2096,-652,-3267,-4709,-3300
148,1957,-632,-4161,-6419,-2798
164,1867,-563,-4811,-3312,-2982
153,1747,-639,-3198,-1569,-2935
263,1638,-578,-5081,9675,-3003
169,1575,-369,-5696,5716,-1562
168,1599,-320,-3978,2312,-317
295,1662,-337,-4356,2893,-793
313,1682,-209,-4496,-832,-1562
245,1711,15,-5506,-1429,-1388
41,1774,143,-5495,-2624,-608
-144,1807,200,-4476,-2068,-1430
-193,1814,247,-3856,-766,-2441
-140,1899,211,-3852,-953,-3084
-33,2007,279,-3597,1836,-2496
-55,2045,308,-3613,-1262,-2253
-127,2014,346,-4066,-1253,-2121
-165,2002,371,-4113,1542,-2503
-196,2005,412,-4141,3705,-2402
-200,1989,405,-4343,3512,-1695
-158,1975,416,-4546,2682,-861
-115,1995,381,-4781,1292,-678
-133,2042,285,-4578,2300,-1172
-162,2091,137,-3938,5013,-1195
-220,2092,-77,-2969,4245,-721
-244,2079,-128,-2450,4840,-819
-279,2086,-164,-1414,3021,-713
-261,2103,-228,-351,2596,392
-254,2097,-253,655,1135,1451
-250,2068,-264,1565,303,1655
-217,2090,-199,1655,-485,699
-150,2163,-111,1747,1645,-708
-128,2217,-101,1446,2177,-941
-198,2264,-144,1548,226,-274
-300,2324,-163,1709,404,305
-368,2353,-159,2283,1407,414
-363,2355,-165,2329,3313,437
-334,2329,-149,2420,3011,663
-299,2290,-119,1741,2607,651
-297,2262,-62,1172,1039,517
-298,2251,1,649,1232,147
-318,2221,30,-190,2175,-251
-317,2143,41,-148,2217,-469
-285,2045,52,-132,2841,-480
-257,1976,24,-610,2407,-282
-223,1962,16,-939,2410,59
-202,1972,31,-1254,2166,107
-183,1971,55,-1214,2726,-51
-162,1965,63,-1142,3185,-189
-168,1969,52,-1151,3163,-416
-214,1979,58,-1105,3448,-650
-281,2005,47,-918,3678,-605
-320,2036,49,-614,3545,-274
-326,2055,50,-638,2729,-102
-312,2058,58,-480,1966,-171
-310,2060,56,-351,1378,-167
-299,2064,42,-275,1127,-31
-288,2053,55,-126,987,155
-286,2034,60,-150,-393,173
-274,2013,73,-50,-1008,273
-262,2001,92,-96,-925,289
-276,1997,82,-25,-1425,271
-289,1999,67,59,-1586,336
-296,2007,58,225,-1500,455
-284,2010,50,392,-1240,495
-257,2001,59,474,-1075,516
-240,1992,60,508,-1109,445
-239,1996,56,342,-768,396
-253,2019,42,282,-662,446
-247,2051,32,320,225,561
-230,2081,27,283,766,642
-214,2102,11,271,936,495
-212,2118,15,187,679,359
-217,2118,20,139,677,303
-222,2103,25,62,1133,291
-228,2075,23,-7,874,249
-226,2044,24,-85,1036,216
-222,2025,20,-237,1115,82
-228,2025,17,-251,642,56
-232,2039,14,-387,1049,68
-235,2049,15,-389,951,67
-224,2048,19,-363,1020,58
-217,2038,22,-253,681,-15
-222,2031,25,-210,906,-19
-238,2034,27,-235,810,20
-247,2037,30,-172,745,15
-251,2037,32,-163,677,91
-250,2040,38,-115,710,88
-246,2041,41,-157,836,-18
-254,2046,39,-133,241,-72
-265,2053,46,-177,211,-29
-273,2053,52,-102,16,17
-278,2049,54,-97,-74,86
-264,2046,59,-44,-18,137
-251,2043,60,-33,-227,84
-255,2040,60,-33,-725,147
-251,2037,61,8,-704,183
-237,2031,60,72,-671,258
-224,2028,62,128,-508,237
-223,2027,57,104,-604,207
-225,2031,58,69,-382,248
-231,2033,58,134,-297,295
-227,2036,46,135,-297,325
-228,2036,40,146,-326,328
-226,2041,43,98,-457,312
-224,2047,51,157,-323,251
-218,2061,50,135,-202,227
-209,2069,52,68,-131,157
-212,2069,55,-10,-37,110
-218,2072,48,31,-326,100
-215,2072,50,-21,-50,94
-218,2071,51,-51,-61,156
-213,2063,56,-22,233,109
-222,2053,56,-114,182,101
-223,2047,55,-84,394,151
-223,2043,51,-127,509,150
-224,2039,52,-87,353,98
-222,2039,49,4,417,50
-228,2041,41,-11,151,135
-236,2044,41,90,120,202
-235,2046,39,53,230,217
-233,2046,38,57,245,182
-231,2042,36,73,158,160
-228,2040,38,57,338,117
-236,2043,34,-15,214,69
-235,2046,30,40,375,100
-234,2044,26,78,500,125
-231,2038,22,135,622,122
-229,2034,19,112,546,132
-224,2033,18,99,576,164
-233,2033,12,128,378,159
-237,2034,9,191,510,180
-237,2033,6,274,442,153
-238,2033,5,282,159,119
-240,2032,12,189,-8,99
-234,2039,4,141,154,105
-225,2043,3,190,315,94
-216,2042,5,88,311,35
-222,2043,5,21,5,50
-218,2042,4,96,47,83
-216,2044,-1,187,-74,103
-216,2042,0,206,-131,116
-220,2035,8,192,-286,132
-220,2031,10,217,-228,210
-217,2032,7,155,-44,227
-219,2036,6,199,-281,229
-215,2044,9,223,-99,241
-214,2050,9,174,-91,210
-215,2053,5,175,-128,207
-210,2057,6,149,252,273
-217,2057,-1,171,-23,229
-216,2058,-5,80,-11,205
-212,2062,2,44,99,181
-216,2063,6,-9,11,125
-219,2064,10,-13,63,110
-220,2062,13,-85,321,151
-222,2055,11,-135,210,181
-219,2052,11,-160,323,227
-218,2052,8,-115,-9,172
-214,2055,8,-107,177,113
-215,2053,1,-169,158,158
-218,2049,-2,-112,135,120
-217,2050,1,-78,205,129
-210,2051,1,-45,278,107
-205,2045,-1,-23,151,76
-207,2040,-1,-36,258,108
-209,2038,-3,-13,19,164
-202,2033,-5,-3,111,170
-202,2033,-13,-76,60,202
-204,2037,-16,-36,-17,239
-198,2040,-18,32,234,227
-194,2041,-20,-6,297,225
-189,2039,-24,-40,121,249
-192,2040,-16,-35,232,227
-196,2043,-16,-5,493,153
-202,2047,-17,16,303,54
-207,2050,-14,-58,603,5
-217,2055,-15,-97,491,36
-224,2055,-13,-192,510,66
-229,2059,-9,-108,587,104
-231,2057,-4,-189,812,73
-237,2053,-10,-218,814,36
-237,2053,-6,-274,778,39
-243,2053,2,-285,369,39
-239,2056,0,-301,191,84
-237,2054,0,-198,170,133
-236,2048,-2,-176,324,197
-232,2042,-14,-99,7,178
-225,2036,-15,-95,-48,127
-214,2037,-14,-55,-42,108
-215,2036,-11,-66,33,96
-218,2029,-4,50,476,56
-224,2024,-12,70,124,139
-216,2030,-19,31,340,139
-210,2034,-21,74,240,110
-203,2033,-21,48,264,71
-199,2029,-18,20,841,173
-196,2028,-43,75,297,158
-188,2039,-34,-62,689,118
-207,2059,-43,-190,22,11
-221,2073,-26,-305,-149,-89
-232,2078,-6,-281,-355,-6
-227,2065,-1,-324,-523,56
-227,2040,2,-337,-476,63
-233,2020,-2,-295,-430,117
-226,2006,-20,-119,-185,182
-209,1998,-59,-79,117,250
-209,1980,-123,85,-243,478
-211,1950,-197,507,-339,826
-214,1919,-267,876,-731,1076
-201,1895,-297,1190,-858,1210
-179,1875,-354,1556,-1605,1229
-144,1869,-418,2153,-1028,1089
-117,1901,-493,1507,1348,661
-124,1955,-606,2856,1288,684
-144,2063,-687,3478,1995,779
-128,2211,-670,3249,5747,1354
-59,2353,-581,4360,7703,1919
-21,2444,-615,3848,4364,2264
-65,2591,-578,3276,-1807,1949
-131,2862,-442,5073,-5628,3498
-167,3056,-315,4997,-2487,4311
-294,2905,-125,3455,-6044,2483
-420,2697,208,1577,-10230,1859
-564,2586,439,2423,-8858,2462
-626,2407,446,1871,-613,2926
-449,2198,399,882,2704,2647
-235,2110,343,630,-3188,3261
-97,2071,310,-35,-8815,3842
-92,2009,249,-448,-12519,3527
-39,1983,208,68,-9170,3172
32,1948,118,-351,-5385,3665
66,1887,105,-388,-5347,3536
80,1841,65,920,-6884,3014
86,1753,-83,3815,-8035,2505
82,1562,-255,5218,-6505,1545
-18,1423,-458,6148,-12410,1218
93,1413,-393,5886,-8247,1689
269,1446,-374,6992,385,3509
376,1456,-549,7580,1930,4515
395,1423,-731,6577,4912,4177
394,1468,-776,4853,9876,3552
389,1635,-754,2365,9892,3118
453,1805,-598,383,13299,3106
298,1932,-423,-855,7922,3721
76,2040,-248,223,5149,2075
-20,2182,-235,-604,5914,-485
12,2291,-305,-1421,7393,-1805
86,2371,-349,-2021,2380,-1938
159,2398,-364,-2331,211,-1795
161,2368,-392,-2283,-1196,-2743
116,2338,-451,-2061,-2924,-3285
121,2227,-589,-2213,-4230,-4032
101,2093,-645,-2763,-6667,-4039
110,1983,-658,-3098,-6861,-4312
118,1933,-585,-3421,-10543,-4296
281,1914,-599,-4538,-2120,-3956
287,1860,-531,-4955,-5614,-3499
255,1790,-464,-4968,-4935,-2810
245,1725,-435,-5944,-1047,-2166
220,1692,-187,-5864,513,-2011
223,1704,-215,-5631,4795,-1698
186,1725,-248,-3954,-77,-1919
246,1761,-134,-6203,4275,-1765
176,1819,89,-5000,332,-1133
51,1885,29,-4614,-2277,-74
-29,1788,40,-3047,-2128,-631
27,1690,78,-4500,1291,-1826
37,1717,174,-4972,-371,-3037
46,1836,239,-4894,-1501,-2562
5,1902,278,-4398,-3336,-1316
-48,1872,259,-3776,-2319,-816
-100,1804,317,-3880,-139,-778
-117,1773,325,-4316,-376,-515
-104,1792,376,-4587,913,-400
-123,1837,418,-4218,1936,-448
-189,1898,419,-4798,1892,-984
-249,2042,309,-3773,3158,-668
-166,2229,88,-2311,5877,149
-53,2373,-98,-2040,6436,368
-72,2429,-192,-1500,4244,-226
-151,2455,-224,-917,4273,-174
-209,2518,-217,140,5058,573
-242,2545,-218,1005,6712,367
-219,2491,-255,1542,6225,-620
-172,2383,-267,1461,4526,-817
-185,2309,-241,1252,3108,-536
-250,2334,-194,1425,3091,-479
-273,2356,-157,1442,3186,-358
-227,2284,-134,1392,3149,-320
-162,2158,-140,1546,3464,-444
-137,2077,-163,1027,3329,-519
-188,2089,-133,228,1894,-519
-266,2148,-65,-586,1844,-413
-321,2180,0,-522,1378,-173
-308,2165,34,-706,2407,42
-256,2112,51,-678,3027,-3
-238,2057,46,-679,1193,-120
-232,2028,51,-514,2381,-37
-239,2016,69,-509,3158,54
-215,2004,72,-431,2389,271
-173,1974,73,-440,1505,224
-164,1939,72,-567,776,42
-168,1929,78,-820,1355,54
-142,1938,77,-752,1851,74
-140,1933,76,-824,529,-261
-163,1920,80,-914,195,-374
-185,1932,98,-894,1426,-121
-222,1972,106,-840,1723,-3
-228,1996,102,-685,1960,52
-219,1998,89,-754,2401,-182
-235,2008,77,-696,1786,-435
-267,2039,84,-601,1233,-514
-292,2067,103,-447,1422,-382
-295,2076,110,-383,1182,-187
-274,2059,111,-612,1019,-20
-261,2050,119,-525,806,-57
-250,2057,128,-330,1291,25
-247,2072,134,-153,876,64
-229,2078,141,-134,906,100
-224,2075,143,-222,185,45
-215,2069,146,-214,-144,55
-219,2058,148,-119,-188,17
-244,2060,141,-204,34,85
-259,2069,143,-11,514,210
-271,2076,146,202,631,104
-273,2075,144,266,116,32
-276,2065,138,288,-417,120
-276,2058,138,313,-544,207
-268,2053,133,456,118,137
-269,2043,126,475,-167,211
-255,2040,127,573,112,292
-242,2041,125,506,37,265
-225,2033,127,559,-204,373
-203,2023,121,407,-324,436
-185,2015,107,427,-108,401
-186,2013,90,513,-289,374
-188,2021,88,621,-236,403
-203,2028,68,682,-661,321
-218,2028,54,659,-1084,311
-217,2020,56,675,-637,420
-210,2012,65,674,21,411
-199,2011,81,566,583,301
-187,2019,84,429,158,172
-179,2027,86,393,384,47
-182,2032,83,296,294,61
-192,2040,84,264,319,144
-192,2048,81,121,285,208
-190,2056,85,-55,147,153
-188,2064,89,-45,160,125
-190,2071,88,-1,419,155
-186,2079,80,-18,467,123
-186,2078,84,-58,695,22
-205,2080,84,-232,418,-15
-214,2079,83,-258,777,13
-226,2078,91,-206,1122,-63
-243,2073,97,-291,783,-83
-249,2075,104,-541,849,-105
-252,2073,103,-444,539,-33
-241,2070,99,-461,495,25
-217,2065,90,-487,1157,124
-208,2062,83,-439,1118,175
-204,2050,78,-395,1048,82
-213,2045,80,-260,914,94
-228,2044,80,-176,875,228
-231,2022,74,-50,993,310
-216,1997,68,204,1358,311
-209,1988,61,333,1382,345
-202,1988,59,437,1347,308
-201,1987,53,463,1196,201
-206,1991,46,430,1229,204
-222,2006,45,434,1151,212
-235,2025,48,317,739,137
-237,2036,53,240,636,111
-225,2041,50,219,598,159
-214,2046,44,192,916,251
-213,2052,31,213,610,289
-218,2063,28,168,420,262
-229,2070,29,60,158,327
-234,2074,38,-60,24,370
-239,2077,44,-148,165,425
-231,2072,49,-239,173,416
-243,2063,50,-266,-707,331
-244,2058,45,-354,-731,372
-243,2052,51,-380,-1079,398
-242,2048,52,-292,-1359,428
-231,2040,55,-211,-1971,534
-207,2031,52,-115,-1609,628
-191,2024,42,70,-1421,629
-182,2018,33,168,-1555,555
-183,2013,32,160,-1426,517
-182,2011,32,190,-1011,538
-179,2015,29,203,-799,539
-181,2023,27,134,-716,471
-174,2038,35,237,-468,349
-173,2056,43,128,-317,247
-167,2071,51,75,-347,149
-167,2073,55,-43,-255,118
-164,2075,59,-138,32,147
-165,2075,59,-249,-159,125
-168,2076,63,-306,-419,153
-169,2077,64,-322,-519,147
-170,2070,64,-358,-486,191
-169,2064,65,-380,-333,173
-159,2057,66,-300,134,162
-157,2049,61,-205,261,121
-154,2041,57,-186,296,30
-158,2030,52,-152,291,-5
-155,2026,57,-115,698,6
-159,2026,57,-190,894,-30
-165,2031,64,-169,1202,-72
-167,2039,69,-251,1076,-79
-172,2038,74,-207,1049,-59
-185,2038,67,-261,791,-57
-192,2037,61,-171,960,-48
-196,2043,66,-105,996,-9
-197,2044,66,-110,709,3
-192,2041,65,-127,254,-10
-189,2040,54,-79,237,78
-178,2042,50,4,326,170
-180,2044,47,62,121,198
-179,2048,44,101,-52,248
-179,2052,44,109,-234,243
-184,2053,44,124,-447,263
-178,2055,49,153,-132,282
-173,2056,49,110,-3,260
-169,2053,48,95,154,273
-172,2051,52,123,-86,214
-178,2050,53,44,-269,172
-183,2047,59,-24,-381,152
-184,2042,62,-28,-250,127
-177,2039,65,8,305,155
-180,2039,65,-22,193,112
-188,2037,58,-39,-320,133
-184,2038,62,-35,-197,143
-171,2035,66,-8,226,110
-173,2035,63,12,-73,47
-176,2036,64,-36,-26,35
-183,2036,65,-3,-45,65
-187,2039,67,-3,-125,81
-184,2042,62,11,16,111
-171,2044,55,68,148,34
-167,2048,49,85,-35,26
-174,2057,37,37,-17,42
-173,2067,36,127,495,117
-171,2079,40,27,642,95
-172,2082,38,6,404,33
-172,2083,39,26,814,66
-178,2081,40,130,836,83
-177,2077,39,55,1049,49
-181,2068,37,11,821,13
-183,2055,39,1,903,-59
-186,2043,38,-63,1235,-46
-193,2037,29,-105,1413,67
-196,2036,14,-63,1465,118
-194,2036,-13,84,1355,78
-185,2042,-56,214,1526,166
-176,2056,-114,427,1471,261
-168,2068,-178,809,1438,408
-171,2057,-240,1109,671,447
-176,2028,-253,1310,532,358
-184,2006,-230,1232,1998,-8
-178,2003,-257,766,3664,-482
-153,2032,-286,-648,2622,-1202
-105,2071,-332,-901,3238,-1124
-67,2103,-399,-442,4184,-652
-82,2159,-448,-133,4583,-331
-59,2220,-514,652,4750,445
-50,2283,-506,773,4431,1324
-93,2410,-292,912,5671,1983
-87,2539,-206,1790,1818,2894
-140,2641,-96,1138,-9771,3388
-258,2710,83,2368,-17675,4382
-412,2666,264,2442,-19494,4515
-548,2554,509,2513,-14114,3613
-624,2395,603,3014,-6197,2384
-543,2177,521,2499,-1909,1142
-413,2038,427,1685,-4513,1536
-298,2062,436,1549,-9501,3025
-188,2093,443,1334,-10906,3750
-154,2047,391,1129,-11297,3554
-160,1968,232,908,-10341,2524
-135,1889,219,302,-8132,2198
-97,1836,279,1594,-9639,2370
59,1693,227,4725,-6069,2991
143,1366,6,7556,-3642,2744
62,1046,-267,10928,-5579,1597
165,928,-548,13441,2720,971
265,1029,-803,13938,1938,2481
418,1264,-969,12005,3740,3398
652,1403,-940,10343,10615,3284
847,1571,-859,8002,13894,4299
845,1779,-719,6390,14878,5601
577,2039,-459,2986,14023,4723
123,2237,-301,2503,9612,2109
-227,2303,-284,2266,6585,-299
-254,2359,-371,874,4678,-2448
-108,2437,-466,-586,1985,-3017
31,2496,-486,-2054,-1033,-3450
126,2537,-495,-3221,-2309,-4078
169,2505,-551,-4105,-1643,-4725
68,2376,-696,-3495,-9533,-4381
115,2248,-792,-4053,-6146,-5310
122,2168,-821,-4213,-6828,-6229
140,2103,-824,-5115,-7621,-5795
174,2019,-715,-5862,-4717,-4450
220,1907,-674,-6251,-1390,-3264
259,1787,-648,-7064,1715,-2734
143,1668,-595,-6244,-3598,-2174
188,1638,-329,-8850,4379,-2268
124,1636,-324,-8671,1361,-984
83,1645,-55,-9042,1457,-773
-15,1717,-13,-8977,-6902,-1278
90,1760,89,-8364,-1100,-1435
109,1743,222,-7544,309,-1815
-23,1688,164,-6189,-2044,-1782
-70,1664,229,-5338,-966,-1390
-47,1724,216,-5050,-1448,-1888
-113,1810,271,-5291,-4292,-2567
-172,1883,410,-4852,-3283,-1939
-210,1938,379,-4298,-2840,-895
-268,1954,406,-4476,-927,-1400
-300,1952,491,-4690,69,-2068
-314,1927,522,-4429,1413,-1509
-374,1947,500,-3737,728,-1218
-372,2104,354,-3166,1012,-932
-273,2254,191,-2382,3716,-19
-174,2248,80,-1222,3422,417
-95,2181,-32,-249,1221,188
-60,2161,-11,536,2237,422
-133,2230,-39,1348,2440,348
-215,2330,-106,2337,4038,152
-280,2447,-232,3233,4238,-405
-398,2543,-263,3718,3648,90
-412,2567,-197,4149,3566,577
-320,2486,-127,4816,3175,1055
-204,2330,-73,5285,2026,1107
-154,2112,-54,5205,-108,566
-156,1901,-74,4675,-1585,63
-205,1772,-88,3603,-1860,114
-270,1761,-110,2954,-209,448
-312,1848,-85,1722,1578,331
-338,1984,-54,1053,255,818
-249,2119,-40,929,-657,874
-116,2193,-56,895,-2307,855
-39,2187,-73,584,-5089,684
-51,2162,-70,826,-6772,630
-84,2142,-56,1081,-5301,658
-127,2111,-43,1201,-3485,687
-141,2073,-21,923,-1386,516
-129,2040,-10,596,393,332
-117,2021,-1,-41,2165,364
-110,2024,-18,-298,3368,344
-134,2046,-42,-411,2840,386
-166,2073,-61,-166,2262,469
-171,2092,-91,-3,2594,551
-161,2088,-108,294,3073,436
-159,2075,-126,388,3554,195
-155,2065,-134,360,4116,-29
-165,2063,-123,73,3773,-81
-192,2072,-104,-229,2484,58
-204,2083,-82,-187,2177,70
-215,2083,-78,-206,1541,78
-212,2067,-87,-188,641,136
-176,2044,-87,-234,461,166
-157,2023,-86,-133,-133,202
-154,2012,-93,-57,-305,322
-157,2003,-105,119,-518,394
-152,2003,-114,164,-74,254
-156,2005,-118,245,231,104
-151,2012,-122,241,802,13
-161,2024,-122,269,763,-32
-166,2038,-127,381,688,26
-163,2049,-130,396,697,91
-159,2053,-128,388,800,37
-164,2055,-123,378,685,-80
-173,2057,-123,283,754,-33
-181,2061,-111,243,751,62
-178,2063,-100,160,850,99
-176,2067,-100,17,535,0
-174,2071,-105,-171,339,20
-159,2071,-99,-246,712,91
-146,2061,-108,-186,525,48
-146,2049,-112,-278,445,64
-152,2040,-123,-124,233,75
-157,2032,-122,-81,344,82
-170,2024,-117,-66,235,90
-169,2023,-114,8,328,80
-160,2030,-109,-34,441,74
-159,2035,-116,-85,206,83
-151,2036,-122,-104,512,74
-154,2043,-125,12,587,70
-166,2050,-131,87,603,107
-168,2054,-129,66,607,41
-177,2054,-117,28,336,9
-185,2051,-108,32,9,61
-178,2047,-111,33,366,106
-183,2046,-121,-63,-224,85
-177,2052,-118,-72,-36,112
-170,2059,-113,-117,-30,80
-167,2063,-108,-145,243,26
-170,2063,-106,-166,106,66
-165,2061,-107,-200,465,100
-161,2053,-108,-197,314,81
-168,2047,-112,-140,50,35
-168,2047,-109,-122,97,19
-175,2045,-107,-157,-163,94
-180,2042,-107,-143,-447,166
-166,2039,-106,-194,-44,151
-164,2042,-113,-218,-374,85
-163,2049,-110,-152,-97,75
-162,2054,-113,-96,-156,64
-159,2052,-116,-125,-190,72
-154,2054,-107,-186,324,31
-162,2060,-103,-209,225,39
-166,2068,-100,-267,368,75
-156,2062,-96,-228,656,37
-156,2053,-92,-235,580,-4
-164,2047,-99,-314,438,4
-164,2050,-103,-208,413,60
-168,2053,-110,-329,733,135
-166,2053,-115,-306,808,108
-167,2051,-108,-247,834,4
-183,2049,-106,-190,376,53
-188,2050,-99,-143,223,173
-186,2046,-93,-236,491,190
-181,2040,-98,-195,483,130
-174,2041,-98,-129,538,93
-169,2043,-95,-64,422,70
-165,2044,-99,-8,462,62
-163,2044,-96,-71,675,95
-169,2042,-99,-59,460,105
-168,2040,-94,-98,685,123
-165,2042,-95,-114,809,97
-162,2043,-96,-130,887,23
-165,2045,-99,-132,942,-5
-178,2044,-99,-75,786,62
-180,2043,-98,-38,964,125
-177,2041,-97,-41,1182,178
-171,2040,-98,-25,1130,145
-169,2039,-108,45,842,71
-175,2038,-106,-21,941,111
-179,2038,-107,-52,1187,194
-180,2035,-112,-45,1074,327
-185,2038,-118,15,334,230
-184,2037,-124,119,-310,260
-181,2041,-122,204,-489,253
-175,2050,-117,229,-559,204
-172,2063,-113,182,-716,97
-183,2070,-109,105,-897,133
-177,2070,-107,22,-518,201
-168,2066,-104,42,-763,117
-164,2064,-93,-43,-495,89
-171,2060,-86,-93,-394,91
-182,2056,-83,-23,-433,94
-176,2052,-85,-83,-166,64
-157,2047,-87,-61,335,4
-150,2048,-88,-88,586,-15
-148,2051,-85,-65,1078,34
-161,2053,-95,-100,908,19
-171,2051,-95,-58,1127,77
-182,2050,-98,25,788,129
-182,2052,-108,-25,1042,134
-176,2050,-114,-25,805,129
-178,2050,-112,-2,568,140
-179,2050,-114,33,371,170
-173,2044,-118,95,300,183
-167,2039,-121,104,220,150
-171,2041,-122,129,248,92
-172,2046,-118,90,385,78
-176,2047,-125,111,237,150
-170,2049,-127,130,134,137
-157,2052,-125,77,277,31
-160,2053,-124,62,200,10
-168,2054,-124,-34,-5,10
-172,2054,-125,-99,78,39
-165,2049,-123,-98,208,8
-156,2045,-123,-224,387,-5
-166,2045,-131,-206,-187,36
-159,2048,-128,-181,263,134
-162,2051,-124,-138,276,137
-168,2046,-125,-119,60,120
-160,2037,-126,-142,203,127
-165,2036,-124,-94,-137,109
-168,2040,-120,-84,69,77
-165,2047,-120,-93,88,96
-160,2053,-117,-126,213,114
-156,2057,-119,-148,224,127
-161,2057,-114,-212,-176,78
-161,2056,-115,-213,-118,42
-158,2053,-111,-307,489,106
-164,2055,-111,-292,339,87
-166,2055,-105,-317,506,89
-167,2053,-107,-202,136,47
-155,2051,-107,-248,488,26
-170,2051,-106,-222,-81,-53
-186,2054,-102,-176,22,29
-182,2054,-100,-232,451,78
-180,2044,-100,-220,320,1
-178,2037,-105,-203,214,41
-177,2035,-110,-122,167,86
-178,2039,-114,-92,111,153
-177,2044,-116,-56,213,118
-173,2043,-119,-51,296,72
-174,2045,-125,-26,320,21
-171,2047,-136,-115,138,19
-161,2044,-157,20,286,-61
-158,2050,-208,204,109,-136
-160,2067,-283,432,194,-10
-200,2084,-338,663,591,341
-283,2090,-380,699,-218,653
-314,2065,-394,734,108,524
-275,2000,-447,1089,1789,275
-200,1922,-561,1237,1470,117
-120,1862,-664,829,816,96
-110,1843,-715,906,1164,521
-128,1892,-719,1570,3560,1259
-53,1993,-684,2115,8188,1811
44,2101,-707,2787,6986,1864
43,2229,-619,1670,5102,2080
-56,2425,-420,1326,3047,2891
-185,2662,-223,3461,-4383,4449
-221,2763,-127,3362,-7898,4975
-292,2632,98,3194,-13668,3933
-306,2517,306,2956,-7394,2695
-383,2399,336,2572,704,1644
-364,2185,238,2412,6101,1165
-287,2033,143,2003,3154,2537
-148,2049,91,1616,-2548,4509
-32,2060,120,1840,-5532,4550
-28,2036,57,2699,-4893,3922
-52,2011,-53,2582,-4278,4080
-33,1941,-120,2644,-4502,4472
38,1846,-126,2438,-3176,4534
111,1811,-112,1783,-1192,4128
195,1857,-148,2872,1061,3324
191,1920,-208,3065,-800,3192
133,1949,-218,3496,-3632,3636
135,1889,-285,5044,-5165,3876
181,1744,-454,6855,-3316,3797
176,1594,-575,7694,-2513,3265
203,1487,-678,7503,-3908,2338
379,1481,-790,6450,3501,1868
478,1582,-793,4307,8939,971
472,1732,-721,2096,9090,190
433,1868,-640,-625,8744,1157
274,1912,-548,-2516,2932,2134
37,1918,-553,-2769,-3962,1602
-78,2050,-430,-3565,-3390,88
-85,2305,-363,-4911,-5013,-1628
202,2388,-433,-5538,2530,-3131
349,2380,-553,-5588,-2405,-2181
386,2354,-575,-6119,-4334,-1555
362,2309,-575,-5929,-4416,-2228
353,2254,-583,-5740,-1167,-3102
219,2212,-533,-5620,-5682,-3552
228,2166,-544,-7045,-4192,-3383
308,2040,-533,-7727,-1690,-3199
249,1877,-523,-7095,-5105,-2147
199,1785,-447,-7188,-8288,-1326
270,1725,-411,-8465,-3883,-664
309,1625,-377,-6828,-776,-663
280,1577,-336,-6837,1443,-1066
233,1591,-261,-5931,-2016,-837
254,1652,-201,-5813,-3380,-285
312,1709,-138,-4474,-5105,179
353,1731,-71,-3559,-2756,168
329,1714,20,-3285,-2233,-686
287,1727,76,-2328,-729,-1490
202,1734,49,-1473,-1314,-1800
196,1752,158,-2924,5542,-1528
144,1808,261,-3181,6350,-1711
35,1845,349,-2926,4222,-1873
-37,1910,373,-2974,160,-2424
-27,1931,450,-2389,2027,-1875
-74,1863,483,-1614,-422,-1458
-77,1789,555,-2328,-1670,-916
-130,1785,629,-3142,-3412,-346
-209,1907,614,-3235,-2376,592
-243,2098,582,-2365,-554,1487
-208,2242,462,374,2341,2100
-72,2332,218,200,1438,2411
62,2321,63,739,-2876,2718
113,2264,10,1577,-5515,3160
110,2216,-2,2426,-4869,2176
0,2151,-14,3232,-3762,963
-87,2176,-71,2773,4619,321
-220,2443,-469,4642,12429,365
-205,2799,-649,5943,6319,3896
261,2863,-503,6369,3098,5840
549,2629,-479,4253,756,2400
442,2343,-512,4056,-1264,-2121
141,2148,-454,2509,1661,-2901
-159,2064,-327,1628,7477,-1881
-364,2048,-287,642,7626,-627
-349,2056,-262,750,5680,631
-154,2006,-252,1550,1557,2062
1,1879,-282,1220,-4608,1546
116,1738,-297,936,-5757,1508
218,1743,-293,268,-7298,2244
316,1918,-283,1097,-7442,2378
318,2095,-293,2588,-5609,1543
270,2120,-276,2810,-2190,933
234,2012,-259,2048,703,383
185,1901,-241,1268,788,-134
154,1901,-218,672,813,-214
113,1956,-217,153,1484,-26
63,2015,-221,581,435,-17
40,2067,-226,510,970,-204
28,2092,-253,495,1756,-321
31,2108,-255,82,3414,-201
43,2118,-259,-185,3500,-253
67,2110,-235,24,2971,-172
95,2106,-209,-353,2340,39
97,2089,-190,-262,529,200
96,2059,-218,-382,-539,402
127,2056,-209,-298,-1185,410
153,2078,-179,-970,-416,352
156,2093,-165,-894,-626,389
129,2075,-171,-897,-1888,502
138,2063,-174,-940,-1267,637
159,2049,-187,-838,-95,527
174,2037,-206,-802,81,360
187,2025,-191,-695,-65,243
165,2018,-182,-683,-1086,234
136,2020,-178,-605,-865,323
131,2015,-175,-396,-505,472
140,2015,-163,-393,263,421
116,2016,-162,-128,-275,450
100,2028,-167,-93,-233,658
85,2054,-156,-70,-905,826
114,2057,-133,350,-639,1069
136,2034,-149,644,-1022,1116
171,2021,-163,745,-1046,1068
181,2016,-156,315,-747,998
178,2034,-150,424,-350,1057
183,2057,-133,276,-152,1153
177,2030,-140,400,-623,1122
160,1996,-168,624,-910,1047
163,2018,-183,873,-194,1069
172,2054,-172,996,379,1069
184,2055,-178,1042,831,885
189,2031,-168,659,957,915
156,2015,-177,568,585,910
158,2035,-191,721,1274,942
160,2050,-207,891,1499,758
176,2036,-203,593,1628,348
147,2011,-202,281,1299,-80
114,2031,-203,212,2135,-406
118,2063,-206,775,3615,-709
158,2083,-202,741,4388,-1132
287,2096,-120,566,9235,-1838
402,2101,-210,-624,11065,-2535
421,2058,-407,-2241,20093,-1767
234,2033,-599,-2965,13121,-366
115,2019,-805,-4135,6516,-549
26,1979,-829,-5160,4332,252
-57,1898,-795,-5224,2195,1788
-19,1842,-750,-4468,2437,2438
-37,1828,-804,-8003,-50,2042
-262,1793,-703,-8935,-11954,2177
-48,1804,-737,-7727,-1121,2994
174,1679,-911,-5718,-2695,2794
299,1454,-808,-6199,-4943,1103
658,1695,-143,-9524,409,-350
836,2214,593,-14711,3024,-1423
428,2100,372,-9830,-751,781
297,2027,350,-7177,-218,4431
456,2128,475,-6636,5188,1339
451,2328,635,-6163,6598,-485
356,2338,744,-5129,3410,1991
399,2118,843,-4905,1446,2079
514,1889,881,-4211,-1635,1013
605,1845,894,-3746,-2590,69
556,1871,899,-3486,-1338,581
487,1848,898,-3150,-630,1004
499,1806,939,-2826,-154,504
542,1816,955,-2133,-364,-414
573,1874,937,-1775,-1572,-1044
517,1916,916,-1459,-1775,-1143
445,1934,908,-835,-1183,-1056
441,1920,911,-355,-1583,-1185
458,1888,900,175,-2213,-1269
463,1874,881,770,-2610,-1372
457,1881,846,1369,-2735,-1540
443,1900,816,1857,-2912,-1586
429,1920,785,2245,-2952,-1686
432,1936,760,2503,-3091,-1785
429,1946,734,2618,-3681,-2004
428,1960,725,2758,-3848,-2131
429,1982,716,2949,-3868,-2214
427,1985,690,3171,-3534,-2316
417,1965,665,3242,-3374,-2588
398,1938,627,3452,-3194,-2719
378,1924,579,3678,-3228,-2732
367,1918,537,3957,-3489,-2867
346,1905,482,4329,-4142,-2957
325,1898,452,4757,-4623,-2995
298,1894,420,5099,-5067,-2935
261,1891,375,5153,-5582,-2715
229,1905,325,5377,-5732,-2440
202,1942,258,5395,-5752,-2092
199,1983,210,5245,-4623,-1751
207,2016,147,5081,-4034,-1526
237,2052,109,4775,-2065,-1363
265,2079,89,4197,-406,-1349
302,2086,78,4001,2316,-1629
290,2054,17,4056,4330,-1895
220,1994,-153,4501,4946,-1754
157,1953,-257,3794,5184,-1227
57,1917,-394,4943,3293,-1381
-53,1868,-544,4853,1383,-1385
-114,1813,-634,4868,3020,-728
-190,1829,-730,3847,4094,-853
-183,1923,-762,2216,6323,-2224
-197,1973,-774,1272,5249,-2013
-185,1960,-763,-599,4261,-1246
-271,1923,-713,-2669,1291,-966
-448,1878,-555,-6063,-3554,-585
-540,1787,-428,-1645,-904,-1062
-680,1702,-541,15,-3744,-918
-593,1713,-261,-5765,-1922,326
125,2082,266,-4678,32767,-1473
75,2721,-242,114,-8309,-6025
296,2284,-417,3710,-17426,529
278,1884,-343,1641,-17793,2948
-2,1884,-86,-1053,-6769,1113
-276,2152,134,-2503,6832,-4153
-142,2344,248,-1526,8676,-4319
87,2291,281,-1801,271,-1443
157,2036,288,-1297,-4942,699
76,1897,251,-789,-5272,1656
-86,1952,196,-597,-2743,892
-162,2066,154,-215,1767,-92
-121,2101,103,-205,3393,-256
-44,2082,106,-227,3850,83
10,2079,90,-147,2212,206
37,2104,100,-167,1707,283
3,2117,48,-40,47,272
-39,2094,18,212,228,317
-75,2081,20,377,734,246
-115,2080,-3,895,-681,263
-114,2087,-20,864,-1412,445
-93,2071,-55,1338,-2899,774
-95,2018,-110,2002,-4786,1308
-95,1967,-147,1799,-7575,1749
98,2020,20,835,-261,1408
88,2083,-82,2012,-3595,684
138,2111,-113,1678,-3775,621
143,2108,-119,1790,-3398,543
101,2089,-88,1302,-1952,87
29,2093,-68,1309,-1269,-302
-45,2085,-73,1509,-2191,51
-8,2060,-59,1032,-63,-173
4,2045,-77,739,615,-504
-16,2070,-103,390,1034,-735
-44,2090,-129,240,1468,-914
-48,2072,-152,-354,2084,-674
-34,2022,-177,-330,2361,-596
7,1969,-186,-107,3145,-643
24,1944,-187,-174,3876,-1055
-6,1944,-193,-83,3658,-1350
-16,1962,-186,-435,4661,-1268
-19,1984,-180,193,4801,-1291
-29,1999,-185,288,4469,-1336
-13,2022,-179,44,5388,-1411
-24,2056,-169,-36,5090,-1470
-62,2091,-159,-185,4267,-1440
-90,2125,-138,-415,4555,-1179
-89,2137,-122,-88,4572,-957
-77,2123,-142,-93,3699,-804
-50,2088,-160,-189,3351,-707
-45,2066,-157,-350,2446,-763
-70,2069,-146,-284,1536,-697
-80,2083,-125,-443,2260,-434
-96,2094,-112,-306,2156,-164
-104,2090,-112,-510,2471,-104
-116,2066,-109,-296,2461,-92
-127,2044,-121,-265,2349,-40
-122,2034,-129,-106,2821,21
-112,2041,-145,-129,2929,-127
-105,2054,-154,-162,3174,-243
-109,2050,-151,-110,3955,64
-108,2056,-157,-296,3957,-161
-128,2057,-150,-267,3909,-112
-159,2059,-149,-317,3096,-36
-167,2064,-141,-376,3104,-59
-172,2067,-144,-337,2647,-13
-165,2069,-143,-518,2720,-60
-170,2066,-135,-483,2281,-149
-174,2061,-132,-514,2220,-181
-181,2055,-126,-586,1982,-110
-184,2045,-120,-527,1822,-6
-170,2041,-115,-446,1954,-32
-165,2038,-129,-384,992,-67
-165,2029,-136,-163,-85,-30
-150,2021,-130,-199,49,13
-149,2028,-121,-138,-4,97
-145,2035,-124,-80,-159,56
-134,2032,-120,-49,-181,-23
-143,2028,-132,-35,-1012,26
-150,2023,-139,64,-1005,84
-144,2030,-120,35,-484,67
-132,2036,-119,50,-534,57
-134,2029,-126,211,-1051,19
-141,2031,-136,182,-820,173
-139,2045,-140,196,-424,265
-134,2058,-140,223,-225,167
-127,2060,-136,311,-599,16
-124,2062,-135,286,-294,-9
-127,2061,-136,224,349,27
-132,2064,-139,264,777,13
-143,2067,-140,74,610,55
-149,2072,-124,-147,172,207
-145,2073,-115,-281,90,307
-133,2060,-119,-228,527,457
-120,2033,-160,-139,1000,517
-111,1999,-230,234,2220,542
-137,1977,-341,251,1781,637
-158,1981,-450,478,2087,864
-163,2004,-466,-344,1304,1136
-135,2007,-456,-692,1037,1176
-109,1966,-494,-695,1662,643
-115,1902,-586,-1612,1359,140
-167,1854,-708,-2080,-332,-151
-213,1869,-780,-1171,-371,-31
-203,1951,-815,-203,1970,127
-122,2035,-831,313,4737,114
-5,2098,-861,1567,5367,167
39,2165,-840,3241,5693,595
86,2370,-638,1522,13084,1190
186,2688,-388,1419,15565,2083
109,2860,-179,4496,-1633,1709
-106,2780,4,2569,-9484,1289
-396,2759,319,808,-7505,4147
-667,2750,540,2253,-1588,3390
-628,2485,512,2165,5129,188
-481,2244,403,2437,7255,1264
-361,2208,362,2423,2182,3112
-309,2177,301,3513,-5104,3177
-335,2057,267,4359,-11544,2721
-296,1943,226,6316,-12020,2498
-151,1799,35,5570,-9699,2920
101,1654,-39,5060,-4445,3283
288,1628,-117,4969,-3518,3095
336,1647,-240,5571,-5936,3099
356,1623,-291,5962,-3171,3155
375,1537,-349,5440,590,3591
369,1477,-362,5475,-425,4127
416,1421,-457,5604,-85,4034
439,1345,-541,5390,4588,3314
453,1294,-612,4830,9944,1988
497,1382,-717,2384,12839,1729
419,1606,-599,809,13210,1745
66,1852,-438,-291,1917,955
-89,2037,-383,-888,2872,-788
-137,2287,-402,-2488,5174,-2245
-78,2536,-420,-3986,4206,-3208
29,2659,-459,-4793,-1866,-2617
89,2714,-493,-5108,-6079,-2582
141,2707,-545,-4862,-5939,-3888
262,2626,-633,-5023,-3787,-5222
299,2490,-678,-6677,-5954,-4905
290,2283,-646,-7466,-7044,-3368
239,2098,-599,-7520,-10254,-1609
228,1909,-520,-8085,-9260,-1623
209,1733,-482,-8395,-5154,-1685
189,1551,-440,-7469,-5081,-1393
227,1431,-303,-7965,-1121,-750
207,1381,-259,-6831,-3338,233
215,1415,-234,-5678,-7056,894
349,1504,45,-7160,1451,735
244,1619,119,-5779,-5018,-61
148,1715,204,-5230,-3003,117
16,1687,244,-5554,-4580,-36
-57,1646,324,-4157,-6318,-505
-7,1701,361,-4271,-5086,73
92,1794,462,-4627,-2783,129
121,1876,556,-4645,-657,157
94,1891,598,-3249,-2080,-511
116,1895,631,-3355,-1884,-854
137,1912,745,-2807,-3024,-672
88,1927,765,-3281,283,256
-14,1943,705,-2942,4124,256
-93,2086,575,-1688,5378,604
-36,2285,423,-350,5671,1046
77,2392,229,1395,4666,1377
119,2383,-14,2937,2063,2025
101,2378,-213,3934,1392,1783
1,2433,-267,3762,1447,1055
-112,2557,-202,4717,8779,147
-409,2811,-491,5627,7023,-289
-416,2955,-493,6181,895,2626
39,2777,-425,6357,930,2604
307,2381,-426,5301,-3083,147
242,2020,-430,5762,-6190,-1954
-10,1780,-428,6004,-6018,-2573
-219,1644,-408,3685,-3937,-1502
-319,1698,-356,2800,-2174,230
-258,1869,-361,1394,1374,1111
-93,1956,-446,3008,-1503,1210
161,2029,-379,2648,-1017,-66
289,2035,-344,2688,-1982,-1424
205,2005,-362,2404,-4057,-1639
61,2021,-325,1682,-2478,-1253
-69,2026,-273,1815,1341,-1007
-114,1997,-247,1176,4381,-686
-64,1992,-221,58,5761,-1156
-25,1978,-214,-61,4275,-1063
28,2002,-245,-770,5095,-982
57,2024,-286,-587,5105,-1058
49,2039,-328,-496,3777,-1049
19,2055,-334,-141,2257,-1094
2,2072,-290,-362,3073,-1055
-24,2073,-256,-425,3754,-1010
-20,2067,-254,-704,4996,-1030
-18,2051,-268,-904,3846,-1194
-49,2052,-273,-1032,2736,-1113
-100,2070,-272,-889,2322,-714
-119,2092,-238,-756,2544,-515
-122,2101,-221,-709,1758,-619
-114,2097,-199,-798,1443,-836
-124,2089,-185,-706,549,-843
-130,2077,-164,-713,536,-651
-120,2063,-155,-615,866,-416
-106,2054,-160,-613,1105,-372
-89,2050,-172,-530,811,-400
-87,2048,-179,-477,558,-341
-99,2047,-177,-426,613,-245
-102,2048,-172,-287,645,-180
-99,2048,-164,-194,826,-142
-97,2044,-163,-195,1119,-138
-103,2039,-164,-169,1091,-178
-121,2039,-166,-276,695,-124
-124,2041,-160,-213,1149,-86
-132,2047,-171,-417,1273,-14
-126,2048,-167,-349,1546,12
-113,2048,-168,-427,1912,13
-98,2046,-179,-396,2260,-37
-85,2043,-186,-324,2387,-19
-90,2041,-190,-209,2090,-88
-109,2045,-187,144,1510,-211
-131,2047,-174,66,1798,-201
-151,2055,-171,-236,1663,-210
-151,2057,-167,-349,1640,-243
-155,2053,-163,-276,624,-227
-153,2050,-168,-234,-463,-94
-132,2050,-173,-330,-380,-2
-120,2049,-166,-221,-89,50
-117,2041,-171,-107,-452,37
-115,2035,-170,-122,-735,53
-122,2034,-168,-136,-889,40
-131,2031,-170,-21,-873,51
-126,2028,-174,-24,-620,35
-113,2028,-175,87,-470,-23
-104,2032,-180,-87,-307,-10
-100,2040,-181,-43,-18,11
-110,2051,-180,88,68,35
-108,2056,-182,28,444,8
-114,2051,-184,148,164,-37
-110,2052,-181,-118,883,-72
-113,2049,-186,10,468,-141
-121,2049,-180,-115,468,-125
-125,2050,-179,69,265,-108
-128,2056,-177,-213,426,-42
-131,2056,-171,-65,312,2
-125,2059,-166,-150,717,-12
-120,2057,-169,-139,784,-22
-125,2056,-178,-58,495,-72
-120,2056,-173,-212,924,-85
-130,2057,-171,-130,497,-76
-132,2055,-167,-235,614,-14
-130,2052,-171,-358,445,-15
-121,2046,-165,-370,620,-7
-128,2047,-176,-289,235,4
-130,2054,-182,-326,522,30
-129,2060,-170,-283,680,16
-136,2056,-162,-258,581,21
-137,2052,-154,-282,831,58
-144,2050,-151,-455,733,-19
-153,2047,-148,-371,387,-29
-152,2050,-143,-355,431,-9
-152,2054,-139,-357,513,3
-149,2054,-139,-269,547,-11
-145,2049,-148,-426,326,11
-142,2045,-149,-429,147,116
-146,2041,-144,-386,-94,209
-140,2041,-139,-330,151,299
-132,2041,-137,-280,172,296
-132,2042,-138,-274,-169,260
-136,2042,-142,-306,-324,223
-150,2048,-148,-233,-704,291
-156,2054,-154,-136,-850,312
-142,2055,-153,-156,-393,277
-130,2048,-154,-146,-594,181
-124,2037,-151,-173,-574,105
-133,2031,-151,-64,-1144,150
-138,2027,-159,-51,-1319,242
-128,2025,-157,-79,-899,347
-118,2027,-156,-143,-855,340
-113,2028,-159,-65,-1057,269
-106,2032,-154,-169,-841,229
-127,2039,-157,-142,-1525,223
-126,2052,-162,-323,-705,235
-122,2063,-159,-89,-595,217
-112,2072,-152,-171,-97,145
-110,2071,-148,-118,-181,81
-112,2069,-137,-234,232,29
-118,2064,-133,-156,682,1
-119,2054,-141,-241,531,-75
-118,2042,-142,-143,499,-101
-114,2036,-138,-261,824,11
-115,2040,-131,-198,819,24
-117,2046,-134,-275,819,10
