-153,1744,-1163,1,239,-116
-154,1739,-1168,98,536,-82
-156,1740,-1155,104,255,-166
-140,1747,-1149,1,339,-201
-135,1748,-1154,119,553,-138
-149,1746,-1155,69,629,-69
-166,1745,-1144,59,272,-183
-161,1750,-1140,33,-61,-210
-145,1751,-1154,58,457,-158
-149,1748,-1166,107,443,-77
-162,1743,-1161,184,465,-167
-165,1743,-1159,155,160,-201
-161,1743,-1160,196,317,-115
-163,1744,-1165,206,423,-60
-161,1749,-1158,216,327,-176
-151,1748,-1149,163,305,-131
-149,1748,-1151,118,409,-64
-159,1747,-1150,91,662,-110
-160,1749,-1133,96,79,-130
-144,1756,-1133,-87,217,-106
-145,1755,-1136,-27,635,-42
-153,1749,-1132,-27,694,-6
-149,1752,-1128,-161,408,-52
-139,1760,-1126,-185,545,-31
-146,1756,-1149,-58,721,-5
-164,1745,-1157,11,731,-29
-169,1743,-1157,146,395,-136
-157,1742,-1156,201,443,-182
-149,1747,-1166,126,633,-120
-145,1750,-1162,205,835,-109
-147,1755,-1151,242,756,-160
-150,1757,-1140,208,522,-175
-155,1757,-1139,189,514,-83
-163,1754,-1142,206,382,-84
-159,1752,-1130,157,-34,-121
-136,1755,-1135,132,125,-170
-122,1754,-1143,282,301,-84
-131,1752,-1151,276,604,-103
-147,1756,-1144,224,195,-162
-151,1755,-1149,252,174,-192
-154,1747,-1152,266,72,-109
-151,1743,-1158,414,232,-99
-147,1746,-1164,237,276,-118
-141,1747,-1145,154,158,-49
-138,1756,-1146,21,106,-80
-144,1752,-1157,340,203,-91
-154,1748,-1164,115,308,-58
-159,1746,-1148,215,-206,-179
-140,1751,-1158,180,132,-230
-128,1745,-1176,403,503,-103
-135,1745,-1161,165,812,-118
-148,1752,-1151,180,109,-125
-152,1756,-1158,165,315,-135
-164,1752,-1169,196,517,-44
-176,1746,-1156,129,80,-40
-164,1750,-1151,153,-410,-153
-138,1748,-1163,215,262,-163
-136,1749,-1162,232,430,-40
-141,1750,-1159,149,421,-54
-144,1749,-1142,91,70,-178
-138,1749,-1144,80,60,-84
-139,1744,-1161,309,502,-85
-151,1748,-1151,73,179,-164
-146,1746,-1143,165,-109,-201
-136,1750,-1150,49,155,-165
-139,1750,-1158,63,595,-65
-155,1747,-1153,95,235,-54
-157,1745,-1154,109,-31,-90
-148,1744,-1156,111,111,-101
-145,1746,-1166,41,516,-57
-152,1748,-1159,26,185,-60
-153,1750,-1160,89,170,-139
-154,1747,-1166,191,254,-101
-157,1744,-1167,158,499,-97
-160,1742,-1156,149,204,-152
-151,1747,-1157,182,170,-195
-145,1752,-1160,139,631,-131
-154,1753,-1149,138,407,-96
-162,1754,-1146,97,94,-153
-160,1750,-1160,140,132,-174
-159,1747,-1161,167,454,-91
-161,1746,-1151,143,50,-156
-149,1748,-1151,169,172,-185
-140,1749,-1158,221,625,-83
-151,1750,-1146,157,491,-66
-159,1754,-1146,165,167,-118
-160,1747,-1152,136,326,-88
-161,1742,-1155,295,508,-121
-151,1745,-1162,391,541,-174
-142,1740,-1174,428,935,-147
-149,1739,-1167,447,875,-162
-153,1742,-1160,432,876,-182
-149,1741,-1151,507,1166,-115
-147,1743,-1155,443,1172,-59
-141,1747,-1159,658,1119,-78
-146,1741,-1170,742,1780,-234
-163,1739,-1164,715,841,-226
-156,1743,-1173,697,911,-205
-157,1744,-1162,549,821,-204
-149,1750,-1155,409,390,-85
-132,1757,-1145,212,420,-106
-128,1758,-1133,-60,390,-90
-132,1756,-1129,-103,-166,-17
-129,1753,-1141,-113,45,-76
-133,1747,-1141,-191,168,-42
-127,1741,-1141,-61,-198,-75
-112,1747,-1157,-242,310,-79
-110,1745,-1149,-145,385,-65
-123,1743,-1162,-99,459,-81
-144,1740,-1165,-127,144,-129
-148,1737,-1166,88,-160,-125
-142,1744,-1173,-83,153,-145
-145,1741,-1176,-27,135,-46
-146,1736,-1172,58,264,-106
-146,1740,-1176,28,79,-147
-137,1746,-1162,9,155,-118
-134,1748,-1163,67,282,-69
-142,1748,-1161,-28,412,-58
-149,1745,-1166,94,128,-156
-145,1744,-1173,126,313,-113
-145,1740,-1168,185,230,-90
-150,1745,-1159,111,147,-120
-145,1749,-1169,186,26,-138
-145,1748,-1166,181,322,-152
-153,1744,-1161,246,-36,-116
-153,1747,-1159,215,172,-149
-146,1746,-1164,307,221,-120
-142,1747,-1163,177,362,-81
-146,1745,-1150,307,-34,-83
-143,1743,-1161,305,72,-139
-141,1743,-1170,416,289,-64
-144,1743,-1171,363,530,-133
-148,1743,-1164,374,86,-131
-146,1743,-1170,437,172,-173
-151,1742,-1169,314,255,-37
-156,1742,-1164,333,36,-107
-149,1746,-1155,120,107,-109
-135,1751,-1148,145,-45,-83
-130,1746,-1163,140,288,-30
-140,1739,-1157,234,372,-69
-144,1742,-1147,143,91,-110
-136,1749,-1155,62,42,-90
-136,1747,-1163,123,311,-90
-148,1741,-1169,111,227,-136
-155,1739,-1164,123,49,-118
-152,1741,-1166,109,95,-65
-147,1745,-1171,102,289,-77
-151,1744,-1175,179,307,-51
-160,1742,-1178,196,101,-85
-164,1734,-1176,193,121,-37
-158,1736,-1175,238,204,-57
-146,1741,-1171,200,318,-86
-136,1743,-1171,212,380,-20
-139,1742,-1169,219,736,-61
-147,1737,-1162,230,900,-110
-149,1736,-1157,307,517,-85
-139,1740,-1167,195,674,-148
-133,1736,-1174,437,846,-54
-138,1734,-1171,484,1494,-100
-135,1740,-1160,299,894,-122
-130,1748,-1163,158,752,-103
-141,1745,-1164,218,1242,-78
-156,1745,-1156,-31,684,-18
-147,1747,-1156,299,-149,-104
-130,1749,-1163,129,201,-133
-134,1741,-1177,201,500,-30
-147,1738,-1174,254,107,-81
-130,1741,-1170,130,379,-182
-118,1744,-1173,61,659,-35
-125,1740,-1161,77,489,-50
-134,1741,-1162,47,-15,-94
-134,1741,-1164,126,162,-73
-143,1740,-1163,95,18,-87
-136,1743,-1159,85,-205,-104
-120,1749,-1167,-71,125,-54
-122,1742,-1168,-74,304,-8
-134,1739,-1156,-79,10,-35
-132,1744,-1153,14,-211,-146
-128,1744,-1170,20,443,-81
-146,1740,-1166,15,195,-37
-152,1736,-1170,234,-239,-159
-138,1735,-1178,235,108,-228
-127,1738,-1175,272,108,-152
-126,1746,-1171,156,571,-121
-138,1744,-1169,106,521,-84
-153,1742,-1166,233,388,-107
-155,1743,-1170,179,42,-107
-151,1742,-1172,189,386,-39
-151,1744,-1166,146,116,-88
-138,1746,-1169,209,-33,-131
-127,1744,-1176,104,614,-97
-141,1742,-1165,210,403,-43
-146,1741,-1165,180,402,-96
-145,1743,-1163,188,313,-66
-140,1746,-1165,191,337,-123
-139,1744,-1162,173,492,-54
-140,1743,-1156,83,218,-56
-140,1746,-1147,49,-153,-61
-131,1748,-1158,135,324,-51
-136,1744,-1162,17,639,-6
-145,1743,-1156,239,-19,-106
-138,1744,-1166,196,187,-129
-138,1744,-1157,37,202,-11
-141,1746,-1162,129,-90,-39
-138,1743,-1168,102,517,-60
-143,1741,-1156,134,456,-15
-141,1745,-1155,200,9,-78
-132,1750,-1158,48,177,-59
-133,1746,-1162,66,337,-4
-141,1746,-1159,181,89,-20
-140,1744,-1162,156,287,-97
-141,1744,-1160,88,-23,-49
-135,1747,-1164,156,-97,-62
-132,1747,-1175,71,454,-31
-147,1740,-1174,187,391,31
-157,1743,-1157,200,-123,-93
-141,1748,-1165,218,-136,-131
-134,1745,-1172,197,532,20
-144,1742,-1159,200,217,2
-139,1748,-1149,77,-130,-120
-124,1754,-1150,37,-31,-47
-128,1746,-1160,133,464,50
-148,1744,-1160,138,249,-48
-148,1744,-1155,201,-167,-189
-135,1746,-1153,67,-66,-128
-125,1748,-1167,127,75,2
-130,1749,-1158,82,314,-55
-140,1747,-1155,25,161,-162
-145,1746,-1158,232,72,-101
-139,1748,-1165,116,22,-83
-144,1743,-1163,155,44,-76
-143,1743,-1159,144,-148,-134
-134,1743,-1167,186,221,-119
-133,1743,-1163,113,132,-96
-136,1748,-1157,142,71,-123
-141,1742,-1169,253,460,-112
-151,1738,-1161,196,357,-104
-145,1746,-1152,115,119,-113
-141,1748,-1164,97,231,-78
-146,1746,-1157,164,278,-129
-143,1744,-1168,225,190,-155
-141,1743,-1168,122,518,-156
-149,1743,-1167,188,391,-101
-151,1745,-1163,180,211,-120
-149,1746,-1169,231,342,-108
-153,1744,-1161,207,393,-106
-154,1741,-1162,283,267,-98
-144,1745,-1161,167,188,-149
-136,1748,-1155,144,475,-115
-137,1745,-1162,195,869,-91
-149,1743,-1154,96,716,-69
-151,1746,-1151,277,73,-189
-137,1745,-1167,280,653,-170
-138,1740,-1165,293,859,-77
-139,1740,-1158,322,616,-120
-132,1749,-1167,255,977,-180
-146,1744,-1160,203,884,-110
-159,1740,-1149,294,-92,-152
-139,1745,-1151,332,169,-188
-122,1755,-1155,90,921,-119
-132,1753,-1143,87,517,-82
-139,1747,-1151,100,379,-96
-140,1747,-1157,170,284,-115
-139,1744,-1169,150,521,-109
-156,1741,-1171,142,437,-84
-155,1742,-1162,79,-11,-137
-132,1748,-1162,174,-56,-84
-126,1747,-1168,103,645,-16
-147,1740,-1163,97,568,-73
-149,1744,-1153,160,-236,-183
-129,1746,-1167,129,368,-112
-134,1740,-1164,88,801,-29
-149,1744,-1148,78,-21,-117
-136,1752,-1151,14,-125,-141
-126,1750,-1152,71,446,-58
-139,1748,-1159,94,369,-74
-149,1745,-1161,60,431,-152
-146,1744,-1163,121,-123,-133
-134,1744,-1167,-5,309,-20
-141,1742,-1164,124,219,-82
-142,1744,-1159,35,412,-100
-138,1746,-1156,203,2,-123
-135,1749,-1168,62,502,-91
-148,1744,-1161,120,405,-48
-149,1742,-1154,174,287,-141
-134,1746,-1157,39,351,-85
-125,1744,-1165,174,635,-113
-133,1746,-1154,151,687,-132
-137,1744,-1154,200,471,-149
-134,1746,-1153,84,657,-96
-135,1748,-1144,97,509,-73
-130,1756,-1153,44,440,-37
-140,1750,-1160,133,675,-94
-154,1744,-1158,189,284,-168
-146,1746,-1158,222,-56,-140
-133,1750,-1167,220,390,-96
-135,1749,-1165,137,541,-99
-144,1747,-1164,193,362,-74
-144,1744,-1163,236,225,-60
-145,1747,-1154,226,34,-37
-138,1749,-1160,159,359,-76
-139,1748,-1158,134,382,-3
-134,1748,-1151,139,-52,-47
-120,1746,-1155,239,285,-91
-121,1747,-1145,95,622,-44
-129,1749,-1150,164,324,-92
-129,1753,-1146,3,214,-98
-131,1747,-1150,166,394,-73
-140,1745,-1158,190,135,-65
-136,1747,-1153,249,-7,-106
-121,1750,-1164,143,238,-118
-125,1745,-1164,132,429,-59
-137,1745,-1159,231,6,-92
-132,1749,-1158,156,96,-144
-134,1749,-1155,102,-37,15
-133,1746,-1154,164,158,-54
-129,1742,-1165,259,482,-131
-129,1745,-1169,200,548,-113
-132,1740,-1160,237,260,-104
-131,1746,-1158,205,165,-110
-127,1747,-1167,178,408,-57
-133,1749,-1160,208,386,-95
-140,1744,-1162,210,446,-134
-143,1746,-1163,233,276,-137
-137,1749,-1175,166,312,-79
-145,1744,-1167,181,354,-56
-147,1745,-1159,188,-208,-73
-129,1750,-1161,99,-101,-92
-119,1746,-1154,200,171,-75
-120,1741,-1161,240,618,-115
-126,1744,-1149,115,464,-144
-119,1742,-1142,181,298,-157
-116,1752,-1135,154,217,-167
-116,1747,-1156,246,519,-149
-131,1743,-1152,231,821,-99
-147,1744,-1153,198,353,-255
-142,1748,-1151,116,185,-196
-135,1748,-1157,227,443,-41
-139,1749,-1172,214,590,-10
-154,1746,-1168,152,484,-122
-158,1745,-1170,344,-214,-158
-140,1748,-1178,322,292,-132
-136,1744,-1186,342,457,9
-146,1741,-1179,226,244,-38
-147,1736,-1171,265,131,-68
-141,1738,-1165,221,75,-12
-131,1741,-1169,287,102,24
-128,1747,-1158,113,178,-39
-122,1744,-1165,363,-75,-153
-118,1740,-1162,145,459,-131
-122,1746,-1159,210,-138,-68
-122,1747,-1171,81,248,-117
-133,1737,-1169,231,11,-57
-135,1742,-1165,-8,265,-119
-131,1748,-1168,130,-159,-100
-130,1744,-1175,46,315,-100
-145,1738,-1170,121,159,-68
-136,1742,-1166,104,-197,-58
-119,1747,-1172,115,371,-112
-128,1740,-1178,180,546,-90
-138,1740,-1170,100,275,-123
-132,1748,-1161,-10,-65,-117
-130,1745,-1167,159,34,-90
-135,1740,-1179,230,543,-97
-139,1743,-1170,90,318,-115
-134,1746,-1163,2,-2,-126
-130,1746,-1175,138,-48,-180
-133,1736,-1189,236,686,-89
-147,1737,-1175,225,301,-64
-148,1743,-1174,177,235,-204
-145,1741,-1190,346,396,-103
-148,1737,-1183,311,987,-40
-153,1743,-1185,238,398,-93
-151,1738,-1179,220,524,-55
-139,1739,-1149,171,341,-52
-117,1751,-1173,244,759,-121
-123,1748,-1168,98,1301,-122
-138,1742,-1154,239,565,-75
-131,1741,-1144,292,590,-193
-117,1744,-1152,264,1021,-149
-115,1750,-1157,58,1101,-66
-118,1748,-1143,139,925,-83
-126,1747,-1143,27,918,-111
-135,1746,-1155,124,457,-112
-139,1747,-1151,211,386,-138
-126,1755,-1147,61,240,-156
-115,1749,-1157,86,478,-142
-120,1747,-1153,99,428,-101
-124,1750,-1153,-136,220,-66
-123,1752,-1147,-96,19,-78
-126,1752,-1151,-168,113,-27
-132,1748,-1153,-210,-155,-13
-130,1744,-1153,-172,-340,-142
-128,1748,-1155,-153,-215,-197
-131,1745,-1174,47,-266,-179
-127,1746,-1160,128,-273,-206
-114,1742,-1175,144,3,-194
-111,1737,-1175,213,68,-205
-113,1739,-1186,170,713,-215
-120,1747,-1177,205,500,-192
-132,1745,-1187,90,703,-107
-160,1741,-1179,292,633,-134
-167,1745,-1171,239,-206,-193
-151,1742,-1183,336,443,-113
-148,1738,-1185,497,514,-112
-132,1734,-1183,626,1120,-197
-114,1739,-1172,361,1755,-170
-108,1735,-1167,354,2167,-60
-114,1739,-1132,66,2379,-99
-121,1757,-1115,-247,2024,-43
-139,1782,-1113,-98,785,-61
-144,1761,-1134,357,-102,-176
-123,1741,-1170,334,141,-116
-101,1744,-1178,209,224,-230
-77,1746,-1173,82,1138,-128
-94,1747,-1159,-15,1495,-70
-117,1753,-1144,-16,406,-64
-121,1752,-1170,29,246,46
-150,1744,-1154,111,-89,10
-154,1742,-1149,202,-827,-135
-111,1753,-1153,-35,-126,-98
-72,1753,-1151,-72,492,66
-69,1755,-1133,-109,450,34
-85,1756,-1133,-181,408,-26
-110,1748,-1141,-100,115,15
-136,1749,-1144,1,6,-43
-148,1751,-1145,56,-829,-158
-121,1751,-1158,38,-384,-118
-103,1753,-1155,6,-156,42
-101,1745,-1162,95,18,-29
-109,1745,-1158,125,-98,-147
-102,1753,-1159,233,47,-152
-110,1750,-1165,271,256,-110
-129,1744,-1172,370,-52,-105
-131,1744,-1170,449,-262,-215
-118,1750,-1172,426,-264,-143
-107,1752,-1166,379,287,-77
-114,1758,-1166,307,136,-139
-127,1751,-1169,219,41,-199
-139,1745,-1167,172,-432,-48
-138,1747,-1152,192,-379,-78
-122,1750,-1153,54,-234,-92
-109,1747,-1164,86,170,-26
-112,1747,-1160,8,17,-31
-116,1746,-1158,75,8,-71
-120,1744,-1162,167,113,-40
-124,1743,-1168,57,627,-66
-129,1742,-1166,113,389,-96
-124,1747,-1163,92,319,-60
-124,1748,-1165,186,718,-112
-134,1750,-1153,71,371,-41
-131,1757,-1150,71,337,-86
-133,1752,-1165,119,519,-32
-146,1747,-1152,150,317,-40
-139,1749,-1160,163,116,-74
-130,1752,-1157,-35,453,38
-129,1754,-1146,80,266,50
-128,1757,-1160,-138,424,36
-142,1751,-1152,-41,155,104
-144,1746,-1135,46,-271,58
-117,1751,-1144,7,89,-10
-100,1763,-1151,-291,390,117
-108,1760,-1138,-153,320,142
-119,1756,-1138,-8,-28,1
-119,1754,-1155,-112,275,-30
-130,1751,-1157,4,-146,100
-136,1745,-1152,101,-159,-27
-123,1746,-1152,48,48,-78
-93,1757,-1142,145,300,-26
-88,1760,-1134,162,319,27
-110,1755,-1136,214,632,-40
-134,1751,-1131,191,61,-104
-123,1758,-1134,167,-32,-57
-118,1758,-1128,140,406,-37
-123,1761,-1123,173,-67,-111
-107,1766,-1131,112,-22,-123
-103,1760,-1142,97,833,-44
-129,1752,-1146,399,239,-131
-140,1749,-1149,283,90,-207
-124,1752,-1145,387,-115,-96
-107,1753,-1155,392,187,-58
-111,1752,-1147,435,234,-163
-114,1755,-1150,295,594,-184
-125,1753,-1141,296,479,-136
-128,1758,-1135,168,42,-63
-122,1761,-1143,218,162,-64
-127,1753,-1145,245,424,-55
-135,1747,-1158,263,116,-120
-120,1746,-1161,323,308,-235
-109,1750,-1158,253,397,-113
-111,1753,-1155,165,590,-66
-121,1758,-1146,64,719,-86
-134,1753,-1146,115,199,-115
-133,1759,-1146,221,-14,-120
-130,1750,-1158,134,146,-72
-132,1747,-1161,81,239,-49
-120,1749,-1146,172,-31,-99
-101,1759,-1152,190,237,-114
-108,1756,-1158,139,804,-12
-137,1749,-1145,169,192,-44
-138,1754,-1139,131,-458,-191
-118,1756,-1150,189,173,-91
-124,1750,-1147,113,475,5
-133,1747,-1148,160,-127,-111
-116,1754,-1147,115,-40,-197
-104,1754,-1157,172,473,-38
-127,1750,-1157,106,816,2
-147,1750,-1145,144,-79,-147
-129,1756,-1147,109,131,-153
-121,1756,-1160,197,272,-35
-132,1751,-1154,195,390,-58
-136,1750,-1148,187,-84,-173
-116,1750,-1154,287,467,-126
-113,1756,-1160,96,808,-48
-134,1754,-1147,158,406,-24
-144,1755,-1148,94,165,-88
-138,1748,-1165,233,36,-62
-124,1748,-1155,270,185,-79
-109,1749,-1161,271,1002,-66
-118,1746,-1170,317,883,-89
-124,1744,-1164,417,495,-98
-127,1747,-1160,570,928,-92
-144,1751,-1160,536,764,-5
-160,1754,-1168,444,575,82
-166,1751,-1172,519,413,60
-156,1745,-1167,648,194,122
-122,1734,-1159,666,-49,272
-90,1718,-1160,1117,1012,124
-62,1716,-1143,1291,1158,-297
20,1699,-1117,2172,424,-644
139,1715,-1127,2209,3105,-962
108,1744,-1078,2264,4599,-1547
-82,1751,-951,2502,2787,-2286
-131,1736,-933,3907,-4540,-1846
58,1757,-995,3697,-3705,-1824
153,1828,-981,3019,-2117,-1769
145,1883,-985,2551,-2980,-2001
137,2001,-974,1070,-2704,-2054
113,2222,-894,-1114,-3654,-2203
136,2323,-727,-2721,-4324,-2212
172,2345,-646,-4149,-3505,-1577
181,2365,-617,-5918,-1144,-1977
209,2366,-594,-6970,986,-2322
251,2409,-590,-8411,2781,-2133
296,2442,-560,-10424,5666,-1573
339,2459,-495,-14783,8337,-620
279,2480,-428,-19253,9372,25
117,2493,-334,-23701,13585,344
-101,2547,-324,-27244,13517,2017
-353,2680,-442,-28599,10309,4341
-603,2832,-603,-27867,5606,5557
-726,2915,-705,-29015,1205,7028
-622,2928,-715,-32179,2617,7545
-259,3051,-647,-32768,4820,9042
39,3271,-488,-32768,7511,7542
-26,3427,-172,-32768,4907,3156
-88,3249,73,-32768,4084,1483
-73,2961,54,-32768,2509,1313
23,2754,72,-32768,653,2565
140,2648,166,-32768,2490,3659
151,2516,261,-32768,2996,4524
90,2327,331,-32768,2139,4877
85,2080,448,-32455,3143,4428
117,1839,540,-31377,3031,4023
97,1610,631,-30473,2934,3571
80,1418,779,-29189,5573,2988
-3,1235,920,-27298,2366,3514
-118,1046,977,-27914,3788,3283
-165,808,1047,-27564,8126,1006
-241,540,1104,-27100,3115,-761
-321,314,1228,-25669,1298,-1173
-395,139,1252,-23908,-1947,-812
-392,-12,1288,-21819,69,-198
-380,-151,1252,-20109,-618,-337
-306,-305,1165,-17637,-543,-565
-211,-444,1115,-14676,-965,-811
-142,-571,1072,-11154,-1999,-1054
-58,-672,992,-8012,257,-1097
6,-751,893,-4792,2234,-1422
14,-844,741,-1285,3045,-1533
-36,-938,647,3004,3833,-1426
-134,-961,627,7373,2659,-1550
-193,-941,556,12729,563,-1615
-219,-906,489,17060,-370,-1943
-218,-809,533,21734,-1346,-1874
-190,-613,579,24424,196,-2291
-174,-435,623,28151,1553,-2659
-191,-279,720,32066,-1588,-3235
-172,-64,827,32767,-2795,-3261
-103,220,829,32767,-1962,-3754
-2,511,801,32767,-2078,-4865
98,810,813,32767,392,-5095
142,1164,893,32767,2136,-3408
91,1550,837,32767,5888,-3851
4,1799,791,32767,7865,-3919
-54,2013,934,32767,2971,-2840
-184,2203,839,32767,1016,-2725
-309,2313,576,32767,4082,-2128
-420,2493,587,32767,3774,-1589
-402,2758,608,32767,-3506,-2191
-245,2924,509,32767,-6914,-1929
-374,2939,211,32767,-1945,-2404
-638,2950,-153,31065,-2797,-2816
-733,3016,-237,32767,-10293,-2169
-542,3183,-95,32767,-14856,-3580
-190,3268,-108,32767,-20737,-5542
93,3137,-312,29128,-18337,-4272
152,2786,-545,26490,-14600,-2351
-5,2486,-835,24897,-9060,-1673
-243,2374,-1086,22402,1048,-3262
-336,2284,-1171,20697,7472,-5580
-168,2180,-1007,19475,10281,-4493
-50,2162,-674,15042,10485,829
-181,2154,-319,9919,6992,5246
-348,2144,-46,4006,6573,5895
-506,1974,-102,6238,-3873,3599
-655,1671,-649,12086,-20957,1152
-466,1625,-1114,4274,-13034,-613
223,2002,-1026,2397,7357,1706
482,2038,-1082,-782,6952,3708
359,1815,-1034,3709,5531,1021
83,1972,-1250,1744,8313,-1305
-322,2110,-1305,916,5562,-1958
-556,1933,-1281,3131,-5094,545
-271,1739,-1294,4107,-6879,2280
240,1856,-1399,549,-185,2677
394,1912,-1404,-676,3703,2211
64,1814,-1391,343,1368,1534
-326,1734,-1366,758,-2999,1702
-398,1740,-1309,1108,-5450,1743
-234,1832,-1231,243,-5213,1311
-59,1907,-1249,-535,-3591,1799
46,1972,-1292,-1625,411,1826
89,2012,-1252,-2628,3012,1812
72,2063,-1199,-3212,4413,1362
48,1998,-1161,-3057,4281,543
-23,1820,-1222,-2590,1895,1046
-80,1655,-1297,-1750,645,1290
-82,1577,-1387,-813,239,950
-95,1558,-1410,-861,1863,586
-140,1561,-1406,-686,414,455
-156,1570,-1405,-942,1442,486
-198,1574,-1367,-504,-826,698
-202,1609,-1360,-299,-1727,301
-188,1625,-1366,-345,-951,-108
-160,1608,-1358,-6,-1522,-151
-69,1629,-1354,112,-996,-377
-22,1644,-1364,-104,113,-351
-66,1635,-1313,187,-217,-147
-116,1660,-1326,191,-724,-285
-169,1645,-1342,38,433,-400
-209,1612,-1313,342,-1812,-189
-144,1611,-1347,251,-1644,-241
-80,1608,-1387,-139,612,-88
-89,1595,-1362,71,311,4
-75,1599,-1373,218,330,-166
-77,1606,-1381,151,1726,-171
-114,1618,-1337,243,1060,-135
-125,1629,-1349,279,1040,-157
-116,1633,-1347,122,2684,-68
-131,1620,-1338,304,2344,-41
-134,1606,-1358,314,2241,-209
-127,1606,-1359,414,2538,-159
-111,1608,-1369,248,2933,37
-125,1618,-1342,-253,2957,52
-161,1634,-1307,-125,1433,-30
-188,1667,-1341,-105,1062,-99
-224,1653,-1354,228,1277,-295
-220,1630,-1360,545,-1124,-328
-118,1628,-1367,439,-370,-347
-37,1628,-1364,266,1301,-50
-28,1638,-1337,137,1582,16
-47,1651,-1327,-136,1644,-26
-93,1648,-1329,-182,1314,21
-149,1639,-1316,-123,-171,-53
-147,1632,-1331,25,-1111,-149
-108,1631,-1350,-67,-168,-252
-81,1625,-1356,70,-89,-162
-69,1635,-1353,116,-167,-231
-70,1630,-1360,180,751,-238
-101,1621,-1342,218,538,-194
-108,1630,-1326,226,-470,-263
-82,1649,-1341,-85,137,-107
-87,1645,-1330,-292,410,60
-109,1633,-1318,-344,-285,59
-109,1633,-1325,-164,-584,-21
-100,1628,-1343,8,-136,60
-102,1621,-1332,76,-409,14
-82,1629,-1337,68,-91,-158
-65,1640,-1335,-49,455,-73
-79,1645,-1338,-68,880,26
-120,1636,-1338,-38,515,-7
-139,1629,-1336,34,136,-88
-129,1634,-1335,53,7,-75
-115,1638,-1335,-72,491,59
-119,1636,-1326,-147,393,43
-109,1643,-1318,-110,102,7
-91,1652,-1313,-188,464,100
-95,1647,-1309,-67,367,112
-98,1643,-1318,-145,204,-28
-89,1645,-1310,-123,237,-67
-81,1655,-1312,-186,392,-25
-93,1652,-1317,-213,589,89
-107,1651,-1308,-98,-167,-45
-95,1645,-1332,-40,-26,-78
-90,1642,-1322,30,191,-110
-88,1651,-1328,-113,28,-132
-97,1654,-1318,-130,-16,-63
-112,1652,-1317,-61,-353,7
-122,1653,-1337,-9,-532,-148
-139,1644,-1338,196,-941,-217
-130,1637,-1330,303,-1106,-211
-84,1645,-1349,333,-577,-114
-61,1641,-1356,222,758,-37
-80,1639,-1332,194,494,-53
-93,1648,-1325,290,470,-102
-113,1650,-1326,233,849,-62
-142,1649,-1306,239,64,-38
-140,1659,-1294,57,-420,-97
-113,1661,-1305,148,-36,-92
-105,1655,-1309,90,573,-21
-110,1649,-1304,197,46,-62
-99,1656,-1307,179,111,-77
-91,1654,-1314,130,432,-12
-110,1647,-1306,150,462,-36
-116,1652,-1301,108,-211,-121
-105,1664,-1308,99,253,-70
-130,1655,-1319,125,174,-37
-155,1646,-1313,181,-830,-165
-116,1657,-1316,176,-784,-170
-78,1654,-1326,163,609,16
-94,1648,-1324,122,431,18
-106,1650,-1322,179,19,-161
-111,1646,-1326,258,309,-110
-128,1641,-1321,235,328,-2
-130,1646,-1315,150,60,-109
-107,1653,-1308,97,-42,-125
-88,1654,-1322,112,704,14
-110,1648,-1311,83,698,-53
-119,1651,-1306,60,2,-139
-109,1656,-1316,85,277,-113
-121,1649,-1321,124,831,23
-136,1649,-1305,120,-23,-126
-111,1657,-1307,-18,213,-93
-102,1656,-1306,107,728,58
-114,1650,-1301,85,600,39
-115,1651,-1290,89,70,-61
-98,1662,-1299,-16,302,-12
-109,1659,-1309,83,767,35
-133,1654,-1301,90,286,9
-125,1657,-1306,75,-62,-97
-113,1658,-1317,151,255,-121
-123,1655,-1313,103,220,-40
-130,1661,-1324,114,-49,-103
-141,1660,-1319,135,-74,-204
-145,1651,-1313,237,-554,-95
-121,1656,-1312,116,-542,-113
-104,1659,-1308,156,-110,-113
-109,1655,-1311,14,52,-31
-114,1653,-1297,169,-438,-88
-100,1662,-1295,-4,-401,-185
-98,1659,-1326,305,70,-25
-125,1649,-1314,148,476,-38
-130,1644,-1306,301,-585,-176
-98,1654,-1317,311,40,-160
-100,1648,-1329,333,715,34
-130,1644,-1316,324,371,-102
-133,1646,-1307,281,96,-265
-112,1658,-1304,153,182,-150
-110,1660,-1320,142,511,4
-131,1649,-1311,132,890,-78
-145,1647,-1305,159,49,-232
-125,1651,-1307,109,31,-160
-113,1656,-1309,124,577,-60
-118,1657,-1305,62,600,-106
-127,1653,-1305,153,307,-182
-128,1653,-1300,103,432,-149
-128,1654,-1303,118,93,-84
-120,1657,-1312,250,489,-103
-118,1657,-1323,196,610,-90
-125,1644,-1330,315,846,-65
-136,1647,-1319,274,345,-82
-126,1638,-1328,350,810,-41
-129,1621,-1295,383,1140,101
-105,1632,-1281,488,571,92
-58,1643,-1259,452,1513,94
-34,1607,-1256,1156,2050,144
-6,1585,-1248,2009,2417,-168
62,1618,-1278,2637,2770,-370
35,1686,-1278,2820,4159,-677
-181,1690,-1235,3329,1786,-1444
-411,1695,-1139,3212,-3715,-1978
-350,1767,-1108,3094,-8940,-2142
-42,1945,-1110,1904,-7503,-1500
169,2107,-1077,788,-5642,-1388
205,2126,-1059,505,-6101,-1574
194,2116,-1016,-132,-6312,-2205
205,2152,-962,-868,-5991,-2460
246,2219,-877,-1692,-4666,-2563
283,2309,-771,-3041,-1885,-2363
233,2415,-758,-5828,-1324,-1955
226,2479,-733,-6805,-3113,-2287
357,2547,-678,-8986,-1929,-2013
411,2519,-528,-11424,4602,-426
378,2476,-400,-17081,9737,561
250,2498,-207,-26746,12322,879
99,2522,-239,-31559,7622,2429
24,2611,-642,-30041,6382,5737
-29,2774,-922,-30326,12603,8572
-34,2879,-997,-29920,14983,9854
105,3030,-1055,-32768,16811,10597
294,3289,-975,-32768,21089,12627
231,3569,-800,-32768,19712,12285
-201,3821,-620,-32768,10398,9774
-463,3896,-386,-32768,11762,6558
-425,3721,-256,-32768,9476,1965
-279,3444,-129,-32768,5732,-1399
-203,3226,-59,-32768,6382,-2572
-273,3016,-1,-32768,5506,-1687
-418,2739,144,-32768,-349,287
-375,2435,331,-32768,-2178,1247
-250,2163,338,-32768,-4369,1135
-60,1845,424,-32768,-1757,1237
112,1544,593,-32768,120,1856
233,1281,651,-32768,2956,2060
292,1056,674,-32768,7973,1276
273,822,697,-32768,7145,127
82,518,655,-32463,5729,83
-127,197,739,-29523,4538,496
-285,-33,788,-26890,361,1515
-307,-214,760,-24481,-188,2157
-267,-415,674,-21565,-3297,2855
-224,-631,620,-19262,-1593,3197
-192,-858,659,-16234,2123,2224
-194,-1058,683,-12172,-1515,1899
-207,-1251,668,-7866,-1606,1327
-152,-1342,609,-4997,753,-554
-139,-1426,573,-1330,303,-556
-126,-1499,699,3060,3143,-452
-160,-1518,763,7379,1496,43
-142,-1505,708,10477,1200,-549
-138,-1416,717,13173,3647,-780
-194,-1289,809,15442,2044,-1016
-237,-1186,867,18245,2632,-2167
-278,-1101,864,21573,-478,-2504
-280,-933,925,23464,-1831,-2829
-251,-728,948,25270,0,-3538
-223,-613,895,28999,541,-4475
-234,-535,852,31087,1713,-5656
-246,-242,930,31780,-675,-4483
-247,123,913,32585,-1121,-3805
-261,362,764,32767,4105,-4831
-206,489,908,32767,3775,-3345
-209,764,1050,32767,-5110,-1827
-237,1040,710,32767,-1187,-2283
-231,1272,714,32767,7881,-2726
-128,1474,814,32767,-4482,-1475
28,1860,846,32767,-4328,-956
54,2226,533,32767,3621,-1802
-140,2449,435,32767,7080,-2038
-139,2596,540,32767,3344,-1553
-33,2733,603,32767,-1426,-529
-121,2856,485,32767,2844,-1543
-290,2911,-59,32767,2286,-586
-459,3023,-306,32767,1943,243
-590,3183,-158,32767,-1257,-642
-611,3268,8,32767,-9357,-2272
-502,3212,-76,32767,-17864,-2781
-380,2984,-319,30239,-18768,-1689
-365,2693,-575,29072,-18480,-1326
-513,2613,-877,26170,-16438,-1637
-652,2567,-1100,23296,-11994,-3068
-453,2390,-1173,22822,-7624,-4397
16,2271,-1123,22854,-6433,-1467
444,2313,-907,18147,-897,3939
631,2513,-334,6301,22790,5656
384,2300,21,5752,22524,4411
-365,1904,-828,6588,-14854,1641
-896,1678,-815,4066,-4705,-2432
-1032,1781,-422,6627,-20737,295
-165,2307,-764,2294,-18031,4175
331,2199,-817,356,194,5483
321,1895,-1079,3189,-6530,3766
413,1935,-1229,1587,2214,885
254,1913,-1327,3108,-32,1967
23,1882,-1354,3887,300,2230
-99,1899,-1345,3685,-2367,2504
-29,1970,-1362,2733,-2315,3263
-21,2052,-1361,1443,392,2171
-143,2024,-1338,1566,1238,1179
-205,2032,-1308,721,1330,1210
-137,2077,-1250,-702,2940,1151
-98,2147,-1223,-2175,4809,1126
-104,2140,-1157,-3104,4530,659
-120,1940,-1168,-3024,2847,1116
-120,1743,-1232,-3026,2386,1534
-50,1610,-1296,-2366,1824,1156
-24,1582,-1325,-2102,3874,715
-106,1558,-1309,-1590,3283,548
-207,1606,-1312,-1225,846,463
-259,1680,-1354,-857,-585,-180
-294,1634,-1348,-425,-174,7
-322,1588,-1363,71,-2665,95
-191,1597,-1385,76,-1185,-340
-39,1627,-1388,-170,1385,-79
-21,1640,-1354,-224,2625,330
-107,1641,-1352,-225,1680,202
-209,1635,-1320,-433,714,17
-252,1609,-1288,-231,-1662,39
-207,1623,-1308,-88,-2052,-47
-128,1643,-1336,-720,-453,10
-102,1636,-1309,-718,-287,199
-114,1657,-1319,-425,-713,-45
-154,1655,-1328,-393,199,-140
-213,1633,-1306,-173,-1766,128
-192,1622,-1316,29,-2180,11
-123,1645,-1309,-793,349,79
-132,1638,-1294,-229,205,-25
-169,1631,-1296,-264,-198,30
-177,1634,-1294,-43,-415,-124
-169,1641,-1300,9,275,-169
-177,1639,-1308,273,403,-44
-189,1644,-1302,209,876,-230
-182,1649,-1294,179,506,-281
-161,1657,-1286,39,1343,-192
-161,1658,-1271,7,1674,-111
-163,1662,-1263,-94,768,-142
-158,1683,-1285,-259,995,-114
-188,1670,-1310,-137,1749,67
-251,1656,-1311,-113,864,84
-266,1651,-1308,-31,-334,-74
-228,1662,-1316,-429,-20,-79
-190,1665,-1297,-342,726,65
-163,1671,-1288,-163,428,120
-149,1673,-1298,-159,889,79
-165,1660,-1297,42,433,132
-180,1658,-1297,-11,-12,102
-175,1666,-1294,39,103,31
-167,1676,-1290,-59,1,117
-166,1668,-1291,-67,381,223
-183,1658,-1287,82,50,121
-180,1660,-1285,294,-340,8
-157,1656,-1299,226,299,101
-155,1653,-1289,339,-74,139
-143,1661,-1283,377,-233,51
-124,1669,-1280,331,300,54
-132,1667,-1277,295,544,94
-158,1660,-1265,354,-45,34
-151,1675,-1281,217,-267,-116
-159,1677,-1295,183,33,-87
-203,1658,-1293,436,-633,-162
-211,1657,-1293,511,-1547,-305
-147,1674,-1309,382,-1078,-270
-112,1669,-1305,419,58,-109
-133,1658,-1305,297,-157,35
-152,1660,-1312,230,-196,-105
-171,1647,-1297,300,159,-136
-188,1645,-1295,315,-635,-13
-176,1645,-1321,287,100,-40
-178,1639,-1302,273,284,-60
-170,1647,-1296,200,-429,-110
-147,1661,-1305,279,429,-134
-161,1655,-1308,308,1280,-75
-193,1646,-1298,324,-25,-201
-174,1659,-1301,335,60,-319
-158,1664,-1310,180,1111,-65
-189,1656,-1290,182,702,87
-208,1664,-1284,4,-362,-128
-195,1669,-1301,190,-13,-178
-203,1655,-1309,207,340,-91
-213,1646,-1305,317,-503,-123
-180,1651,-1321,202,-230,-195
-154,1648,-1310,232,530,15
-160,1652,-1296,133,665,39
-172,1664,-1291,30,241,-101
-181,1660,-1293,94,251,-85
-193,1654,-1292,220,-238,-28
-192,1653,-1304,138,-78,-110
-182,1650,-1324,177,109,-161
-174,1645,-1317,259,250,-105
-167,1648,-1307,203,290,-93
-163,1658,-1302,160,367,-140
-170,1666,-1305,8,841,-103
-200,1659,-1296,33,486,-58
-212,1654,-1293,193,-347,-170
-189,1651,-1300,247,-129,-260
-165,1654,-1312,184,514,-147
-175,1653,-1313,179,912,-85
-195,1653,-1296,133,389,-159
-185,1656,-1294,226,124,-191
-177,1655,-1308,202,756,-78
-199,1653,-1299,204,414,-99
-204,1652,-1307,208,-97,-164
-184,1651,-1300,208,410,-158
-172,1656,-1304,156,403,-54
-179,1654,-1310,117,652,-40
-200,1653,-1296,164,324,-76
-190,1654,-1295,59,152,-89
-175,1653,-1311,147,799,-52
-186,1651,-1298,192,965,-42
-190,1654,-1291,53,311,-120
-176,1663,-1299,56,315,-52
-179,1661,-1297,43,1009,-14
-205,1655,-1283,160,-150,-57
-191,1661,-1289,79,-125,-130
-171,1662,-1303,113,474,-24
-181,1654,-1293,57,634,-44
-190,1652,-1289,155,-383,-118
-169,1661,-1307,228,216,-135
-175,1658,-1311,225,666,-64
-200,1648,-1308,318,-233,-144
-185,1653,-1314,248,-175,-190
-167,1654,-1314,101,534,14
-182,1651,-1303,225,419,84
-193,1654,-1286,193,-327,-165
-169,1654,-1295,213,212,-168
-167,1653,-1297,133,491,-71
-182,1651,-1302,240,147,-107
-184,1650,-1304,267,157,-203
-173,1651,-1300,173,219,-73
-168,1654,-1305,122,634,24
-181,1655,-1296,220,337,-141
-184,1657,-1303,141,215,-163
-180,1652,-1315,196,201,-52
-189,1648,-1319,251,536,-36
-198,1653,-1323,180,37,-94
-198,1646,-1331,228,465,-70
-202,1638,-1330,392,500,-81
-194,1640,-1308,457,116,-218
-167,1648,-1308,529,132,-154
-146,1637,-1311,696,905,-76
-158,1638,-1308,1024,773,-221
-168,1628,-1310,1908,1,-626
-144,1630,-1312,2613,761,-1080
-112,1624,-1291,3210,1472,-1547
-119,1609,-1246,3698,1468,-1958
-149,1632,-1202,4141,155,-2339
-141,1707,-1148,4669,-537,-2535
-110,1854,-1084,4665,-3005,-2794
-35,1987,-1038,4258,-4359,-2989
19,2113,-984,2793,-5737,-3097
90,2203,-942,1417,-6845,-3191
182,2280,-887,600,-7610,-3241
301,2360,-866,-600,-6525,-3571
396,2455,-835,-2737,-3788,-3955
426,2505,-759,-5474,-335,-3920
398,2544,-666,-8647,3000,-3244
365,2598,-543,-12428,5087,-2183
395,2593,-419,-17428,7850,-290
299,2518,-376,-25488,8299,1120
-16,2462,-427,-30837,8790,781
-306,2463,-709,-30477,4449,3115
-386,2592,-976,-29699,4712,8665
-231,2751,-1099,-28644,8282,13653
84,2941,-1230,-30214,15911,15650
332,3241,-1249,-32768,27756,15503
267,3646,-1131,-32768,32767,12221
-358,4041,-910,-32768,22683,4139
-1033,4160,-509,-32768,9261,74
-1226,3929,-78,-32768,154,729
-937,3755,2,-32768,-6665,2947
-486,3679,26,-32768,-5348,4731
-70,3510,-89,-32768,-79,4249
180,3217,-93,-32768,5835,3147
207,2916,109,-32768,5037,1767
238,2552,323,-32768,4879,618
218,2151,415,-32768,4038,1371
132,1782,376,-32768,4737,2146
-38,1418,328,-32768,4730,3266
-92,1102,409,-32768,3893,3362
-57,851,452,-32768,5651,3621
-77,535,416,-32768,3516,3058
-153,127,387,-32238,3941,2648
-176,-140,422,-30745,5779,306
-300,-280,340,-28242,385,764
-402,-496,322,-24250,876,2169
-470,-750,382,-20682,-2115,1012
-456,-1036,311,-15465,-6585,224
-344,-1243,222,-11770,-3944,-36
-205,-1374,298,-7193,-3269,-513
-111,-1518,248,-2862,-2416,-500
-51,-1592,274,1367,1684,-1013
-54,-1661,476,8305,53,-209
-31,-1651,454,10526,3106,-607
-71,-1604,403,14138,4425,-968
-156,-1517,517,17063,2214,-992
-236,-1383,693,19584,2456,-1755
-280,-1233,780,22978,563,-1673
-286,-1098,787,25812,-433,-2299
-277,-948,776,27333,262,-3296
-249,-708,879,29114,-912,-3153
-181,-466,976,31304,1543,-3787
-187,-354,881,32767,4049,-5372
-216,-136,857,32767,2373,-4788
-231,209,927,32767,580,-3279
-238,463,885,32767,3121,-3032
-190,630,886,32767,3179,-2235
-189,924,856,32767,-948,-1340
-178,1283,714,32767,2454,-1464
-87,1602,603,32767,4116,-874
-76,1909,610,32767,-1209,943
-176,2268,694,32767,4103,1322
-256,2408,476,32767,132,686
-214,2532,446,32767,1638,299
-84,2650,384,32767,-1560,1645
-269,2880,394,32767,2149,402
-414,2957,87,32767,16,210
-467,3068,-137,32767,-3652,134
-418,3269,-83,32767,-5956,-1439
-266,3270,-199,32767,-11123,-2505
-207,3347,-324,32767,-8881,-3126
-322,3432,-393,32767,-11907,-1676
-425,3260,-440,30564,-19252,82
-478,2828,-695,27944,-22541,528
-500,2497,-1028,24782,-14310,-1711
-458,2335,-1189,22107,-6026,-5566
-253,2261,-1126,21130,-497,-6524
-71,2220,-819,18318,1092,-2064
22,2320,-329,9809,7106,3857
131,2252,30,7429,4021,7392
-53,1931,-392,13294,-24336,5863
-171,1686,-930,8912,-15127,-622
-7,1903,-772,891,11857,-2601
202,2171,-900,2521,-1082,4943
137,2083,-810,2989,3435,5333
-247,2050,-1080,2781,-4645,2225
-376,2091,-1246,1277,-5910,-635
-101,2039,-1261,1844,-4089,1940
233,1937,-1189,-148,6661,3941
219,1857,-1264,-1053,6207,3854
103,1822,-1323,-1063,4436,2789
-78,1836,-1352,-117,4892,2180
-347,1831,-1339,542,1071,2491
-426,1870,-1366,590,-3682,2057
-246,2071,-1338,-83,-727,526
26,2474,-1234,-2592,3176,-256
199,2314,-1049,-1904,8104,-309
116,1951,-1190,-2550,4090,1521
144,1659,-1256,-1747,3142,1815
167,1580,-1292,-1470,4549,1258
28,1596,-1303,-1515,5335,248
-153,1597,-1322,-1868,2873,285
-295,1602,-1370,-1238,483,651
-410,1541,-1415,-521,-2130,573
-430,1488,-1409,84,-4114,282
-244,1537,-1394,34,-3533,-294
62,1600,-1370,82,1163,-356
204,1654,-1327,75,4589,-185
144,1681,-1300,506,4230,-540
-19,1679,-1299,464,3941,-583
-197,1627,-1294,766,1079,-446
-242,1598,-1332,555,-2241,-438
-161,1647,-1393,287,-1574,-383
-150,1630,-1435,310,-1049,-228
-220,1583,-1450,424,-2847,-184
-165,1584,-1496,581,-3733,-428
-48,1587,-1498,601,-644,-335
-38,1574,-1482,685,-336,69
-46,1580,-1453,774,-237,-206
-32,1603,-1439,650,1252,-244
-83,1591,-1395,600,2198,-74
-158,1572,-1355,682,195,-304
-146,1588,-1352,275,-72,-537
-101,1600,-1348,-146,1664,-202
-113,1592,-1338,-199,1067,-36
-111,1595,-1365,-62,939,-330
-97,1604,-1387,-86,2059,-296
-118,1593,-1394,37,1930,-44
-146,1589,-1395,21,1437,-135
-148,1606,-1384,51,503,-221
-126,1623,-1389,-77,860,28
-142,1614,-1386,-102,1041,125
-162,1604,-1367,-33,-551,2
-129,1610,-1383,-142,-530,-42
-101,1609,-1391,-253,528,116
-117,1599,-1367,-29,155,114
-119,1608,-1372,-83,-366,-195
-90,1618,-1401,-74,229,-144
-105,1603,-1391,70,641,-94
-134,1590,-1399,126,-197,-297
-116,1597,-1389,87,150,-358
-77,1603,-1380,18,461,-60
-81,1608,-1375,-16,1125,-22
-118,1601,-1371,45,597,-180
-122,1603,-1357,233,-533,-246
-89,1613,-1373,50,427,-30
-99,1610,-1363,81,769,9
-115,1609,-1372,71,-217,-156
-104,1612,-1380,42,756,-92
-116,1602,-1379,320,928,-15
-128,1601,-1377,230,-339,-74
-107,1608,-1373,119,738,-49
-111,1613,-1361,-9,869,56
-123,1616,-1348,-48,1,88
-123,1624,-1354,8,180,3
-123,1613,-1366,83,-6,18
-121,1606,-1359,117,-263,45
-105,1611,-1380,69,-11,-36
-99,1606,-1378,155,831,85
-111,1604,-1373,100,307,66
-107,1613,-1367,120,53,-33
-96,1623,-1364,43,91,-12
-105,1615,-1370,76,262,37
-130,1608,-1372,120,-213,-81
-125,1613,-1379,209,-399,-141
-103,1624,-1385,152,6,-68
-119,1616,-1390,367,129,-105
-147,1611,-1386,404,-861,-287
-122,1614,-1401,451,-1070,-267
-95,1612,-1396,427,200,-115
-113,1600,-1376,542,-364,-60
-109,1604,-1384,332,-678,-168
-96,1610,-1394,96,410,-140
-136,1600,-1383,104,271,-45
-154,1595,-1377,348,-1070,-87
-121,1602,-1377,134,-373,-165
-89,1604,-1378,248,68,2
-93,1605,-1370,80,506,-46
-104,1606,-1368,271,135,-165
-106,1610,-1377,86,552,-234
-116,1604,-1362,242,329,-57
-118,1604,-1359,89,537,-74
-117,1604,-1363,140,228,-110
-113,1606,-1367,153,503,-161
-115,1605,-1371,118,433,-83
-122,1605,-1366,164,431,-92
-124,1606,-1379,160,299,-132
-119,1611,-1371,81,420,-110
-123,1610,-1374,130,359,-80
-123,1609,-1374,84,91,-99
-111,1610,-1377,50,317,-59
-116,1611,-1369,21,727,-98
-137,1609,-1375,86,247,-185
-136,1605,-1388,118,330,-140
-135,1605,-1386,102,321,-115
-131,1610,-1375,187,54,-157
-120,1616,-1386,-22,527,-170
-125,1609,-1389,173,718,-98
-136,1602,-1390,229,239,-168
-133,1606,-1385,171,363,-218
-127,1609,-1380,226,456,-72
-131,1605,-1376,179,377,-86
-126,1608,-1366,98,134,-162
-110,1612,-1368,130,308,-94
-108,1611,-1372,111,420,-76
-116,1606,-1380,84,482,-69
-125,1599,-1378,104,640,-94
-124,1598,-1378,235,473,-112
-114,1608,-1373,-14,755,-46
-114,1612,-1364,108,837,-68
-115,1618,-1364,92,507,-126
-114,1617,-1364,74,415,-117
-125,1615,-1369,-53,554,-80
-132,1612,-1375,-5,284,-137
-130,1605,-1375,259,352,-107
-124,1604,-1381,152,478,-133
-112,1612,-1376,20,254,-117
-99,1616,-1369,-19,582,-44
-113,1613,-1368,140,683,-33
-129,1608,-1370,182,55,-158
-117,1609,-1374,66,32,-119
-107,1608,-1370,260,132,5
-99,1615,-1359,34,898,-80
-109,1611,-1357,169,127,-185
-97,1614,-1358,142,225,-90
-92,1615,-1375,6,853,-48
-115,1610,-1370,119,473,-73
-120,1608,-1371,96,300,-109
-117,1608,-1380,172,611,-100
-109,1607,-1392,180,682,11
-107,1611,-1405,109,1376,57
-141,1604,-1406,327,1229,11
-157,1608,-1403,630,-240,47
-123,1607,-1405,629,762,74
-92,1594,-1386,660,740,167
-46,1591,-1374,613,1107,104
-31,1588,-1331,769,2267,12
-36,1579,-1294,1444,1890,11
-11,1575,-1263,2191,1578,-144
-30,1604,-1262,2692,1952,-648
-217,1622,-1242,3005,-311,-1560
-394,1602,-1130,4351,-7061,-2197
-242,1644,-1157,4439,-11276,-2114
105,1796,-1132,3930,-9529,-1184
278,2038,-1074,2367,-8317,-830
275,2286,-965,257,-9757,-1552
256,2454,-853,-2256,-11580,-2384
262,2561,-771,-5015,-10130,-2979
284,2636,-692,-7241,-7274,-3331
359,2706,-644,-9072,-4189,-3328
480,2784,-649,-11521,1583,-2671
666,2796,-593,-13985,8163,-1105
715,2703,-475,-19986,15018,103
394,2570,-300,-27431,17137,-257
-10,2536,-249,-31240,12162,968
-168,2635,-608,-29818,3346,6641
-58,2866,-921,-29848,8338,11676
118,3041,-1080,-30264,16418,12711
300,3233,-1174,-32768,25229,12348
422,3527,-1093,-32768,29287,13657
211,3901,-903,-32768,23739,12417
-366,4236,-709,-32768,14685,6345
-729,4243,-340,-32768,8987,3616
-611,3881,-132,-32768,3385,2616
-315,3557,-50,-32768,2724,2354
-100,3354,-109,-32768,5409,1894
10,3153,-192,-32768,9225,-76
-33,2836,-38,-32768,5185,-1331
-70,2446,99,-32768,2795,-1970
-86,2090,232,-32768,3757,-1776
-83,1777,291,-32768,1103,-1150
-81,1504,338,-32768,1212,-51
-86,1266,374,-32768,1122,1456
27,1009,455,-32768,5764,1392
75,730,508,-32768,5647,386
47,402,503,-32768,3585,-302
-87,92,495,-30205,2027,-75
-230,-179,471,-27603,934,834
-269,-438,446,-24447,1766,1434
-322,-709,412,-20127,-1031,1805
-364,-1037,385,-15132,-1355,1608
-299,-1178,426,-10768,-945,-410
-290,-1281,318,-6065,-5417,-638
-195,-1442,261,-824,-1406,-860
-73,-1574,309,4315,1384,-1406
-31,-1633,346,9807,2587,-1480
-52,-1600,364,14217,4006,-1991
-130,-1532,328,18239,3587,-2420
-200,-1459,342,22896,2583,-2684
-282,-1294,427,26734,1318,-2952
-291,-1040,518,30340,-1093,-2032
-232,-752,569,32767,-1230,-1763
-158,-520,533,32767,2327,-3348
-56,-246,597,32767,3798,-3955
-27,92,643,32767,-49,-3950
-57,436,592,32767,4537,-3260
-110,775,661,32767,8882,-1018
-174,1150,731,32767,4121,627
-250,1580,620,32767,2722,895
-322,1927,620,32767,5758,2015
-395,2133,778,32767,1021,2777
-405,2277,743,32767,-3646,3616
-371,2560,826,32767,-2123,3488
-338,2790,587,32767,-5756,2569
-274,2892,433,32767,-3295,1612
-267,2982,394,32767,-3943,426
-248,3213,430,32767,-3274,-585
-213,3202,221,32767,-5303,-257
-310,3087,-69,32767,-3706,-1536
-460,3176,-197,32711,-5553,-3574
-571,3359,-239,31854,-14296,-4411
-516,3274,-253,28742,-21456,-4509
-386,2991,-307,25987,-23104,-3450
-427,2785,-523,22940,-22311,-2217
-513,2589,-813,20935,-19281,-2555
-387,2394,-1023,19062,-14636,-4701
-40,2207,-1081,19261,-9619,-5703
249,2114,-994,19157,-4167,-3590
333,2059,-818,16271,-2163,-22
295,1984,-559,12507,493,2953
319,1975,-149,5025,17504,4748
124,1846,-155,7729,5590,4291
-316,1666,-762,11841,-19132,1522
-522,1626,-849,4015,-4289,-321
-257,1961,-793,7041,-5526,3012
354,2413,-917,1904,4151,3677
484,2138,-908,5182,9005,3740
124,2197,-1130,736,8357,2971
-284,2076,-1163,2550,1407,898
-266,2021,-1127,1875,-2802,2108
-17,1991,-1093,791,5773,3679
67,2013,-1120,-27,5292,3818
145,2376,-1279,1243,2567,1647
204,3196,-1176,-4871,13507,-1001
-90,2756,-733,948,5339,101
-287,1980,-995,-176,-2877,1297
-54,1486,-1214,-477,-3082,1772
453,1605,-1227,-2076,-362,1409
596,1714,-1256,-3007,11467,747
227,1639,-1224,-2915,10400,1065
-198,1563,-1165,-1966,2730,760
-468,1586,-1205,-842,-5273,319
-514,1612,-1218,-200,-5820,254
-440,1611,-1303,-151,-9768,-288
-129,1602,-1365,-105,-6470,-985
301,1656,-1368,198,-133,-1125
494,1718,-1393,24,6506,-820
230,1675,-1365,527,7393,-399
-149,1639,-1363,258,3628,-373
-389,1650,-1362,250,-569,-566
-450,1661,-1406,333,-3402,-596
-415,1626,-1444,211,-4300,-258
-324,1585,-1468,307,-4738,-83
-173,1582,-1481,274,-3278,-128
-34,1595,-1428,179,-529,-76
36,1627,-1376,341,641,-66
29,1675,-1361,307,1344,-279
-33,1666,-1355,307,2375,-418
-135,1626,-1361,671,2036,-708
-194,1614,-1372,935,148,-932
-170,1622,-1367,706,916,-537
-164,1629,-1348,577,929,3
-177,1635,-1338,252,832,105
-197,1635,-1315,17,805,-115
-201,1632,-1293,116,-755,-224
-144,1641,-1295,-36,-190,-163
-92,1649,-1322,-382,833,1
-86,1643,-1312,-281,1463,117
-113,1645,-1321,-197,338,-44
-131,1647,-1341,-97,292,-110
-146,1645,-1332,-136,495,143
-161,1641,-1323,-231,-328,207
-162,1646,-1323,-369,-130,-15
-165,1650,-1328,-82,-421,-62
-172,1633,-1340,122,-213,-92
-157,1623,-1355,129,-234,-105
-121,1633,-1341,63,514,-63
-113,1649,-1309,30,659,1
-130,1667,-1317,-157,105,6
-154,1651,-1321,-12,672,-45
-186,1632,-1342,274,-14,-73
-181,1627,-1339,349,-301,-179
-139,1632,-1322,139,193,-104
-103,1648,-1303,-77,379,136
-88,1664,-1298,-100,372,187
-115,1655,-1310,-123,465,11
-166,1636,-1309,209,-300,-217
-165,1637,-1331,194,-635,-288
-121,1640,-1348,-49,242,-21
-113,1632,-1329,117,587,33
-120,1642,-1334,80,111,-115
-115,1645,-1334,160,951,-108
-136,1642,-1324,252,604,-73
-149,1640,-1330,237,351,-158
-148,1642,-1328,207,550,-144
-140,1645,-1314,272,324,-43
-127,1645,-1308,182,476,-59
-118,1650,-1313,-56,614,-65
-121,1648,-1309,116,928,-41
-137,1644,-1308,47,741,-109
-142,1641,-1315,282,588,-179
-135,1645,-1309,121,501,-147
-112,1650,-1318,55,758,-85
-118,1647,-1311,343,1459,-80
-135,1650,-1318,255,348,-163
-127,1657,-1318,128,579,-229
-127,1650,-1327,276,989,-70
-143,1647,-1327,141,405,-41
-138,1650,-1315,80,-3,-182
-114,1653,-1319,56,674,-65
-120,1650,-1338,157,606,54
-138,1646,-1332,188,-46,-56
-141,1648,-1321,9,-131,-129
-121,1650,-1319,49,-111,17
-107,1644,-1334,-1,572,34
-116,1639,-1320,125,128,-132
-107,1645,-1313,75,-41,-241
-84,1654,-1318,14,614,-44
-104,1650,-1313,-3,827,86
-139,1647,-1299,-25,-241,-147
-128,1659,-1303,-119,-267,-200
-109,1659,-1308,-149,619,67
-125,1646,-1305,16,-264,9
-125,1651,-1306,134,-462,-234
-104,1656,-1331,164,-242,-141
-103,1652,-1327,245,814,85
-139,1651,-1329,226,34,-31
-151,1647,-1319,295,-100,-197
-143,1649,-1323,135,83,-62
-138,1651,-1323,218,-53,12
-137,1647,-1318,264,380,-109
-137,1648,-1315,138,164,-45
-130,1650,-1311,155,117,-58
-133,1652,-1310,141,316,-48
-136,1654,-1305,200,-60,-71
-121,1654,-1305,246,203,-142
-109,1650,-1314,234,712,-60
-123,1650,-1316,156,700,-59
-133,1652,-1302,114,336,-97
-124,1655,-1307,119,274,-94
-132,1648,-1325,144,905,-8
-156,1646,-1320,253,199,-58
-139,1651,-1312,201,-105,-164
-116,1653,-1308,170,474,6
-116,1651,-1306,114,613,57
-120,1651,-1309,114,326,-92
-114,1656,-1298,265,372,-130
-116,1655,-1302,198,431,-50
-126,1646,-1305,245,370,-26
-123,1653,-1304,112,-20,-93
-105,1658,-1313,114,586,-22
-117,1652,-1308,106,322,71
-124,1647,-1323,176,279,-33
-128,1647,-1326,235,512,-71
-132,1653,-1323,217,307,6
-142,1653,-1319,150,360,-30
-138,1653,-1301,279,-469,-82
-106,1657,-1301,182,-74,-52
-101,1653,-1307,153,247,-80
-128,1651,-1313,177,75,-128
-147,1647,-1310,285,-692,-198
-123,1639,-1314,349,-663,-130
-94,1647,-1318,330,-236,-30
-93,1647,-1335,171,575,-1
-128,1644,-1333,318,-78,-150
-144,1645,-1341,298,-261,-208
-141,1644,-1349,441,-34,-110
-146,1642,-1341,337,-202,-84
-135,1644,-1329,225,-314,-151
-112,1652,-1321,-2,-166,-94
-102,1651,-1317,79,532,-50
-133,1643,-1315,115,337,-76
-143,1636,-1322,134,-217,-170
-124,1639,-1316,80,61,-106
-112,1645,-1306,135,631,-56
-121,1645,-1313,203,434,-131
-125,1645,-1321,207,631,-139
-129,1647,-1320,183,773,22
-149,1640,-1314,532,167,20
-152,1662,-1315,467,-145,121
-160,1656,-1327,731,137,193
-170,1616,-1322,1318,-590,296
-129,1617,-1316,402,2,436
-109,1585,-1302,873,2340,139
-79,1597,-1225,1476,1650,-182
-9,1635,-1206,2103,2160,-745
71,1631,-1208,3333,2057,-1096
133,1657,-1221,3457,3670,-1397
-31,1656,-1184,4016,2739,-1860
-361,1658,-1112,4799,-4265,-2897
-352,1709,-1128,5570,-11786,-3224
62,1920,-1192,4859,-9134,-2393
366,2190,-1127,3084,-3034,-2290
343,2263,-1054,2703,-3237,-2844
306,2326,-1024,1295,-4011,-3887
332,2400,-953,-2,-3335,-4042
316,2489,-827,-3153,-2559,-3468
320,2603,-701,-7459,-1419,-3075
403,2684,-586,-11176,2174,-2157
450,2679,-499,-16069,7844,-894
325,2559,-465,-21135,10725,-306
79,2485,-482,-27235,10043,-614
-165,2493,-597,-29278,5770,780
-223,2591,-826,-29042,3808,5615
-87,2791,-1008,-29271,9557,10965
48,2944,-1156,-30433,18733,12387
111,3140,-1259,-32768,24455,10944
196,3438,-1113,-32768,24043,11153
-28,3755,-847,-32768,20588,8632
-611,4039,-609,-32768,11147,2451
-917,4053,-361,-32768,3230,768
-695,3839,-149,-32768,-2549,1729
-189,3686,-65,-32768,-1447,2391
241,3532,-126,-32768,3730,2136
400,3380,-233,-32768,9232,828
280,3143,-135,-32768,8289,-382
81,2730,34,-32768,7634,-1023
-25,2276,191,-32768,4329,-505
-118,1868,263,-32768,-842,557
-131,1491,302,-32768,-701,1433
-46,1147,340,-32768,252,2123
65,910,369,-32768,3569,2196
77,635,343,-32768,6403,1859
-12,295,315,-32768,5902,698
-166,6,315,-30376,3439,530
-324,-252,290,-26173,-1697,2070
-316,-561,312,-21063,-899,2104
-290,-866,228,-16319,-107,1397
-318,-1143,70,-11168,-884,727
-282,-1400,65,-4872,24,-209
-202,-1538,138,2356,-1907,-724
-111,-1570,81,8277,-1219,-698
-28,-1556,67,13685,3586,-748
-37,-1480,148,18734,5898,-628
-99,-1314,262,23396,4281,-778
-170,-1136,352,27712,3669,-1469
-295,-922,425,30541,1534,-2173
-366,-679,542,32767,1193,-2275
-349,-473,686,32767,1379,-2651
-327,-309,694,32767,1192,-4169
-255,-24,746,32767,2367,-3836
-200,422,734,32767,703,-3496
-265,850,540,32767,5171,-4241
-271,1218,717,32767,8453,-1787
-303,1619,731,32767,-4687,1923
-332,1947,566,32767,2208,2937
-361,2157,661,32767,5479,3397
-197,2356,721,32767,-8076,3992
20,2640,649,32767,-5481,4164
31,2809,408,32767,3927,2680
-211,2872,126,32767,2652,2287
-335,3110,237,32767,-661,1339
-185,3187,171,32767,-7602,1228
-95,3379,92,32767,-917,494
-216,3522,-68,32767,-1505,-465
-438,3376,-294,32767,-10724,-1276
-571,3177,-504,28857,-13754,-1723
-701,3073,-538,25343,-14389,-1689
-826,2901,-514,23820,-16952,-2027
-845,2670,-501,22689,-19864,-3528
-695,2539,-680,19894,-21631,-4796
-407,2462,-879,18634,-21184,-4059
12,2319,-936,18315,-16048,-2221
361,2108,-871,17154,-5465,-531
455,1910,-838,13738,2721,6
397,1735,-802,10419,8375,-597
276,1615,-731,9172,9344,-58
267,1743,-540,4260,15007,2807
393,1773,-280,4161,17650,6258
143,1578,-857,10953,-6108,6392
-195,1575,-1285,4153,9972,-182
-629,1782,-1113,3449,7774,-794
-836,2085,-1199,2738,-8229,3061
-784,1987,-1268,5620,-12853,3276
-508,1950,-1426,4079,-15460,695
-103,2150,-1434,1882,-7268,285
245,2166,-1376,964,4363,3314
96,2142,-1401,-401,-1944,3478
260,2001,-1426,103,325,3004
418,1956,-1379,-1481,4685,5689
177,1882,-1368,-1847,3136,5334
-84,1878,-1290,-1803,-407,3135
-149,2109,-1192,-1793,-3178,2505
12,2571,-959,-3813,3633,18
-27,2347,-897,-3997,2844,-1327
42,1836,-1133,-1978,-2712,17
391,1574,-1245,-931,2379,1578
454,1605,-1353,-1152,9336,372
124,1580,-1375,-129,8376,-686
-247,1585,-1351,-381,2968,-685
-397,1619,-1262,-677,-1261,-336
-346,1634,-1174,-868,-3217,292
-269,1667,-1192,-1201,-3222,762
-245,1631,-1249,-895,-3434,97
-123,1572,-1339,-500,-3381,-529
116,1588,-1375,-471,1255,-321
226,1651,-1361,-572,4611,201
55,1683,-1314,-574,5211,266
-190,1669,-1281,-211,1386,-13
-276,1665,-1312,356,-1880,-445
-232,1639,-1378,463,-984,-408
-178,1607,-1406,440,-790,77
-145,1632,-1415,340,-1248,121
-125,1636,-1394,120,-730,289
-146,1639,-1373,-14,-1228,482
-171,1645,-1353,-13,-2247,119
-147,1654,-1349,-200,-2448,-54
-104,1645,-1353,9,-1662,-11
-88,1622,-1360,156,-461,56
-96,1614,-1366,64,-921,-4
-86,1605,-1372,417,-206,-81
-105,1606,-1362,219,371,-16
-131,1604,-1353,165,365,-7
-134,1612,-1323,-39,162,-87
-120,1635,-1312,21,-25,-38
-122,1651,-1342,-148,834,-11
-162,1640,-1332,-135,386,-12
-163,1633,-1325,-173,-725,-121
-121,1646,-1348,-129,-176,-46
-121,1640,-1346,-35,878,69
-153,1630,-1353,60,502,20
-168,1634,-1337,61,479,-152
-157,1637,-1306,-17,-9,-77
-125,1648,-1311,-80,531,135
-130,1650,-1323,-233,1517,147
-167,1635,-1307,-43,461,19
-160,1635,-1309,-23,-349,-144
-111,1649,-1311,-255,836,96
-102,1653,-1307,-148,1123,255
-122,1650,-1303,-100,720,18
-121,1652,-1298,24,191,-121
-112,1671,-1305,-102,649,-82
-140,1663,-1313,-92,677,-29
-174,1651,-1312,-16,-300,-153
-157,1657,-1318,-67,-826,-197
-128,1660,-1321,-119,-154,34
-151,1654,-1317,-104,-108,9
-174,1654,-1310,44,-1449,-265
-137,1652,-1332,115,-1008,-173
-111,1637,-1329,99,137,143
-115,1629,-1321,270,-180,4
-103,1641,-1333,150,431,-155
-114,1640,-1319,243,1034,-11
-135,1641,-1305,344,218,-18
-131,1644,-1310,286,703,-114
-137,1648,-1310,121,950,-81
-145,1648,-1309,106,220,-78
-130,1650,-1300,134,990,-142
-124,1655,-1310,108,892,-23
-124,1658,-1307,17,716,97
-137,1653,-1296,55,819,-10
-141,1662,-1286,39,225,-71
-122,1669,-1294,-239,841,82
-136,1668,-1289,-267,596,119
-151,1666,-1286,-242,93,-39
-148,1664,-1291,-135,-276,8
-137,1657,-1308,2,202,39
-141,1647,-1318,198,-216,5
-121,1656,-1303,182,-193,-105
-94,1667,-1302,79,506,-35
-107,1668,-1298,-18,901,113
-145,1663,-1291,85,126,-102
-156,1662,-1307,211,-636,-239
-147,1659,-1305,251,-519,-175
-134,1650,-1304,108,-270,-33
-109,1658,-1295,-17,-203,-66
-84,1666,-1296,67,593,-86
-105,1655,-1294,180,508,-44
-131,1650,-1300,243,112,-148
-135,1661,-1312,117,131,-194
-137,1661,-1297,188,222,-197
-135,1656,-1296,287,-205,-169
-126,1662,-1307,216,139,-216
-134,1659,-1312,303,149,-212
-142,1648,-1311,341,-180,-177
-131,1651,-1304,289,-113,-139
-114,1659,-1308,287,513,-126
-129,1652,-1309,255,802,-32
-157,1652,-1300,213,225,-124
-152,1651,-1296,309,-55,-210
-129,1650,-1307,344,617,-232
-122,1646,-1304,520,888,-262
-117,1647,-1301,405,617,-306
-101,1660,-1290,310,1039,-201
-107,1672,-1283,189,1120,-134
-139,1665,-1295,173,772,-216
-170,1657,-1312,208,244,-275
-174,1650,-1312,368,-228,-260
-147,1652,-1319,364,-40,-239
-122,1655,-1336,363,647,-121
-131,1650,-1329,385,560,-103
-144,1649,-1325,351,288,-207
-142,1655,-1321,302,334,-200
-143,1652,-1326,290,569,-58
-159,1644,-1321,239,518,-160
-157,1643,-1323,302,-256,-199
-133,1647,-1314,176,284,-91
-128,1651,-1304,195,115,-45
-132,1658,-1315,168,97,-197
-134,1651,-1319,237,382,-183
-134,1644,-1329,101,338,-108
-140,1648,-1317,132,485,-114
-146,1656,-1318,155,278,-108
-151,1655,-1312,210,138,-103
-141,1656,-1318,59,-15,-68
-140,1653,-1332,232,292,-36
-164,1645,-1314,188,-36,-124
-160,1646,-1319,187,-574,-180
-141,1648,-1319,34,-197,-88
-128,1640,-1309,67,168,-20
-127,1647,-1313,-14,-72,-85
-124,1647,-1320,163,268,-87
-128,1645,-1312,174,214,-104
-132,1650,-1318,212,189,-92
-141,1654,-1331,39,496,-105
-156,1648,-1323,66,529,-155
-161,1649,-1324,43,-191,-209
-139,1645,-1333,258,132,-165
-135,1640,-1329,190,860,-100
-152,1643,-1318,119,318,-145
-153,1650,-1319,149,516,-195
-153,1648,-1334,371,501,-102
-165,1644,-1326,235,610,-117
-170,1640,-1340,527,250,-220
-150,1639,-1347,893,217,-228
-120,1623,-1363,876,1065,-19
-121,1613,-1372,875,1774,15
-148,1597,-1343,1582,1615,-274
-137,1609,-1311,2211,1493,-478
-56,1621,-1302,2924,1447,-684
63,1606,-1301,3592,3337,-1028
44,1637,-1279,3286,6219,-1534
-159,1624,-1171,4477,2223,-2076
-254,1599,-1180,5259,-3087,-2656
-134,1645,-1175,5658,-3950,-2620
36,1766,-1200,5443,-3366,-2345
73,1927,-1124,4249,-3423,-2642
62,2030,-981,3137,-6161,-2550
162,2153,-913,1594,-7634,-2623
301,2278,-850,-250,-7606,-2727
401,2384,-782,-1995,-6936,-3155
499,2494,-747,-3728,-2021,-3686
526,2613,-722,-5798,2878,-3530
543,2772,-669,-9117,5614,-2343
602,2847,-526,-13012,7984,212
620,2761,-508,-18512,9883,2796
239,2618,-498,-27822,17598,200
-374,2603,-470,-32768,16720,-2535
-702,2665,-708,-31273,1681,2405
-564,2886,-988,-31243,1303,8803
-232,3008,-1122,-31657,6478,11844
121,3174,-1246,-32768,14544,12491
405,3456,-1203,-32768,21118,13898
363,3819,-1007,-32768,20741,13710
-79,4135,-793,-32768,12916,8380
-416,4156,-521,-32768,5050,4843
-286,3912,-256,-32768,3871,3580
103,3688,-156,-32768,5417,3573
430,3541,-202,-32768,11207,2272
395,3380,-358,-32768,14205,729
-47,3093,-285,-32768,13067,-519
-358,2624,-112,-32768,6025,-2320
-424,2120,198,-32768,887,-2594
-366,1727,337,-32768,-4870,-1604
-209,1452,278,-32768,-4585,-415
-68,1272,256,-32768,877,1226
133,992,424,-32768,7591,367
214,641,443,-32768,6803,-910
135,203,438,-32475,8572,-1507
-10,-203,532,-28194,4176,-1586
-119,-373,563,-25643,609,-1114
-191,-490,561,-22280,332,1056
-165,-628,598,-18514,3363,929
-207,-848,411,-15822,-1931,452
-244,-1114,343,-11541,-312,178
-216,-1291,385,-6210,-765,-899
-208,-1447,321,-522,-1890,-1584
-191,-1535,265,4805,14,-2261
-85,-1532,198,10020,2049,-3031
-21,-1476,204,14788,2042,-2882
-16,-1385,257,19216,3934,-2459
-86,-1214,383,23481,4431,-1584
-179,-1014,507,27877,1896,-948
-232,-870,493,31439,2103,-1998
-255,-695,495,32767,2194,-2304
-219,-410,637,32767,-1187,-1708
-214,-117,677,32767,199,-2608
-200,98,628,32767,3536,-2838
-140,444,656,32767,-899,-1188
-49,962,571,32767,-1923,293
-28,1462,371,32767,6812,-612
-87,1832,414,32767,8148,263
-74,2193,757,32767,6092,1765
-177,2466,531,32767,813,2107
-390,2581,413,32767,5662,2880
-486,2737,521,32767,2636,2750
-361,2871,453,32767,-4853,3384
-284,3020,365,32767,-3685,2394
-362,3159,-47,32767,-2687,1184
-535,3321,-336,32767,-5413,441
-637,3488,-283,32767,-10100,-761
-500,3576,-191,32767,-21773,-3717
-221,3621,-361,32767,-27383,-3506
-13,3353,-546,29655,-20649,-1995
-125,2871,-758,28646,-13884,-2589
-363,2632,-1047,25420,-6166,-4888
-389,2669,-1169,24828,-3843,-7202
-115,2653,-1011,24552,-4426,-4623
91,2419,-776,22974,-6871,1700
173,2169,-595,20245,-4241,6077
220,2115,-451,13593,8180,5496
322,2173,-134,2855,23946,2288
152,1928,-243,5711,2547,1338
-163,1684,-749,5408,-6338,-1954
-521,1796,-768,-581,8874,-2149
-675,1938,-819,3666,-13648,4112
-253,1848,-1008,2821,-9650,6308
103,1900,-1256,2383,-6799,3808
394,2042,-1378,1199,3335,1283
260,2103,-1438,557,5563,1398
-4,2049,-1359,271,5966,1821
-216,2016,-1299,194,-2,2322
-234,2030,-1350,360,-5457,1749
-71,2035,-1389,-250,-2461,1943
-29,1997,-1334,-1248,-1751,3112
-36,1920,-1291,-2622,-2683,2654
3,1844,-1223,-4012,-1208,1985
42,1753,-1175,-4727,-1848,2772
81,1729,-1197,-4631,-2512,3273
157,1986,-1207,-4995,966,2298
216,2142,-1163,-4144,3844,-274
129,1978,-1218,-3385,2720,-455
23,1697,-1360,-2197,848,544
-7,1567,-1409,-1098,1193,823
-42,1599,-1397,-666,885,-437
-89,1609,-1413,-405,2366,-913
-154,1600,-1391,-44,1502,-339
-165,1602,-1381,-17,1248,-148
-177,1611,-1320,227,794,-26
-208,1628,-1295,-66,-210,80
-220,1632,-1283,28,-1399,-343
-121,1644,-1263,139,-935,-715
38,1688,-1253,392,-137,-678
130,1717,-1288,421,3023,-360
4,1655,-1296,1000,4371,-132
-194,1617,-1319,1221,671,-577
-229,1623,-1364,1031,318,-848
-199,1625,-1341,1202,947,-207
-172,1640,-1354,1011,-187,9
-148,1632,-1380,609,1432,-37
-188,1619,-1363,762,1285,87
-175,1617,-1329,792,-206,-22
-99,1642,-1339,428,1301,1
-87,1655,-1307,324,2057,45
-94,1646,-1265,596,519,-191
-56,1672,-1303,-87,592,-357
-52,1657,-1304,212,1321,-191
-102,1631,-1312,429,321,-148
-126,1625,-1357,359,24,-378
-108,1615,-1359,295,963,-239
-97,1614,-1343,479,-119,-82
-72,1637,-1344,359,-151,-215
-67,1633,-1374,361,1002,-215
-113,1613,-1375,439,856,-174
-129,1609,-1369,365,-650,-318
-81,1627,-1351,42,17,-313
-58,1637,-1337,19,755,112
-97,1634,-1336,-1,649,18
-130,1628,-1343,-40,-245,-345
-113,1616,-1361,15,170,-258
-109,1612,-1357,119,614,-81
-106,1619,-1354,239,-364,-218
-76,1635,-1348,43,237,-163
-70,1636,-1349,-85,1036,110
-111,1625,-1352,28,710,52
-142,1618,-1341,56,-421,-155
-122,1626,-1348,-62,-571,-38
-101,1632,-1355,-87,244,102
-114,1630,-1357,-85,-177,35
-117,1633,-1356,-113,-475,-218
-115,1634,-1361,134,-426,-220
-117,1627,-1370,239,-491,-145
-114,1627,-1375,248,-310,-225
-110,1623,-1372,414,-449,-273
-94,1622,-1367,272,-1,-196
-90,1628,-1367,213,338,-47
-122,1628,-1347,145,298,-103
-151,1626,-1341,77,-579,-191
-147,1626,-1350,189,-787,-219
-134,1626,-1365,360,-213,-206
-144,1611,-1364,525,-531,-249
-118,1608,-1369,525,-607,-257
-66,1623,-1373,298,846,-74
-79,1622,-1358,289,1588,87
-126,1617,-1340,428,587,-124
-142,1619,-1364,259,143,-259
-135,1612,-1359,405,1022,-105
-136,1609,-1359,437,1202,-82
-124,1612,-1357,396,1085,-155
-98,1624,-1330,104,1105,-106
-74,1633,-1312,-105,988,56
-76,1647,-1297,-389,1105,120
-96,1651,-1293,-711,1044,178
-125,1635,-1305,-569,877,205
-143,1620,-1346,-188,662,-7
-133,1609,-1373,127,-167,-106
-95,1617,-1385,96,580,12
-76,1632,-1376,60,958,1
-80,1645,-1355,8,840,-146
-100,1648,-1357,-243,424,-173
-121,1632,-1349,-42,332,-51
-130,1623,-1354,136,-140,-89
-117,1625,-1366,16,-59,-140
-95,1626,-1366,10,245,-30
-95,1631,-1357,76,324,38
-102,1631,-1351,207,394,-82
-103,1634,-1333,184,-63,-162
-86,1639,-1332,129,371,-121
-86,1640,-1326,-63,753,-70
-91,1636,-1317,90,295,-73
-99,1637,-1326,127,252,-73
-114,1628,-1335,119,233,-13
-118,1623,-1342,143,60,-122
-101,1630,-1342,19,184,-126
-82,1637,-1334,136,340,-27
-84,1640,-1346,66,475,-24
-99,1637,-1353,21,460,-112
-111,1636,-1351,152,250,-110
-108,1636,-1352,167,92,-106
-104,1632,-1345,170,193,-52
-96,1635,-1334,191,372,-61
-90,1640,-1339,-35,199,-39
-95,1635,-1345,-36,514,-52
-104,1633,-1337,114,341,-130
-100,1630,-1348,264,246,-96
-95,1631,-1347,187,686,-45
-91,1636,-1340,181,153,-93
-86,1639,-1334,195,588,-53
-94,1639,-1325,78,638,-15
-100,1638,-1324,144,252,-66
-100,1640,-1335,139,318,-74
-102,1638,-1329,154,305,-57
-93,1639,-1332,139,29,-76
-85,1642,-1331,111,321,-49
-89,1636,-1337,100,362,-55
-92,1635,-1341,140,138,-3
-88,1636,-1326,45,625,-83
-87,1641,-1326,89,155,-10
-92,1642,-1337,161,109,-6
-104,1633,-1346,348,212,-29
-104,1634,-1338,233,-70,-116
-81,1642,-1336,134,232,-89
-79,1641,-1345,142,758,-25
-99,1633,-1345,170,427,-40
-104,1639,-1339,252,-99,-232
-94,1643,-1339,287,-50,-128
-99,1645,-1353,158,305,-1
-123,1636,-1358,207,-138,-163
-120,1632,-1348,237,-984,-202
-84,1638,-1346,334,-316,-146
-76,1639,-1350,374,608,-27
-93,1630,-1345,361,147,-128
-85,1635,-1351,341,-352,-288
-66,1633,-1365,241,357,-103
-88,1626,-1357,355,617,-17
-117,1624,-1338,321,-69,-255
-107,1632,-1331,220,-220,-298
-85,1639,-1328,107,194,-92
-89,1635,-1334,43,462,12
-102,1629,-1325,48,116,-167
-85,1626,-1330,170,286,-155
-78,1627,-1346,178,829,-56
-101,1627,-1347,153,611,-132
-115,1628,-1330,219,138,-183
-95,1638,-1333,135,391,-90
-90,1635,-1340,137,979,-13
-109,1629,-1331,124,288,-142
-89,1629,-1335,239,-109,-247
-58,1631,-1344,257,1161,-100
-74,1629,-1354,288,1224,7
-108,1625,-1348,247,810,-182
-117,1627,-1338,278,-117,-265
-86,1636,-1352,269,609,-109
-89,1629,-1369,355,1430,-43
-123,1612,-1372,632,475,-253
-108,1617,-1374,778,188,-385
-71,1613,-1378,819,834,-248
-56,1596,-1364,1174,1798,-228
-58,1593,-1338,1445,1156,-461
-10,1593,-1316,1821,1295,-696
46,1590,-1298,2353,2727,-619
57,1584,-1294,3112,2807,-759
-25,1614,-1266,2987,3075,-1603
-215,1642,-1148,3364,-117,-2105
-306,1664,-1102,3538,-5654,-2118
-191,1715,-1098,3227,-8307,-1721
5,1819,-1081,2160,-7664,-1363
117,1988,-1029,1249,-7856,-1248
190,2120,-1000,429,-7775,-1542
221,2216,-954,-501,-7340,-1961
242,2332,-893,-2162,-7406,-2315
253,2426,-828,-4023,-5832,-2563
251,2492,-767,-5062,-3455,-2965
278,2610,-702,-6775,-353,-2693
375,2722,-576,-9836,3560,-1475
504,2776,-447,-14485,6631,-181
454,2715,-387,-22475,9408,-310
147,2634,-306,-29286,11944,-1099
-202,2626,-435,-30322,6295,1757
-309,2747,-742,-29453,2405,7721
-170,2970,-923,-30349,6474,11875
113,3166,-1075,-32276,13275,13058
436,3400,-1165,-32768,22814,13380
510,3728,-1059,-32768,28478,12668
-51,4152,-866,-32768,19175,6815
-661,4418,-545,-32768,6745,4667
-710,4238,-236,-32768,1657,5390
-418,3929,-131,-32768,284,5384
9,3681,-117,-32768,2988,5460
337,3416,-133,-32768,7690,3684
309,3159,-274,-32768,11751,1687
178,2827,-115,-32768,11420,81
44,2447,48,-32768,6451,-919
-70,1993,141,-32768,6654,-745
-216,1637,135,-32768,4352,-279
-307,1382,148,-32768,820,2150
-210,1119,276,-32768,4229,3796
-143,785,328,-32768,3518,3130
-214,317,311,-32768,1796,2762
-268,-35,387,-30900,2228,2399
-299,-224,333,-27408,853,1756
-303,-388,242,-24256,1030,796
-387,-610,204,-19710,-2264,1241
-378,-980,199,-13498,-2250,759
-303,-1272,174,-7356,-1487,-190
-277,-1494,112,-1316,-2898,-883
-254,-1623,70,3564,944,-1762
-207,-1614,164,9521,1886,-1746
-164,-1517,235,13980,-377,-1730
-113,-1378,278,17964,892,-1910
-92,-1200,402,20829,2480,-1658
-118,-1048,588,24684,2100,-1338
-167,-900,673,26963,2593,-1829
-181,-738,730,29475,3421,-2119
-188,-562,837,31895,1111,-2840
-210,-359,954,32767,73,-3253
-230,-113,1016,32767,1341,-3202
-176,149,1029,32767,2226,-2708
-122,437,1001,32767,1826,-2285
-60,782,963,32767,4003,-2184
-41,1154,855,32767,6201,-2500
-190,1500,834,32767,9534,-1379
-366,1681,956,32767,3183,1423
-526,1870,993,32767,-1078,3611
-501,2023,869,32767,-2304,4332
-483,2121,667,32767,-3213,4043
-453,2302,722,32767,-1274,2383
-200,2426,637,32767,-9630,439
-5,2625,482,32767,-7352,-428
-87,2859,213,32767,3083,-434
-408,2993,-133,32569,2589,212
-585,3111,-145,32767,-5304,-554
-486,3277,36,32767,-11185,-2514
-252,3337,21,32767,-16914,-3632
-163,3166,-297,28667,-17667,-2867
-225,2864,-544,26537,-14657,-2248
-466,2736,-651,24044,-12908,-1530
-718,2669,-698,21422,-18304,-1734
-621,2494,-770,19337,-21246,-3994
-269,2375,-854,17455,-17270,-4837
-19,2255,-857,18343,-16523,-3071
154,2026,-838,19501,-11536,-634
295,1834,-919,17550,-2935,399
359,1725,-952,13887,6316,851
338,1696,-721,9200,11291,1599
501,1898,-218,-363,25237,3708
541,1800,-85,7306,16177,4125
-84,1693,-1013,10354,-8268,396
-1030,1798,-1098,-307,12192,-3367
-1376,1963,-895,10636,-23667,2847
-466,2494,-1128,3282,-15823,4865
135,2191,-1180,2821,408,2638
76,2205,-1168,661,-1623,663
367,2276,-1190,993,-3445,3697
533,2243,-1251,-545,9237,5504
24,2255,-1245,-483,2624,3599
-374,2140,-1349,70,-6518,2588
-329,2117,-1245,-1468,-3458,2312
-244,2096,-1130,-2003,-4646,2465
-134,2044,-1152,-2243,-5696,1957
62,1948,-1126,-1818,-2543,1676
259,1908,-1112,-1877,1601,1417
358,1817,-1088,-1512,6178,416
276,1713,-1117,-1165,7534,-17
127,1634,-1150,-419,6364,-177
-1,1590,-1163,340,6074,-399
-101,1629,-1202,692,5456,-896
-178,1651,-1221,738,4848,-1082
-209,1629,-1236,641,3470,-863
-163,1650,-1289,238,3216,-720
-142,1670,-1308,-375,4284,-486
-215,1688,-1325,-470,1926,-423
-288,1702,-1373,-42,-134,-1004
-287,1667,-1428,-130,-1096,-636
-237,1637,-1477,314,-1381,24
-187,1629,-1512,492,581,-142
-200,1593,-1478,869,-343,-147
-187,1611,-1440,834,-905,-275
-156,1645,-1402,557,-366,-439
-169,1640,-1371,132,-111,-54
-206,1613,-1341,8,-576,-103
-191,1594,-1344,304,-1106,-266
-148,1591,-1376,220,1067,-327
-145,1587,-1370,554,443,-246
-120,1606,-1375,525,893,-358
-101,1619,-1387,453,2573,-240
-130,1607,-1373,613,2537,-180
-136,1599,-1370,721,1476,-259
-88,1611,-1372,613,2825,-78
-74,1633,-1344,236,3876,110
-129,1640,-1317,-40,2936,94
-186,1647,-1308,-310,1106,-71
-203,1650,-1333,-606,1887,-40
-254,1628,-1309,-249,-259,-160
-212,1622,-1329,67,-2340,-369
-103,1630,-1351,-153,476,-242
-48,1628,-1338,-110,1385,-63
-46,1640,-1328,-107,1118,-55
-74,1650,-1329,-54,1298,-89
-139,1640,-1313,116,655,-43
-182,1629,-1332,67,-721,-143
-172,1626,-1350,113,-581,-278
-135,1616,-1359,190,-293,-121
-113,1613,-1364,260,-146,-32
-95,1618,-1378,232,254,-130
-95,1620,-1367,58,814,-100
-116,1620,-1354,150,665,-95
-129,1627,-1340,101,-34,-242
-113,1636,-1342,-5,-6,-212
-106,1630,-1358,48,680,-25
-130,1613,-1362,313,678,-91
-138,1612,-1371,309,-232,-259
-109,1625,-1380,280,600,-76
-120,1625,-1364,202,1015,115
-146,1625,-1358,217,18,-82
-133,1629,-1370,199,152,-185
-123,1622,-1372,371,913,54
-136,1616,-1364,483,226,-7
-117,1623,-1347,388,-178,-131
-83,1635,-1347,127,510,66
-94,1634,-1343,14,1081,213
-130,1622,-1326,181,155,-11
-126,1624,-1347,69,-345,-169
-105,1623,-1355,29,1095,-27
-120,1620,-1347,30,517,73
-112,1627,-1340,137,-102,-124
-93,1636,-1338,43,571,-23
-104,1636,-1334,15,450,98
-119,1634,-1331,93,-123,-106
-127,1632,-1339,-31,138,-230
-138,1632,-1349,16,-532,-174
-143,1631,-1350,199,-506,-165
-140,1636,-1362,276,-1577,-227
-117,1631,-1365,358,-734,-189
-115,1625,-1378,249,-283,-43
-111,1616,-1375,379,-385,-45
-96,1615,-1374,286,235,-111
-109,1614,-1362,393,-46,-70
-123,1612,-1361,438,293,-77
-126,1618,-1342,290,-19,-63
-107,1626,-1342,310,173,-73
-113,1624,-1348,278,937,-105
-135,1615,-1348,410,56,-137
-117,1617,-1345,254,405,-169
-95,1621,-1339,197,861,-15
-107,1626,-1345,159,1159,-62
-139,1623,-1341,219,428,-60
-140,1623,-1341,258,-73,-84
-122,1629,-1352,193,-45,-5
-120,1624,-1358,192,321,-19
-134,1617,-1358,300,11,-162
-126,1617,-1367,333,-345,-170
-104,1624,-1370,336,273,-111
-112,1624,-1367,314,408,-60
-136,1620,-1363,222,-177,-152
-139,1619,-1356,220,-119,-247
-123,1618,-1357,216,-262,-152
-117,1618,-1370,134,13,-143
-139,1617,-1370,175,-40,-181
-143,1614,-1371,34,-358,-155
-132,1617,-1370,17,-306,-72
-120,1617,-1375,42,-49,-28
-129,1612,-1381,146,-103,-87
-142,1608,-1397,121,179,-190
-150,1603,-1388,279,-34,-249
-141,1608,-1381,245,-52,-255
-123,1618,-1373,189,46,-55
-122,1624,-1357,82,708,-38
-136,1626,-1364,-12,193,-183
-147,1615,-1364,243,138,-227
-152,1607,-1377,192,571,-219
-144,1607,-1362,254,345,-236
-126,1617,-1379,155,853,-141
-135,1617,-1377,200,949,-18
-150,1611,-1355,290,1105,-96
-149,1613,-1344,248,555,-161
-121,1624,-1352,185,551,-153
-114,1627,-1349,18,1356,-18
-139,1621,-1332,-24,1008,-27
-148,1627,-1331,-70,486,-147
-136,1625,-1349,4,440,-96
-137,1621,-1340,42,571,-23
-135,1625,-1339,71,32,-97
-121,1631,-1336,0,290,-198
-116,1626,-1352,-81,752,-90
-136,1617,-1359,35,285,-66
-139,1614,-1356,173,521,-194
-131,1619,-1366,162,425,-145
-130,1622,-1368,179,655,-62
-142,1624,-1357,122,373,-23
-137,1626,-1353,124,-59,-95
-127,1626,-1362,97,567,-83
-139,1617,-1358,194,498,-68
-137,1615,-1356,131,-179,-136
-109,1621,-1356,96,376,-138
-103,1621,-1351,95,923,-22
-121,1623,-1343,84,516,22
-125,1623,-1348,-31,428,-104
-123,1618,-1357,3,578,-80
-123,1615,-1358,174,456,-27
-124,1613,-1367,24,843,-121
-128,1615,-1361,83,628,-92
-119,1625,-1358,63,612,32
-115,1629,-1353,-58,961,-11
-128,1623,-1356,140,725,-5
-132,1625,-1356,-1,1039,-61
-129,1624,-1348,172,555,-18
-114,1624,-1374,140,1013,-18
-121,1620,-1367,201,1392,32
-131,1616,-1360,476,568,5
-126,1623,-1363,364,1325,-16
-133,1620,-1351,696,778,151
-126,1617,-1344,889,-59,154
-95,1612,-1346,954,162,-279
-39,1595,-1339,1683,904,-244
20,1592,-1331,2667,-7,-246
140,1572,-1312,3385,2230,-488
132,1582,-1292,3813,3764,-873
-61,1575,-1236,4739,2345,-1374
-259,1543,-1180,5590,-3092,-1986
-245,1588,-1176,5868,-6566,-2273
-122,1700,-1143,5454,-6809,-1837
15,1845,-1151,5506,-10775,-1551
222,2105,-1129,3211,-7398,-1796
327,2252,-1021,2202,-6919,-1909
330,2352,-965,213,-6914,-2202
290,2423,-935,-1591,-6900,-2820
264,2532,-915,-4279,-5772,-3142
261,2650,-901,-7433,-2525,-2793
244,2731,-850,-9876,2101,-2434
286,2788,-717,-13115,5749,-1503
388,2712,-567,-18116,9642,236
292,2599,-446,-26686,11516,707
-24,2576,-438,-32289,10925,-133
-305,2619,-706,-31294,4596,2487
-333,2768,-953,-31329,5693,8237
-191,2871,-1049,-31781,11294,11942
74,3054,-1184,-32768,16025,12697
453,3359,-1157,-32768,19573,14433
538,3784,-971,-32768,22680,12675
12,4156,-739,-32768,18308,5866
-742,4329,-602,-32768,9326,1037
-891,4048,-343,-32768,647,1125
-505,3726,-118,-32768,-4108,1808
-98,3493,-58,-32768,-709,2337
187,3310,-88,-32768,6794,1780
250,3119,-142,-32768,6671,138
129,2783,-159,-32768,4033,-1424
25,2390,27,-32768,6285,-1058
-55,1936,185,-32768,111,90
-128,1536,207,-32768,-713,1748
-164,1224,278,-32768,1947,2979
-114,994,376,-32768,1948,2747
-26,749,322,-32768,1794,2885
-51,389,288,-32768,3869,3265
-183,2,348,-30198,2453,2770
-267,-271,423,-25539,200,2680
-301,-546,291,-21310,-2410,3658
-272,-869,176,-17538,354,4057
-208,-1151,260,-11852,482,2720
-168,-1332,302,-5518,-1120,1654
-180,-1420,238,-235,-262,985
-205,-1459,208,5097,841,428
-204,-1454,255,9987,63,93
-170,-1406,307,14570,1482,-90
-134,-1290,405,18457,2351,-504
-144,-1121,534,22259,2113,-1012
-213,-939,603,24812,1771,-1117
-232,-758,695,27840,2800,-1263
-237,-588,801,30652,2894,-2202
-288,-410,872,32767,496,-2768
-314,-191,917,32767,586,-3628
-288,35,919,32767,749,-3435
-272,269,924,32767,188,-3430
-191,565,957,32767,464,-2873
-136,938,807,32767,837,-2721
-135,1249,732,32767,4924,-2414
-201,1545,790,32767,4391,-707
-238,1843,819,32767,-270,273
-313,2086,671,32767,1926,503
-472,2247,676,32767,2509,1124
-384,2466,887,32767,-4915,1110
-268,2588,692,32767,-7793,-209
-244,2677,384,32767,216,-1305
-414,2845,26,32767,-1836,-950
-547,3031,-53,32767,-5860,-838
-538,3207,145,32767,-8351,-1782
-310,3373,306,32767,-11926,-4209
-76,3384,-45,32767,-21004,-5467
-10,3173,-447,30046,-14209,-5420
-166,2909,-625,27441,-9583,-5391
-469,2777,-600,24779,-9760,-4145
-704,2695,-599,22794,-14874,-3701
-585,2538,-717,21097,-19327,-5069
-248,2343,-848,21497,-14202,-4383
-12,2149,-943,21562,-11283,-1397
162,1984,-944,20204,-6284,1525
335,1846,-897,17251,5076,2865
380,1713,-770,13221,18041,2465
285,1749,-480,6752,27066,1118
215,1944,-7,-2446,32767,2137
-179,1678,-536,8718,-8532,3565
-761,1599,-1277,7854,-5577,-1077
-1224,1908,-890,4263,-3789,-2187
-632,2394,-1007,3856,-25079,4514
307,2286,-1225,2220,1770,6141
304,2031,-1296,840,2061,1555
161,2013,-1392,1222,-3007,503
221,2026,-1482,1011,2405,4708
136,2027,-1410,-136,5855,5165
-91,1996,-1413,-1381,356,4440
-239,1992,-1269,-3073,-909,4195
-310,2184,-1145,-2831,-4061,4243
-264,2961,-989,-7094,-1290,1007
-130,2839,-665,-6219,45,-1500
-61,2114,-1102,-4868,-6891,1067
316,1498,-1314,-1446,-4998,2816
672,1528,-1447,-643,4810,1521
537,1579,-1463,179,11509,-257
83,1559,-1427,211,9426,443
-346,1638,-1280,-602,4956,325
-558,1642,-1127,114,-1852,227
-573,1638,-1109,-104,-5837,461
-457,1606,-1163,-487,-7607,288
-143,1586,-1206,-773,-4995,-110
226,1660,-1252,-1325,1764,-145
362,1690,-1243,-336,5864,54
176,1724,-1246,-511,5246,252
-134,1736,-1264,-445,3531,80
-351,1698,-1300,82,-596,-280
-358,1642,-1356,386,-2997,-676
-208,1682,-1400,161,-2086,-623
-99,1691,-1407,66,457,411
-182,1656,-1402,59,32,685
-272,1644,-1368,14,-3097,-78
-224,1655,-1346,-34,-3039,-53
-146,1653,-1302,92,-1937,233
-97,1646,-1298,110,-778,-20
-64,1652,-1280,237,240,-317
-42,1655,-1272,452,638,-85
-82,1650,-1266,504,1465,100
-160,1649,-1250,396,64,-110
-180,1666,-1235,325,-457,-336
-160,1675,-1257,180,343,-203
-169,1654,-1255,555,-146,-202
-161,1653,-1274,401,-280,-279
-138,1663,-1306,180,516,-18
-158,1654,-1311,195,909,174
-206,1662,-1310,249,-407,-61
-219,1679,-1327,315,-426,-231
-213,1669,-1337,354,-477,-99
-213,1661,-1329,471,-714,-87
-198,1663,-1331,508,-338,-282
-180,1648,-1320,740,-212,-201
-155,1652,-1306,680,314,-80
-138,1661,-1299,545,330,-140
-157,1663,-1294,437,664,-361
-211,1646,-1284,622,-60,-547
-225,1640,-1290,627,-809,-428
-170,1660,-1305,487,-723,-488
-134,1644,-1319,535,711,-392
-145,1628,-1315,525,475,-259
-133,1639,-1320,243,649,-304
-142,1640,-1309,229,1171,-97
-185,1637,-1306,267,693,-159
-205,1643,-1306,86,123,-384
-186,1649,-1317,64,42,-207
-171,1638,-1323,26,711,-189
-173,1631,-1332,138,344,-218
-163,1635,-1349,218,858,-271
-165,1634,-1350,177,1188,-94
-185,1637,-1344,125,1305,-37
-206,1641,-1328,96,859,-69
-205,1648,-1307,-45,397,-156
-182,1663,-1304,-15,594,-103
-191,1665,-1329,-69,875,-137
-220,1648,-1342,17,446,-199
-227,1637,-1338,115,-258,-267
-189,1649,-1335,13,240,-117
-178,1651,-1329,53,1138,-42
-203,1642,-1329,169,6,-89
-197,1647,-1325,92,315,-245
-182,1646,-1328,97,363,-16
-184,1640,-1313,141,332,-13
-182,1641,-1315,109,-16,-147
-163,1647,-1317,138,626,-115
-159,1646,-1308,175,776,-24
-168,1655,-1308,-46,595,-86
-180,1655,-1317,127,746,-112
-203,1638,-1320,253,576,-114
-196,1637,-1314,188,-124,-233
-153,1652,-1304,-134,602,-139
-144,1657,-1301,64,910,101
-178,1647,-1307,122,1004,-4
-200,1647,-1306,81,-238,-189
-178,1653,-1304,-47,368,-23
-181,1645,-1317,143,908,73
-192,1641,-1309,176,32,-208
-148,1650,-1306,66,-33,-218
-119,1660,-1312,26,1512,136
-167,1649,-1292,65,1164,164
-203,1651,-1293,-62,-244,-148
-187,1656,-1303,-68,143,-84
-177,1647,-1304,184,361,98
-177,1646,-1304,153,-60,-93
-146,1660,-1312,-55,-35,-112
-131,1657,-1311,17,1107,50
-161,1644,-1312,139,408,52
-178,1644,-1307,118,185,-137
-164,1656,-1311,36,234,-27
-161,1653,-1307,89,404,130
-174,1651,-1312,98,35,-56
-170,1644,-1309,250,71,-146
-145,1650,-1307,157,236,-37
-133,1661,-1300,106,677,99
-152,1656,-1300,78,778,-27
-173,1648,-1299,240,-54,-144
-158,1655,-1304,181,145,-93
-147,1657,-1306,225,339,37
-156,1653,-1305,112,239,-4
-161,1651,-1305,128,166,-86
-156,1651,-1314,117,368,2
-163,1651,-1309,132,333,28
-169,1651,-1303,95,35,-98
-152,1659,-1298,63,-32,-69
-137,1657,-1306,92,797,54
-157,1647,-1309,110,172,-31
-157,1652,-1307,97,-16,-198
-143,1660,-1301,160,351,-31
-154,1660,-1311,80,505,2
-187,1651,-1309,197,-70,-179
-187,1651,-1318,204,-251,-202
-161,1649,-1316,313,52,-39
-143,1651,-1308,153,389,0
-138,1654,-1310,195,533,-47
-145,1657,-1304,174,674,-33
-156,1654,-1299,346,300,-53
-165,1653,-1303,301,601,-4
-173,1651,-1310,189,114,-50
-163,1649,-1295,174,410,-70
-144,1660,-1290,184,264,-23
-136,1658,-1298,159,872,65
-159,1648,-1297,133,510,53
-163,1651,-1301,200,-52,-87
-146,1657,-1300,240,659,0
-142,1661,-1302,220,552,128
-156,1658,-1310,221,487,3
-165,1652,-1317,149,253,-61
-164,1650,-1308,296,125,-39
-160,1653,-1305,353,403,42
-154,1662,-1303,210,48,38
-152,1666,-1306,443,-276,28
-151,1673,-1326,633,-287,19
-157,1673,-1338,938,-518,-100
-151,1655,-1369,1025,-705,-57
-137,1636,-1378,1202,-139,-63
-133,1635,-1367,1135,258,-128
-149,1624,-1355,1247,0,-96
-163,1620,-1348,1319,-313,-22
-157,1638,-1345,1542,-454,-158
-122,1619,-1333,1958,-292,-402
-98,1604,-1339,2175,-93,-587
-182,1633,-1293,2435,-10,-1424
-267,1650,-1227,3469,-3856,-1959
-112,1707,-1249,3407,-4223,-2062
48,1773,-1187,3462,-1026,-1931
57,1805,-1151,3718,-2271,-1824
75,1871,-1133,3397,-2753,-2315
100,1944,-1113,3143,-2048,-2351
87,2021,-1057,2976,-2711,-2600
100,2111,-995,2225,-3718,-3167
206,2186,-936,1072,-3081,-3348
306,2250,-892,-439,-1302,-3650
353,2322,-827,-2352,-147,-3934
353,2423,-798,-4579,1486,-3847
319,2498,-763,-6887,4687,-3312
287,2517,-683,-9588,6938,-2192
285,2451,-567,-12938,9758,-799
291,2428,-489,-20227,11881,283
141,2456,-477,-27375,11276,-405
-85,2484,-592,-29348,7748,345
-181,2591,-865,-29358,6263,4716
-134,2758,-1027,-29565,10772,9416
-19,2910,-1123,-30830,18524,11105
164,3145,-1234,-32768,24013,11776
268,3442,-1212,-32768,26753,11628
-63,3791,-1011,-32768,22405,6368
-707,4098,-707,-32768,7582,2206
-839,4113,-337,-32768,-283,4165
-436,3876,-167,-32768,-3258,6218
34,3668,-187,-32768,1580,5554
383,3478,-263,-32768,7928,3133
500,3308,-287,-32768,11350,-29
288,3066,-254,-32768,7411,-1374
39,2690,-62,-32768,8374,-1113
-120,2241,163,-32768,4265,672
-158,1908,245,-32768,1662,1610
-112,1631,215,-32768,1228,1809
-42,1365,328,-32768,168,2444
7,1078,373,-32768,1067,3404
54,690,367,-32768,7343,2801
-26,259,410,-31664,4722,1247
-113,-87,480,-28222,2967,500
-193,-349,408,-25022,2886,399
-254,-551,416,-21343,3029,130
-320,-794,371,-17647,-43,429
-369,-1043,422,-12791,1262,-26
-337,-1250,453,-8299,-1910,-1131
-206,-1403,399,-3114,319,-2015
-121,-1439,420,1302,712,-1888
-132,-1468,454,6049,3109,-1502
-166,-1454,491,10419,4030,-1844
-225,-1409,516,14641,2302,-2751
-267,-1317,568,18123,2426,-3801
-315,-1195,595,21503,1568,-4371
-350,-1020,640,24497,177,-4585
-345,-821,733,28272,-1508,-4289
-298,-645,724,31786,-1524,-4743
-232,-418,696,32767,1006,-5340
-184,-106,677,32767,-1013,-5088
-102,211,698,32767,1814,-4827
-116,544,661,32767,1130,-3819
-87,913,762,32767,4612,-2171
-111,1244,725,32767,2569,-2819
-175,1441,571,32767,3589,-3483
-186,1603,611,32767,227,-969
-190,1935,702,32767,-1359,1980
-199,2340,737,32767,2570,1023
-118,2531,508,32767,-545,-1209
49,2765,446,32767,-2087,-1407
57,2971,364,32767,723,-1309
-179,3016,75,32767,5999,-972
-437,3047,-146,32767,1927,-147
-591,3359,-67,32767,-2978,167
-554,3637,31,32767,-9155,5
-383,3540,-64,32767,-18660,-1038
-292,3356,-335,32406,-21606,-1778
-392,3216,-572,26773,-19937,-902
-611,2917,-699,24089,-15572,-1203
-757,2624,-788,21783,-14103,-3362
-612,2504,-871,20271,-12112,-6137
-243,2463,-871,20473,-11909,-4983
98,2282,-732,19725,-9759,-823
265,2074,-758,15971,-7087,3090
283,1888,-709,12474,-688,3833
309,1820,-454,7052,11335,2260
472,1851,-113,-314,22391,2447
317,1569,-344,7100,-1433,3045
0,1364,-1049,6612,-5224,1840
-229,1592,-996,857,14700,972
-241,2145,-942,1556,-4168,5029
-61,2175,-1024,1457,6251,4900
-286,2013,-1148,-129,2656,2361
-372,1990,-1225,1290,-5162,1417
-168,2000,-1331,2229,-5573,3248
-59,1994,-1420,810,-207,4067
-93,1939,-1397,39,-3424,3786
74,2006,-1289,-711,-1101,4237
274,3395,-979,-8802,7066,2714
56,3425,-275,-6633,7095,-844
-376,2505,-728,-7369,-11800,1100
100,1456,-1113,-1946,-14654,3076
819,1525,-1347,-1333,-1341,1892
824,1701,-1441,-909,10940,73
259,1562,-1443,1137,6562,480
-218,1692,-1342,456,918,-1178
-377,1687,-1119,1816,-4451,-936
-366,1677,-1047,1006,-4521,153
-337,1658,-1106,-66,-7625,-145
-168,1603,-1148,-132,-4936,-866
80,1629,-1204,102,-1606,-1348
293,1699,-1269,231,3341,-1491
220,1696,-1251,253,6321,-640
-98,1694,-1244,387,3758,69
-356,1693,-1329,443,-299,-329
-424,1652,-1385,782,-881,-509
-369,1623,-1421,774,-1006,-406
-249,1628,-1430,400,-238,-185
-146,1647,-1381,149,1639,349
-138,1680,-1317,-155,1577,457
-182,1709,-1278,-475,-317,327
-193,1717,-1288,-591,-51,194
-204,1675,-1289,-245,-470,-97
-159,1656,-1304,-90,-528,-374
-95,1694,-1318,5,1462,-194
-144,1682,-1310,400,2377,-27
-241,1662,-1315,324,241,-268
-238,1675,-1304,363,-355,-363
-189,1674,-1265,188,485,-7
-172,1673,-1234,-18,460,101
-171,1684,-1251,-253,282,57
-176,1678,-1253,-214,607,97
-182,1678,-1240,-117,-642,57
-158,1709,-1260,-102,-513,-48
-150,1699,-1269,-141,212,-45
-171,1683,-1267,-66,-380,-136
-158,1690,-1272,17,-519,-340
-122,1683,-1272,211,324,-244
-123,1671,-1254,244,32,-53
-123,1678,-1258,77,-139,-73
-119,1677,-1263,24,998,113
-169,1664,-1239,94,556,64
-192,1673,-1240,83,-1010,-207
-154,1684,-1268,-43,-124,-208
-153,1671,-1265,179,496,-28
-164,1663,-1276,279,-127,-254
-142,1671,-1282,267,829,-320
-132,1668,-1272,443,856,-104
-150,1672,-1272,313,961,-100
-162,1678,-1267,234,975,-124
-174,1673,-1268,445,639,-116
-180,1672,-1271,424,559,-87
-184,1673,-1270,576,585,-112
-167,1675,-1274,429,744,9
-147,1687,-1260,166,505,10
-125,1699,-1266,-61,877,-8
-143,1688,-1267,329,1598,124
-192,1671,-1278,296,375,-90
-175,1671,-1285,-30,-9,-212
-127,1676,-1273,15,1018,30
-124,1677,-1264,7,1622,140
-150,1680,-1267,-66,472,7
-150,1686,-1266,50,563,-102
-158,1678,-1266,327,609,-90
-163,1677,-1271,120,-105,-108
-135,1687,-1262,-71,244,-122
-121,1688,-1247,-221,749,38
-129,1693,-1249,-202,777,4
-153,1686,-1273,64,27,-109
-169,1669,-1285,238,-7,-199
-157,1670,-1295,294,-168,-188
-128,1675,-1294,212,596,-44
-121,1679,-1278,160,518,-39
-132,1678,-1279,300,574,-73
-150,1674,-1275,307,501,-78
-148,1673,-1283,380,103,-78
-137,1678,-1270,248,489,-84
-138,1681,-1261,119,639,-14
-141,1685,-1254,-65,340,-9
-129,1686,-1247,-130,544,58
-131,1684,-1239,58,498,-66
-138,1678,-1246,61,235,-105
-129,1683,-1256,-108,588,-46
-126,1683,-1246,-61,526,-53
-134,1689,-1244,-62,262,-41
-136,1690,-1254,35,-228,-60
-127,1686,-1256,40,255,-115
-120,1684,-1257,127,78,-120
-114,1688,-1258,111,487,-153
-128,1686,-1267,161,95,-73
-141,1681,-1270,100,65,-78
-138,1681,-1270,148,103,-92
-137,1689,-1272,276,-228,-55
-130,1684,-1278,295,115,-81
-138,1676,-1283,234,131,-89
-143,1675,-1278,284,50,-114
-137,1686,-1272,132,126,-115
-136,1690,-1273,162,182,-47
-152,1684,-1269,209,115,-89
-154,1680,-1269,119,-15,-154
-139,1682,-1265,83,-113,-134
-129,1678,-1275,193,264,-18
-138,1674,-1263,213,119,-57
-130,1682,-1260,63,-15,-90
-126,1688,-1255,106,629,-59
-143,1684,-1254,219,-40,-47
-145,1683,-1257,190,-155,-184
-131,1678,-1259,213,4,-111
-120,1673,-1267,232,409,-63
-125,1678,-1268,325,458,-137
-131,1682,-1267,279,471,-114
-144,1678,-1267,347,138,-83
-147,1681,-1271,208,407,-92
-153,1683,-1268,281,187,-96
-148,1679,-1273,263,437,-136
-144,1674,-1269,262,158,-99
-123,1683,-1270,248,277,-179
-122,1680,-1272,251,914,-105
-146,1674,-1264,257,519,-100
-146,1681,-1264,108,293,-172
-138,1685,-1265,84,510,-97
-144,1685,-1256,82,307,-68
-143,1688,-1260,58,-58,-146
-130,1682,-1263,147,514,-117
-131,1677,-1272,95,465,-69
-140,1680,-1267,40,-38,-155
-134,1685,-1277,115,310,-126
-143,1680,-1282,176,405,-38
-153,1675,-1283,194,8,-129
-146,1681,-1276,93,188,-171
-136,1681,-1278,199,437,-61
-141,1683,-1272,181,281,-101
-137,1684,-1270,59,117,-133
-135,1684,-1270,137,234,-32
-145,1684,-1279,204,407,-63
-159,1681,-1287,265,354,-144
-160,1676,-1279,384,-95,-207
-133,1682,-1295,319,37,-136
-127,1686,-1292,444,654,-13
-143,1682,-1300,698,178,-117
-152,1668,-1299,866,-127,-266
-129,1655,-1289,980,444,-239
-104,1654,-1285,902,766,-136
-78,1648,-1271,1227,588,-153
-49,1646,-1269,1372,1278,-260
-33,1633,-1256,2151,2650,-505
-75,1629,-1253,2831,2031,-974
-81,1604,-1248,3595,1542,-1415
-50,1608,-1253,4265,1880,-1715
-55,1637,-1228,4628,1877,-2097
-62,1655,-1245,4726,447,-2026
-106,1685,-1218,4426,1114,-1906
-182,1755,-1198,4591,-2512,-2074
-160,1880,-1169,3690,-3536,-2268
-90,1942,-1146,4277,-4172,-2230
-10,1960,-1154,4125,-3376,-2326
122,1979,-1162,4051,-3321,-2842
231,2043,-1144,3044,-1523,-3086
222,2066,-1072,2305,-743,-2868
191,2112,-1000,1275,-1254,-3009
204,2204,-935,-620,-2376,-3318
242,2311,-846,-3522,-1532,-3222
258,2372,-771,-6461,702,-2525
226,2391,-709,-9280,2869,-1642
240,2385,-628,-13181,4813,-330
331,2396,-516,-18230,6925,1948
308,2460,-513,-26006,6054,2414
138,2519,-596,-31093,9062,877
-123,2564,-844,-30462,8251,3097
-271,2734,-1023,-30558,11858,7928
-297,2934,-1091,-31539,14147,10296
-142,3212,-1214,-32768,14933,11383
180,3499,-1195,-32768,17530,12735
217,3877,-995,-32768,21867,9811
-310,4176,-702,-32768,16392,4230
-837,4261,-419,-32768,5731,2014
-783,4075,-233,-32768,-2851,2187
-418,3861,-168,-32768,-4391,1892
-15,3607,-112,-32768,3045,1003
336,3372,-56,-32768,6582,-332
414,3093,-63,-32768,3633,-1204
286,2806,-86,-32768,6630,-1077
160,2415,53,-32768,6522,-562
106,2047,212,-32768,4375,-193
14,1694,234,-32768,2749,1175
-74,1367,208,-32768,1831,2400
-70,1053,288,-32768,4230,3185
-33,702,331,-32768,3495,3661
-19,289,308,-32768,6202,2420
-121,-92,316,-30020,4041,770
-373,-381,226,-28017,-1042,2065
-501,-601,287,-24275,937,3147
-532,-797,377,-18190,-4380,2375
-451,-1054,208,-13675,-8107,969
-270,-1311,136,-8524,-1615,-218
-165,-1489,163,-2811,-556,-1335
-141,-1587,139,3222,-110,-1462
-98,-1558,210,9317,878,-909
-80,-1477,242,13764,1847,-1009
-85,-1406,277,18539,2860,-1171
-162,-1309,370,22336,1609,-1415
-242,-1170,456,26088,1230,-2092
-261,-968,481,29280,774,-2531
-231,-711,554,32565,-1470,-2929
-177,-447,653,32767,-2003,-3084
-37,-155,790,32767,2655,-2600
40,140,820,32767,2552,-3232
36,403,655,32767,6687,-5181
-26,674,693,32767,9062,-4405
-201,1042,869,32767,3555,-2523
-322,1299,716,32767,3105,-362
-404,1560,642,32767,5936,1164
-325,1920,707,32767,-1810,3344
-246,2449,831,32767,-288,2180
-238,2736,577,32767,-424,888
-277,2813,487,32767,2875,-453
-160,2836,421,32767,-2451,-872
-170,2977,373,32767,285,-678
-267,3152,175,32767,2276,1183
-527,3230,15,32767,2068,2673
-706,3229,-36,32767,-2617,1503
-695,3278,-87,32767,-12852,-1535
-539,3315,-210,32767,-21052,-3716
-370,3230,-388,28703,-21046,-4402
-339,3019,-497,25599,-21737,-3184
-486,2762,-588,22212,-17298,-1560
-643,2500,-767,20033,-14143,-1992
-467,2329,-953,18355,-10460,-5368
27,2243,-986,18090,-6558,-6595
346,2168,-855,17244,-1953,-2866
324,2056,-738,15367,-2267,2726
147,1890,-693,13649,-2654,6093
-10,1739,-566,10442,2944,5177
77,1858,-233,-2118,20337,3103
194,1698,-150,2579,10616,2716
-179,1462,-844,11022,-17242,523
-727,1553,-1295,4945,-4016,-2105
-809,1998,-1029,3529,-4341,517
12,2276,-1010,3713,-14170,6576
755,2036,-1083,3699,12320,7209
486,2136,-1237,-407,13772,3994
-145,2129,-1389,-471,5160,98
-481,2002,-1207,-854,3329,3122
-637,1972,-1146,-667,265,4602
-607,2110,-1275,-1184,-8017,1450
-218,2439,-1292,36,-5446,1532
323,3123,-1077,-5011,7838,2222
287,2685,-806,-2175,3837,1482
94,1944,-1102,-2814,-1399,832
179,1433,-1295,-755,-1444,1749
415,1564,-1361,-567,2842,1609
352,1654,-1334,-453,9690,851
29,1598,-1306,-407,6859,928
-260,1600,-1188,14,821,399
-389,1626,-1092,58,-3175,762
-396,1650,-1057,-140,-5595,631
-258,1666,-1079,-644,-6366,-89
38,1648,-1127,-773,-3113,-540
348,1669,-1163,-974,2660,-825
423,1721,-1174,-798,6582,-691
176,1736,-1203,-576,6268,-423
-181,1713,-1267,-509,2654,-628
-424,1677,-1353,-169,-2315,-974
-428,1653,-1451,218,-3739,-773
-314,1645,-1521,588,-3268,-462
-219,1626,-1521,784,-2119,-112
-151,1621,-1487,593,-1523,135
-81,1651,-1435,18,-386,171
-89,1680,-1345,-108,260,242
-166,1686,-1295,-182,-333,79
-212,1694,-1292,-27,-1470,-430
-192,1667,-1319,291,-891,-548
-162,1628,-1336,535,-464,-393
-127,1618,-1353,860,113,-426
-98,1622,-1343,549,1884,-129
-117,1636,-1319,556,2747,67
-168,1644,-1299,744,2187,-169
-218,1655,-1275,560,1118,-296
-213,1666,-1251,410,309,-182
-158,1682,-1247,-224,425,117
-113,1689,-1234,-510,545,345
-109,1685,-1231,-510,887,247
-141,1676,-1254,-345,320,94
-148,1665,-1269,-177,-394,19
-127,1667,-1269,-202,-66,-27
-117,1688,-1282,-194,443,-72
-141,1676,-1281,-93,457,-168
-161,1661,-1294,-72,-518,-112
-134,1668,-1304,-196,261,-40
-127,1657,-1300,95,749,77
-146,1657,-1293,-2,-136,27
-138,1665,-1299,-76,-42,8
-134,1672,-1278,-218,442,110
-138,1678,-1259,-246,-125,72
-133,1695,-1252,-303,-565,7
-125,1686,-1261,-191,117,-9
-147,1667,-1259,-19,-836,-79
-137,1677,-1278,-62,-614,-237
-114,1675,-1282,59,-377,-170
-109,1664,-1292,237,227,54
-119,1664,-1310,156,470,-88
-132,1656,-1300,322,947,-175
-146,1669,-1289,211,568,-187
-154,1677,-1285,219,1067,-88
-170,1672,-1267,129,213,-111
-147,1679,-1262,137,70,-235
-127,1686,-1280,195,755,-134
-155,1674,-1284,311,916,-113
-171,1664,-1285,462,-190,-278
-133,1672,-1281,221,534,-208
-105,1681,-1274,279,1104,-2
-135,1685,-1257,279,1441,-29
-172,1685,-1262,195,-4,-163
-168,1682,-1277,164,101,-56
-163,1672,-1276,131,209,88
-158,1670,-1269,186,-327,-26
-136,1683,-1277,117,197,-133
-129,1679,-1279,153,355,7
-133,1674,-1273,140,-80,25
-127,1680,-1282,56,-83,-83
-128,1676,-1294,259,447,-66
-157,1664,-1301,357,244,-144
-166,1666,-1305,399,-625,-193
-139,1675,-1296,401,1,-148
-126,1672,-1286,275,128,32
-132,1669,-1275,340,268,-31
-145,1676,-1279,205,470,-150
-168,1671,-1281,225,-320,-93
-158,1666,-1278,263,-478,-99
-131,1663,-1281,428,302,-63
-128,1653,-1285,549,483,-57
-126,1661,-1273,384,397,-158
-111,1679,-1261,141,682,-121
-120,1682,-1252,46,899,7
-152,1675,-1250,140,203,-64
-160,1674,-1264,163,-380,-199
-145,1674,-1280,108,253,-96
-149,1669,-1289,99,230,-16
-150,1670,-1293,92,143,-123
-165,1674,-1289,103,143,-172
-176,1668,-1290,195,-662,-102
-161,1677,-1299,245,-438,-172
-158,1677,-1314,222,-252,-260
-169,1663,-1307,358,-525,-138
-156,1663,-1322,241,-728,-131
-140,1660,-1311,253,195,-91
-149,1657,-1298,243,-413,4
-141,1660,-1289,223,-183,-32
-134,1662,-1297,48,809,-44
-156,1653,-1292,318,192,-110
-163,1652,-1293,338,-84,-206
-138,1660,-1288,232,401,-129
-123,1668,-1277,228,1064,-10
-140,1667,-1269,61,1132,-55
-157,1673,-1264,99,-43,-191
-144,1682,-1277,58,651,-136
-163,1667,-1278,154,963,16
-187,1663,-1284,190,-76,-101
-167,1666,-1292,89,-86,-182
-141,1667,-1284,-3,733,26
-151,1671,-1273,-38,418,73
-165,1672,-1273,23,-81,-79
-161,1669,-1281,138,-148,-131
-147,1666,-1293,137,724,-54
-155,1661,-1297,189,453,-86
-152,1663,-1296,130,139,-176
-136,1668,-1288,109,259,-63
-137,1671,-1285,150,1062,2
-167,1666,-1295,235,601,-129
-178,1664,-1294,150,-265,-197
-159,1663,-1300,84,563,-64
-159,1663,-1293,169,500,-11
-156,1670,-1277,117,72,-63
-137,1679,-1276,38,570,-94
-144,1672,-1284,116,666,-19
-165,1662,-1278,290,514,-113
-163,1666,-1277,239,151,-209
-141,1676,-1277,46,598,-60
-141,1672,-1278,52,807,58
-157,1668,-1276,197,159,-72
-154,1664,-1282,196,141,-184
-145,1666,-1299,170,583,-34
-155,1666,-1302,309,509,25
-161,1671,-1297,577,64,11
-151,1683,-1318,285,44,252
-171,1654,-1339,357,1028,192
-203,1642,-1353,662,257,-2
-179,1651,-1334,727,343,126
-128,1640,-1311,903,1214,361
-91,1655,-1299,705,2129,395
-92,1678,-1283,971,1878,144
-117,1661,-1259,1717,917,-178
-137,1647,-1254,2406,468,-498
-168,1612,-1241,3135,-403,-819
-178,1597,-1218,4019,-2504,-1253
-87,1620,-1183,3977,-2098,-1427
-14,1661,-1109,4275,-2628,-1375
-23,1705,-1055,4069,-4056,-1622
-27,1803,-1044,4269,-6921,-1744
78,1979,-1048,3748,-5565,-2216
214,2067,-1046,3975,-4805,-2452
270,2113,-1078,3480,-3513,-2952
263,2161,-1040,2698,-2956,-3829
273,2236,-992,1505,-2433,-4041
296,2313,-926,10,-1776,-4012
320,2419,-824,-2835,-1589,-3888
334,2517,-739,-6221,363,-3245
292,2616,-684,-9525,2836,-2792
287,2650,-575,-13431,5198,-1282
326,2574,-458,-20040,7019,884
212,2474,-387,-26501,8046,1111
-18,2473,-477,-30683,6493,967
-143,2537,-769,-30355,3304,3830
-63,2709,-1007,-30381,8312,8826
76,2901,-1145,-30852,16534,11787
232,3142,-1297,-32768,23965,13676
356,3464,-1272,-32768,29449,14470
208,3840,-1104,-32768,27591,12381
-355,4178,-834,-32768,18550,6447
-876,4260,-532,-32768,7425,2587
-813,4048,-232,-32768,841,3108
-450,3783,-122,-32768,-2152,4038
0,3622,-61,-32768,5090,4026
268,3416,-144,-32768,7464,2946
219,3131,-137,-32768,10835,1371
48,2782,-42,-32768,8159,-621
-33,2383,104,-32768,5179,-1227
-79,1971,294,-32768,3288,-230
-88,1567,357,-32768,1268,849
-33,1236,301,-32768,3334,1842
-3,985,304,-32768,5403,1690
-29,717,262,-32768,4583,1291
-104,374,286,-32768,3862,2183
-211,-47,319,-29306,4290,2244
-267,-330,320,-24890,2612,1625
-320,-523,151,-21535,-2220,1808
-308,-762,77,-16766,1189,1872
-277,-1057,172,-10274,1022,1204
-278,-1307,160,-4479,-420,821
-282,-1476,70,1568,1850,230
-275,-1519,97,7484,271,-400
-237,-1492,211,12920,-518,-1186
-223,-1411,316,17594,408,-1147
-205,-1288,422,21537,1925,-1130
-170,-1140,514,25304,3207,-1589
-184,-930,620,27808,1727,-2493
-209,-715,737,30827,1568,-3339
-218,-503,821,32767,2251,-4284
-264,-222,857,32767,615,-3775
-270,91,852,32767,1239,-3046
-241,369,803,32767,3871,-3101
-315,657,726,32767,1844,-2219
-363,967,902,32767,2915,-228
-399,1204,865,32767,-4080,1366
-316,1371,678,32767,347,1878
-199,1635,693,32767,908,2403
-110,2028,856,32767,-4254,1894
-160,2382,605,32767,-2231,1038
-241,2558,435,32767,3929,320
-317,2650,424,32767,1176,-593
-154,2865,563,32767,-2636,-1394
-60,3093,389,32767,208,-1520
-239,3165,16,32767,4073,-714
-644,3155,-261,32767,2870,167
-927,3239,-204,32767,-5264,774
-824,3304,-73,32767,-17366,-339
-507,3229,-156,30613,-23306,-2139
-257,2995,-381,26008,-19907,-2232
-260,2717,-533,23409,-12670,-1677
-493,2518,-601,21889,-10574,-1467
-577,2407,-722,19575,-15444,-2757
-324,2315,-842,17781,-13500,-3900
-13,2184,-872,18621,-11448,-2124
168,1968,-787,19105,-8507,457
270,1806,-804,17700,-3915,1759
336,1683,-848,15995,5404,2352
404,1782,-639,9145,19517,2197
695,1962,-45,1286,32767,3589
366,1732,-687,12224,-10118,5489
-108,1634,-1393,6727,7222,-1562
-939,1782,-967,4220,9701,-3402
-1116,2553,-982,3299,-23196,3019
-390,2446,-1188,3843,-6954,4482
-86,2353,-1217,-909,-3068,1470
83,2240,-1196,-1700,-7213,733
344,2209,-1363,-1990,433,4360
220,2226,-1410,-3299,5635,3199
-159,2070,-1490,-1963,-2679,3031
-308,1904,-1551,-1290,-2464,3452
-295,1898,-1479,-1781,-926,3296
-329,1923,-1360,-1092,-3570,2805
-148,2173,-1170,-3192,1446,1706
36,2130,-969,-3925,5364,494
13,1862,-1050,-2395,594,568
131,1689,-1119,-617,-277,1169
232,1692,-1175,-198,4540,977
68,1687,-1193,158,4706,394
-141,1681,-1187,219,2133,39
-226,1720,-1163,-152,971,256
-245,1684,-1108,382,203,681
-206,1638,-1135,367,-490,526
-128,1666,-1180,-72,1059,365
-69,1656,-1251,-490,1674,396
-64,1640,-1269,-65,1828,-125
-136,1648,-1255,266,414,-192
-169,1653,-1250,435,-1380,119
-104,1706,-1234,39,-876,82
-46,1738,-1242,-801,921,102
-84,1655,-1261,-490,-227,198
-116,1584,-1331,-318,-633,204
-113,1621,-1346,-414,-867,57
-109,1631,-1345,-359,-430,401
-142,1648,-1332,-396,-1158,83
-128,1656,-1347,-514,-611,-302
-104,1635,-1355,-287,-221,-74
-84,1630,-1366,-255,462,-311
-72,1652,-1375,-386,1578,-396
-114,1657,-1352,-329,1561,-106
-168,1662,-1316,-353,613,-202
-185,1680,-1307,-194,147,-365
-187,1663,-1319,94,-888,-394
-143,1611,-1305,481,-625,-313
-74,1648,-1284,103,251,-193
-30,1683,-1258,-164,1689,38
-94,1693,-1260,-396,1844,81
-190,1695,-1273,27,8,-241
-207,1687,-1319,434,-790,-553
-177,1647,-1336,544,-237,-516
-165,1618,-1332,375,-126,-449
-143,1649,-1299,26,-359,-344
-113,1675,-1272,-16,50,-131
-108,1678,-1269,-42,27,-102
-112,1677,-1290,-31,85,-188
-110,1648,-1310,197,1076,-25
-150,1637,-1307,376,350,-193
-152,1653,-1312,274,264,-470
-131,1678,-1317,200,938,-199
-141,1680,-1309,380,1561,-157
-174,1655,-1319,417,516,-331
-176,1657,-1321,259,634,-360
-169,1662,-1321,18,1012,-102
-184,1658,-1309,202,345,-45
-183,1666,-1299,225,-249,-244
-150,1670,-1296,158,27,-124
-127,1664,-1285,-83,729,11
-131,1663,-1267,137,188,-215
-122,1671,-1284,151,495,-225
-127,1659,-1290,227,966,-26
-152,1657,-1287,235,529,-124
-152,1674,-1281,169,144,-317
-143,1673,-1285,98,519,-75
-150,1657,-1279,212,-49,-76
-135,1663,-1292,162,250,-243
-127,1669,-1297,126,1093,-95
-150,1648,-1302,343,461,-49
-160,1664,-1296,107,294,-205
-147,1675,-1283,222,120,-130
-147,1670,-1282,332,616,23
-149,1655,-1284,341,-350,-129
-113,1658,-1282,281,423,-265
-99,1659,-1282,139,1116,-61
-117,1660,-1266,40,1092,44
-147,1674,-1271,15,273,-57
-170,1675,-1284,50,298,-77
-181,1653,-1292,243,-431,-48
-157,1655,-1301,203,-61,-200
-118,1669,-1303,-41,390,-69
-107,1669,-1297,24,1136,68
-145,1656,-1301,138,207,2
-158,1666,-1300,93,-46,-174
-148,1673,-1306,76,356,-19
-162,1661,-1306,98,266,51
-164,1660,-1295,273,-577,-119
-128,1672,-1296,-96,160,-84
-120,1666,-1294,-60,592,154
-143,1655,-1288,91,221,28
-149,1661,-1280,119,-195,-142
-130,1671,-1274,-19,42,55
-125,1675,-1283,-104,493,142
-153,1667,-1285,76,-134,8
-154,1666,-1281,90,-583,-147
-124,1679,-1286,33,-113,-32
-117,1676,-1300,131,533,110
-143,1664,-1310,288,240,-6
-152,1664,-1303,337,-216,-76
-129,1667,-1295,325,-37,62
-132,1664,-1301,275,782,141
