18,1724,928,195,747,-104
-4,1720,916,209,668,-66
-18,1719,907,396,-153,-18
0,1732,911,269,-53,-190
13,1737,897,-121,-349,-204
28,1730,895,-140,-90,-224
36,1718,907,127,746,-162
36,1712,897,7,290,46
43,1714,908,-102,412,-97
46,1719,919,-115,41,-51
50,1721,904,-47,71,-191
45,1720,898,176,-211,-104
70,1713,900,493,340,229
69,1708,898,511,263,384
58,1712,896,299,543,193
53,1723,907,176,684,-114
45,1724,916,-39,533,-218
33,1713,932,134,155,-150
25,1705,932,386,-397,-250
25,1712,924,352,-431,-303
37,1722,903,-152,-564,-321
61,1719,913,179,-400,-324
61,1709,920,381,-566,-304
81,1710,912,169,52,-79
98,1713,918,-102,438,50
99,1703,923,154,84,-100
96,1709,932,233,851,-374
83,1714,920,52,813,-410
74,1709,912,-58,408,-195
63,1702,921,19,272,-79
55,1708,925,247,65,-137
58,1714,915,174,-23,-200
61,1715,909,121,-300,-214
71,1716,912,-7,-41,-190
87,1710,917,79,169,-180
82,1701,915,210,250,-119
71,1705,911,126,353,-173
68,1713,922,164,381,-237
65,1715,914,136,84,-257
60,1712,911,-24,208,-250
62,1711,933,12,279,-165
59,1706,941,214,508,-105
47,1703,928,313,169,-35
48,1705,922,107,177,-5
59,1708,932,156,349,-55
59,1710,930,38,41,-80
67,1707,922,162,248,-50
67,1702,919,364,540,24
61,1711,915,347,878,-31
50,1718,907,316,457,-8
53,1715,906,275,699,139
41,1711,910,206,747,37
24,1716,918,214,564,-92
13,1720,925,-18,244,-320
16,1717,931,40,-101,-295
31,1703,933,272,-228,-102
55,1702,928,35,-1,115
65,1704,940,-8,607,-76
58,1706,942,-56,198,-173
51,1704,944,-110,232,-140
50,1699,945,158,518,-123
41,1706,937,59,233,-43
42,1706,934,59,236,-142
50,1709,930,-2,153,-175
55,1711,929,99,279,-158
53,1714,915,-70,138,-133
52,1711,913,-29,368,-144
44,1713,913,-76,-119,-102
46,1709,910,203,86,-89
53,1710,907,152,86,-68
62,1714,908,123,254,-36
57,1716,907,-18,247,-105
49,1710,914,171,235,-125
47,1710,918,125,39,-101
52,1707,928,197,338,-153
49,1707,927,41,120,-42
49,1704,928,43,218,-54
54,1702,935,94,171,-24
55,1704,941,149,324,-128
50,1705,938,173,285,-122
45,1702,933,126,92,-90
41,1702,931,64,-84,-27
54,1702,938,118,100,-4
63,1703,940,166,345,-31
61,1701,936,132,393,-150
55,1700,932,127,355,-109
52,1699,931,147,234,-4
48,1701,932,231,214,34
43,1707,929,159,20,-35
53,1710,930,69,225,-93
54,1707,929,52,166,-74
44,1705,933,-52,167,-106
39,1700,941,113,80,-107
39,1707,928,63,-360,-29
51,1707,923,349,-112,-21
60,1708,916,141,415,-6
57,1707,923,106,528,-17
56,1703,937,-67,893,-46
46,1699,949,-259,759,-76
27,1694,949,-149,-238,-226
44,1691,969,46,-252,-344
75,1687,977,229,-174,-324
102,1688,959,-69,57,-81
111,1686,952,-132,328,104
108,1683,949,164,341,92
101,1688,937,184,254,-25
102,1699,921,306,620,-201
93,1708,909,266,972,-158
62,1714,896,240,1052,3
27,1716,897,215,1009,182
-9,1720,903,231,550,107
-27,1724,908,165,139,-156
-32,1723,911,207,-568,-217
-26,1712,914,320,-1245,-99
4,1704,937,396,-917,-7
45,1695,957,650,-507,-49
71,1691,963,527,-173,-141
85,1686,974,338,250,-232
101,1685,977,273,757,-192
101,1687,961,247,729,-182
90,1694,958,149,862,-227
88,1701,955,183,289,-229
88,1703,946,183,826,-371
73,1699,926,158,10,-396
69,1699,916,251,-350,-439
76,1706,915,240,205,-332
86,1712,914,-43,921,-115
82,1707,928,73,1469,-272
54,1711,926,46,928,-479
27,1723,910,-179,809,-751
2,1722,897,-156,152,-651
-12,1706,901,94,-522,-383
8,1699,909,219,-772,13
35,1703,920,172,-349,102
44,1706,921,82,-21,-189
47,1708,931,-62,-129,-346
62,1700,952,-86,334,-360
58,1686,956,9,119,-203
49,1678,960,68,-95,-198
52,1677,971,86,-137,-42
58,1678,972,246,174,47
62,1684,970,169,362,111
63,1688,966,288,421,27
58,1693,951,230,394,-71
54,1694,944,362,533,-70
44,1699,939,439,999,194
27,1701,925,513,1054,280
8,1710,923,265,950,39
-2,1720,931,133,618,-252
-4,1715,927,121,250,-247
0,1705,922,78,172,-220
9,1704,935,-9,115,-274
15,1707,940,-48,3,-380
26,1708,937,-63,-134,-247
41,1698,919,153,-193,16
59,1697,924,268,577,133
52,1709,922,120,611,-36
45,1717,912,82,289,-211
48,1716,903,36,217,-144
42,1710,909,121,678,-11
33,1704,915,330,393,14
29,1708,923,227,182,-81
29,1712,916,225,-217,-180
34,1712,920,258,53,-129
34,1708,930,201,369,-149
35,1705,943,133,254,-153
32,1701,943,145,18,-229
32,1695,942,100,-149,-104
34,1693,945,74,23,-30
34,1698,959,40,125,-61
38,1697,964,253,249,-107
41,1694,949,157,-54,-6
48,1689,946,120,315,56
50,1688,942,178,418,37
44,1689,946,191,426,76
32,1700,946,-11,481,-6
22,1706,946,-123,395,-145
19,1704,946,-270,208,-120
24,1696,947,-78,263,-29
22,1689,949,-36,274,16
27,1692,951,-37,-34,-29
41,1701,946,-62,62,-82
49,1704,944,-69,134,-71
49,1697,940,-8,240,46
49,1691,943,78,753,73
42,1692,943,111,484,81
43,1698,939,151,556,37
43,1699,934,216,370,56
43,1698,931,258,486,57
35,1700,929,69,456,38
26,1703,928,288,278,15
15,1706,933,375,35,-60
17,1708,931,244,-156,-85
28,1708,935,271,163,-215
38,1709,926,197,289,-181
41,1705,930,149,341,-184
47,1701,930,170,395,-181
48,1696,928,164,349,-15
47,1700,936,12,427,-44
42,1700,940,18,-26,-127
44,1695,949,-15,-32,-99
45,1691,955,11,-183,-19
56,1687,960,158,82,-32
69,1682,958,98,183,35
70,1681,954,103,212,4
59,1685,962,121,593,-61
45,1689,962,102,392,-19
42,1692,957,143,532,-24
39,1691,955,210,464,33
33,1691,950,151,197,-32
30,1699,952,82,226,-107
26,1700,942,137,195,-183
30,1697,938,117,6,-97
41,1694,941,148,329,8
42,1691,940,342,454,6
44,1697,931,102,140,19
52,1699,940,92,327,-32
49,1696,935,131,350,0
43,1693,941,442,452,-24
40,1698,940,364,170,1
52,1699,942,307,413,2
48,1702,941,157,158,-79
46,1703,940,249,437,-122
40,1703,930,275,114,-142
43,1702,937,274,244,-75
44,1700,943,293,193,-84
41,1698,940,309,122,-125
44,1695,941,189,111,-134
50,1697,949,101,258,-196
45,1697,956,223,305,-130
45,1694,948,232,238,-89
44,1691,951,229,131,-178
48,1695,952,155,-14,-162
53,1697,958,77,404,-158
43,1688,953,149,122,-36
39,1685,950,363,113,-69
50,1694,950,224,249,-74
57,1701,943,279,224,-144
59,1701,933,138,670,-135
50,1696,935,328,614,-24
38,1702,937,137,541,-21
30,1704,944,170,362,-168
27,1704,936,176,171,-152
25,1695,927,286,137,-64
35,1698,934,283,186,3
48,1707,942,238,485,-78
52,1706,939,299,568,-155
41,1698,933,203,392,-105
43,1696,938,127,589,-25
40,1699,950,133,556,-40
31,1701,949,-25,445,-49
22,1696,944,77,229,-100
22,1697,948,5,-34,-70
34,1694,961,91,78,-83
41,1691,958,177,112,-24
47,1693,951,284,233,120
46,1700,941,228,726,121
39,1702,941,40,839,14
18,1698,950,251,504,-66
11,1700,950,226,264,-62
9,1706,938,204,244,-67
15,1708,924,127,-136,-63
25,1704,926,218,96,-97
28,1703,929,263,224,-53
31,1711,922,140,154,-6
30,1711,910,230,6,-110
35,1711,920,106,294,-92
29,1712,931,164,373,-210
22,1711,925,161,-159,-320
32,1704,923,191,-159,-405
49,1697,927,232,-26,-143
64,1697,921,77,312,87
57,1698,936,109,689,122
41,1699,945,251,373,2
19,1696,955,347,-27,-110
27,1699,953,154,-136,-101
47,1700,944,153,-366,-159
68,1698,945,45,-88,-207
78,1691,948,229,510,-176
72,1692,941,5,568,-87
61,1695,938,8,708,-37
40,1700,942,45,372,-28
26,1701,941,202,150,-140
27,1703,940,137,24,-141
35,1704,939,-76,-59,-126
44,1699,948,95,197,-189
48,1694,950,47,270,-188
47,1687,952,207,263,-193
49,1691,947,30,221,-135
48,1693,946,152,356,-155
46,1694,941,284,244,-128
46,1697,937,338,470,-110
50,1702,930,296,477,-103
43,1707,918,97,491,-119
35,1707,927,158,709,-52
20,1707,929,288,488,-11
11,1707,928,289,134,-30
15,1709,929,101,249,-130
22,1707,928,118,-211,-171
37,1704,934,149,141,-93
42,1698,941,196,202,-17
44,1696,944,171,264,-63
42,1692,947,201,392,-75
37,1696,945,2,230,-88
37,1695,950,76,537,-39
30,1696,947,121,217,-127
29,1698,954,91,513,-124
18,1698,946,120,17,-74
16,1698,944,137,-211,-53
29,1698,943,252,-43,-27
44,1700,935,169,244,-34
46,1699,933,181,447,-49
37,1701,932,89,417,-23
28,1703,935,92,288,-59
27,1704,938,158,130,-19
27,1703,938,99,197,-27
28,1700,933,147,107,-51
37,1702,934,102,-322,36
50,1700,934,218,-157,-42
59,1700,935,125,270,-42
51,1698,932,158,93,67
52,1696,936,344,494,-68
45,1703,933,271,94,-24
44,1705,930,162,616,-13
38,1702,930,230,344,9
37,1700,941,249,265,-122
39,1703,947,135,414,-209
31,1704,939,57,262,-236
23,1703,931,18,-236,-109
33,1698,938,299,-308,-14
50,1699,940,308,205,-83
57,1705,931,84,276,-74
53,1703,919,39,80,-10
50,1702,931,86,506,-21
40,1707,937,130,120,-97
33,1704,936,141,98,-226
32,1699,934,191,-36,-135
31,1695,939,177,-308,-55
45,1695,949,134,-191,3
61,1698,955,114,105,-109
67,1693,942,302,-52,-241
73,1694,940,173,183,-111
64,1692,947,219,355,-89
59,1692,951,222,247,7
53,1694,955,288,374,-30
55,1697,948,169,438,-30
50,1697,941,276,178,-157
46,1699,943,120,309,-196
43,1699,944,181,-71,-127
48,1700,940,128,82,-58
57,1697,942,143,319,-48
57,1694,941,150,233,-17
55,1693,937,196,162,-82
58,1696,937,218,248,-123
59,1702,936,224,367,-50
56,1698,931,248,537,-29
55,1699,942,295,578,-27
51,1702,945,280,496,-87
47,1707,935,165,347,-58
43,1702,931,187,601,-24
34,1699,937,146,253,-7
35,1701,945,223,286,-105
38,1705,940,43,188,-78
39,1700,940,230,287,-49
44,1696,935,160,139,65
53,1697,940,148,378,60
49,1701,939,129,351,-95
44,1703,937,10,121,-51
49,1697,947,176,380,-43
48,1699,941,139,207,26
49,1698,933,211,253,-10
51,1704,932,93,378,-31
54,1703,933,145,243,38
54,1698,931,149,380,98
45,1697,932,223,398,40
44,1704,934,70,85,-23
54,1704,932,30,438,-22
49,1698,931,114,534,-7
39,1697,935,165,194,30
35,1704,937,273,113,-46
34,1708,929,153,139,-69
36,1704,933,136,-47,-77
47,1702,936,233,-267,-65
54,1710,945,131,492,-164
50,1706,931,90,119,-134
57,1699,928,43,1,-51
57,1693,934,256,57,-81
59,1700,936,149,220,-73
62,1703,941,91,333,-72
63,1698,948,138,306,-84
59,1695,948,89,232,-130
59,1692,943,192,139,-132
59,1692,946,149,503,-95
53,1693,952,105,336,53
43,1697,955,-11,237,-85
45,1695,947,114,5,-66
50,1694,942,90,67,21
57,1696,946,40,220,20
55,1699,946,0,343,-48
44,1698,942,98,214,-110
48,1696,934,169,-7,-13
63,1697,930,87,151,65
71,1698,936,201,811,30
56,1704,931,136,412,18
48,1703,934,183,355,-3
48,1699,940,255,140,54
54,1699,936,108,267,-51
62,1703,944,124,295,-123
64,1700,934,164,343,0
64,1696,932,-22,537,124
57,1693,945,373,412,45
51,1700,942,416,197,30
51,1705,934,137,179,-50
60,1702,938,256,179,-89
71,1706,944,202,250,-132
75,1704,947,69,647,-240
63,1697,941,24,296,-226
69,1688,934,75,209,-127
75,1694,929,-60,212,-75
62,1696,933,-241,243,-261
49,1699,947,-186,128,-307
49,1696,948,14,-308,-167
58,1695,951,-38,182,-40
55,1688,949,33,278,6
55,1684,954,261,-127,-111
76,1686,962,327,268,-110
88,1689,959,185,801,-118
83,1692,959,128,1020,-78
65,1683,955,266,424,-29
59,1685,949,159,434,-26
58,1692,954,258,627,-96
52,1697,949,138,699,-38
39,1697,948,199,353,-20
28,1696,938,144,79,-4
27,1698,934,155,62,-74
36,1701,940,119,253,-114
45,1700,942,250,205,-116
51,1699,941,39,343,-51
50,1695,935,119,168,-142
53,1696,935,51,273,-121
51,1699,944,134,511,-187
39,1701,945,153,286,-162
24,1699,950,71,106,-239
17,1696,949,94,-451,-265
27,1695,957,132,-454,-380
40,1689,953,246,-822,-365
71,1691,958,160,-82,-247
94,1690,949,203,204,-92
99,1686,949,58,590,-32
88,1683,954,355,604,-124
72,1687,950,216,415,-138
66,1693,944,200,315,-95
66,1697,942,186,374,-83
62,1697,950,273,478,-137
49,1695,943,193,143,-109
51,1695,939,228,506,-155
47,1697,937,129,317,-75
52,1697,943,79,534,-132
56,1693,950,191,486,-144
52,1693,947,192,370,-159
49,1690,946,222,255,-120
47,1693,943,126,340,-129
47,1696,941,268,55,-67
54,1701,948,139,363,-117
50,1702,941,172,396,-241
45,1698,935,187,0,-231
51,1692,934,246,147,-103
55,1694,941,251,495,9
50,1694,946,362,536,-38
46,1697,951,269,478,-114
47,1695,956,264,488,-64
45,1690,955,250,530,-40
43,1692,957,148,376,38
33,1694,960,138,306,-118
29,1696,958,128,185,-190
34,1691,951,216,-165,-92
43,1692,949,175,195,-78
50,1697,953,173,273,-48
50,1698,942,184,206,-28
46,1695,935,247,589,-10
44,1697,930,317,130,56
52,1702,933,199,711,-35
43,1703,933,216,350,-41
37,1704,940,232,426,-101
33,1703,936,146,171,-124
28,1702,942,52,124,-124
25,1695,943,125,376,-105
22,1695,938,164,-266,23
38,1698,944,304,27,-92
54,1703,937,277,4,-113
60,1703,939,232,679,-171
54,1698,934,237,572,-86
41,1698,926,182,228,-29
34,1700,936,226,247,-42
36,1707,952,303,267,-147
37,1702,940,397,119,-146
39,1699,925,210,151,-81
42,1699,930,228,9,-40
51,1704,937,338,156,-93
56,1703,936,279,250,-147
57,1699,935,243,440,-132
53,1698,934,211,714,-45
34,1699,937,375,68,-69
31,1703,943,197,145,-116
41,1703,939,308,-7,-123
49,1703,928,246,312,-99
51,1701,932,199,266,-102
50,1702,937,338,308,-131
47,1701,934,296,365,-87
43,1702,932,208,335,-75
38,1711,948,256,424,-300
26,1719,938,17,190,-418
14,1708,937,-43,-197,-431
28,1701,946,124,-411,-413
60,1701,935,185,-451,-338
100,1695,922,7,96,-84
125,1691,931,-159,1286,132
106,1696,925,-272,1367,103
63,1709,933,-318,1469,-245
31,1739,956,-445,1190,-913
22,1738,953,-898,717,-1174
22,1677,949,-1024,1084,-811
-8,1643,972,-1448,939,-458
-41,1642,1015,-2184,1058,-583
-60,1631,1067,-2726,625,-576
-51,1607,1105,-3347,1200,-292
-85,1572,1140,-3844,283,-130
-114,1530,1181,-4477,-1965,321
-84,1484,1246,-5079,-2312,680
-29,1444,1322,-5594,-2023,1172
25,1384,1396,-5438,-347,1750
35,1300,1485,-3785,680,2521
-22,1246,1574,-1634,361,2653
-70,1241,1560,-777,-532,2784
-101,1271,1487,-355,-3,3115
-231,1306,1496,975,-940,3068
-386,1342,1502,1774,-3767,2916
-440,1364,1472,4462,-4540,2500
-350,1395,1400,7907,-5653,1722
-144,1446,1163,9479,-6106,2643
52,1596,1063,11561,-3905,3428
176,1794,863,12795,-4925,2705
175,1911,682,14260,-3443,1608
232,1989,526,16178,-6122,2693
325,2051,277,15649,-7016,3083
371,2076,186,15031,-5275,1463
422,2037,115,15655,-6294,598
608,1932,12,15440,-6103,613
959,1836,-3,14575,-1900,966
1218,1779,-6,12548,4465,-362
1141,1796,34,9827,8458,-2287
791,1857,60,8289,9516,-3143
283,1883,127,10939,6183,-1480
54,1844,205,11251,-1436,2161
39,1887,289,9345,-249,1820
-205,2005,240,9735,-6073,-1195
-197,2076,84,9889,-13437,-1983
233,2127,-81,6421,-8232,-2443
522,2027,-113,5473,-5051,-2672
599,1935,-52,8254,-3101,-1584
589,1966,-103,8807,-3554,-1607
525,1922,-152,9060,-3517,-908
492,1947,-186,8583,-4524,-23
447,2089,-205,5505,-4237,-1705
364,2099,-183,3360,-3531,-1699
245,2105,-211,1822,-6347,181
92,2123,-198,573,-6416,814
15,1987,-253,792,-11300,363
219,1881,-504,357,-13142,765
692,1869,-655,122,-5421,30
1023,1822,-744,-390,2449,870
876,1831,-748,-604,7887,1316
429,1903,-670,-1151,7645,433
3,1963,-586,-730,2284,-90
-130,2002,-555,-1534,-2399,-209
-4,1976,-578,-1411,-4177,-279
220,1899,-674,-776,-1426,-242
423,1880,-700,-690,3775,-367
524,1928,-676,-353,6403,-1400
591,1901,-637,355,9200,-1593
615,1851,-675,-132,13930,-667
530,1906,-670,-2887,17408,-1065
372,1965,-495,-2463,14171,-1829
270,1920,-483,-2591,7999,-1417
146,1914,-519,-3636,6788,-891
-62,2058,-381,-4529,5942,-734
-149,2124,-229,-3412,968,-879
-20,2033,-222,-3066,-5725,-129
166,2034,-156,-3980,-3183,1580
266,2081,-29,-4115,-986,1687
316,2033,-27,-2940,-3335,1222
407,1922,-54,-2451,-2747,1310
575,1946,65,-4697,3116,1702
616,2026,198,-6338,4623,1228
626,1998,207,-5367,1064,1672
748,1949,87,-6055,2114,3124
753,1956,57,-9840,8546,2055
481,1970,64,-9406,7903,732
341,1934,50,-7570,2395,1635
454,1954,-80,-8624,2738,2695
577,1958,-149,-11942,8836,1087
460,1928,-121,-13600,4385,-271
400,1919,-67,-12387,1952,-573
479,1949,-103,-11036,1035,-484
625,1995,-47,-12285,3411,-764
604,2012,15,-14036,5724,-2466
391,1986,204,-13930,5979,-3899
230,1922,362,-11856,5614,-3553
195,1877,508,-9827,4357,-2059
203,1867,475,-10924,2910,-2759
117,1877,580,-12035,4099,-4930
32,1790,751,-11228,1839,-5193
22,1661,872,-10524,1748,-3254
7,1586,979,-9629,2163,-2584
-31,1553,1015,-9049,-1891,-2546
-35,1547,1108,-7795,-2626,-1932
-13,1534,1195,-6020,-1983,-1279
6,1529,1257,-5007,-1949,-1183
43,1528,1308,-3649,-1810,-1875
102,1490,1351,-3084,127,-2838
152,1441,1380,-2240,1522,-3423
144,1373,1374,-1732,3581,-3754
38,1304,1404,-1077,3451,-3397
-30,1290,1467,149,1654,-2317
-23,1328,1444,1221,477,-1429
-12,1342,1369,1254,654,-577
-6,1334,1348,1260,660,319
4,1312,1360,2022,633,841
23,1317,1333,2220,951,676
50,1352,1310,2135,2033,211
40,1393,1290,2307,2345,36
9,1441,1276,2243,2944,-292
-30,1499,1275,1628,3252,-188
-81,1515,1259,1213,1913,114
-126,1469,1235,1005,838,331
-138,1429,1239,728,-221,394
-122,1426,1241,668,-1140,256
-70,1463,1260,814,-998,216
-17,1496,1246,755,-610,23
26,1499,1214,458,344,120
30,1482,1219,510,302,432
18,1463,1218,1014,848,484
-16,1456,1208,1267,397,122
-16,1482,1224,737,337,141
6,1521,1243,430,1635,230
-19,1545,1242,236,2585,-260
-85,1538,1189,327,-81,-421
-86,1509,1178,123,-1209,-359
-85,1471,1195,166,-1588,-339
-77,1489,1202,685,-2443,-693
-7,1557,1182,373,-2293,-1076
70,1592,1145,201,-417,-1274
91,1583,1109,-236,-606,-692
116,1548,1133,150,283,-159
97,1520,1143,70,218,77
54,1522,1155,-41,-197,-85
45,1552,1164,138,-273,-385
66,1560,1159,256,-465,-501
74,1551,1153,10,-28,-492
73,1525,1158,57,-35,-154
63,1496,1172,439,-530,302
77,1497,1202,497,399,465
92,1522,1199,404,1191,406
74,1541,1168,146,1210,256
29,1542,1174,224,883,11
-16,1533,1185,-51,339,-43
-43,1524,1187,37,-84,-201
-34,1519,1189,340,-730,-217
10,1525,1178,474,-1038,-101
56,1545,1156,49,263,-41
62,1547,1149,-152,1112,17
42,1540,1163,-22,979,-9
14,1534,1167,162,376,-87
0,1534,1152,15,-11,-64
1,1544,1163,293,-376,-205
37,1547,1157,583,-202,-278
62,1548,1145,281,254,-124
56,1548,1134,-6,726,92
39,1548,1144,95,290,162
36,1541,1159,394,333,110
33,1541,1154,405,483,-34
23,1548,1145,165,12,-216
25,1556,1146,167,-73,-326
39,1555,1152,211,125,-172
49,1547,1156,203,407,19
35,1542,1150,189,519,81
18,1540,1159,131,396,-40
10,1536,1167,337,-109,-89
28,1540,1163,318,13,-3
40,1542,1166,289,290,-125
39,1542,1156,334,411,-178
38,1543,1154,148,354,-85
35,1538,1165,290,876,-17
26,1537,1159,277,246,15
30,1538,1159,229,151,-60
25,1548,1158,165,201,-110
23,1549,1156,214,-33,-45
41,1550,1160,170,419,-76
40,1542,1161,231,593,-49
23,1539,1141,205,-9,-77
29,1546,1152,198,310,-53
37,1551,1146,48,116,-53
35,1549,1155,-1,304,-68
26,1545,1148,195,-48,-13
36,1541,1146,237,97,111
50,1548,1151,192,602,65
52,1556,1146,407,475,79
35,1559,1127,123,526,26
13,1553,1137,231,261,-74
17,1548,1145,363,175,-30
26,1551,1139,419,162,44
23,1552,1129,350,197,-17
28,1556,1143,250,342,-113
28,1553,1151,230,372,-167
18,1547,1151,284,-289,-227
29,1548,1151,282,1,-199
40,1552,1142,143,365,-195
22,1553,1153,281,205,-388
6,1553,1154,331,-448,-458
29,1553,1152,181,-256,-351
59,1548,1143,252,45,-59
69,1545,1144,357,-134,162
81,1547,1154,505,548,146
77,1551,1149,187,1070,150
45,1545,1141,104,769,-13
19,1547,1155,198,124,-169
20,1552,1159,236,49,-200
29,1556,1145,200,184,-142
34,1552,1131,189,-9,-67
41,1554,1137,309,-49,51
45,1561,1138,193,510,52
36,1561,1136,156,614,-73
26,1559,1131,325,-16,-84
26,1557,1132,255,183,-178
34,1560,1133,240,100,-267
42,1563,1134,184,227,-271
46,1562,1137,310,302,-235
41,1560,1136,249,259,-178
39,1557,1131,237,347,-138
34,1554,1142,136,-28,-148
39,1552,1154,110,118,-165
35,1554,1153,47,255,-214
36,1552,1153,147,175,-279
38,1549,1135,-18,-360,-203
48,1550,1142,91,-235,-79
63,1553,1148,265,536,-35
64,1558,1143,216,630,66
54,1558,1134,106,721,87
31,1561,1121,-151,455,-40
14,1562,1130,104,108,-172
9,1559,1141,338,66,-132
21,1558,1142,475,-15,-139
38,1563,1134,118,85,-174
41,1561,1130,129,79,-161
43,1558,1143,133,363,-107
36,1553,1149,211,450,-121
27,1552,1138,71,164,-100
33,1547,1147,387,286,-204
32,1552,1143,255,-174,-207
49,1559,1143,258,228,-236
57,1565,1128,186,194,-213
58,1563,1128,170,575,-166
50,1555,1126,264,483,-104
33,1550,1127,183,372,-40
25,1557,1143,246,179,-207
25,1564,1154,78,327,-351
25,1555,1153,165,67,-313
30,1543,1151,219,-19,-283
43,1543,1150,68,49,-194
45,1545,1152,129,369,-196
44,1554,1145,-16,181,-179
50,1558,1139,-251,518,-249
38,1557,1142,-742,620,-281
11,1549,1155,-865,389,-396
-5,1539,1165,-1333,50,-610
3,1522,1172,-1688,-163,-716
10,1508,1162,-2612,-472,-396
0,1478,1207,-2668,-781,-163
-10,1451,1253,-2954,-1161,-166
14,1415,1316,-3434,-505,-31
49,1364,1387,-3790,264,229
94,1290,1483,-2654,2410,571
102,1214,1621,-1631,4073,1361
30,1176,1674,-1526,2466,1993
-47,1148,1625,-2070,883,2076
-101,1119,1638,-1085,639,2506
-177,1122,1681,-385,1768,2855
-265,1116,1680,-370,679,2695
-349,1082,1721,1661,-557,2157
-459,1076,1706,3412,-3914,938
-485,1073,1663,5029,-6072,-56
-450,1051,1568,8351,-7781,865
-331,1101,1453,10719,-8759,2482
-129,1246,1234,13184,-12799,4083
153,1520,995,15604,-11564,5646
467,1847,795,15800,-5982,6006
676,2009,579,15148,-2463,4025
695,2087,416,15048,220,1040
580,2137,255,15132,707,93
436,2102,100,15492,-382,1012
459,2037,14,16459,-3051,3297
709,2010,-46,15305,-1095,3228
899,2010,-47,12709,4521,848
810,2012,-8,9378,7298,-2413
437,2023,45,8505,6772,-4676
-66,2047,117,8999,1944,-4704
-386,1993,168,10385,-6460,-2753
-437,1914,155,13258,-13595,-275
-189,1879,-12,14741,-19184,1214
281,1929,-171,11780,-15708,20
723,2013,-193,9241,-8617,-3537
868,2000,-149,8921,-4715,-5797
836,1896,-71,10264,-4966,-5231
855,1790,-65,10209,-6657,-2315
815,1767,-3,8052,-3029,998
652,1936,117,6374,-614,1067
368,2230,132,3159,-3323,-1428
116,2275,172,2580,-8823,-2894
9,2058,66,5234,-16829,-715
170,1875,-213,4885,-18912,1991
586,1899,-315,2792,-11037,2870
1064,1894,-525,565,-2530,2144
1233,1852,-762,-2229,11808,253
763,1991,-591,-2446,15200,-1529
115,2010,-515,-1135,5104,-157
-337,1989,-529,-1576,-140,1463
-375,1887,-532,-49,-11130,281
191,1795,-770,-177,-7994,-437
842,1833,-919,-149,9600,637
921,1854,-888,120,14289,731
577,1950,-806,-581,15842,-1176
106,1978,-695,180,12255,-2187
-249,2022,-579,-150,6849,-1678
-281,1990,-464,480,-430,-1698
-41,1935,-465,1394,-2355,-1345
360,2018,-536,-721,4482,-141
562,2008,-519,-3829,10932,51
480,1824,-427,-1449,5079,-1005
441,1928,-371,-2151,7755,-1202
346,2126,-305,-4703,10546,-1450
154,2014,-248,-2441,2617,-2038
92,1910,-264,-1661,-4030,-760
210,2089,-175,-3934,3427,1180
282,2113,-107,-2497,1014,1272
427,1960,-117,-1083,-2537,1177
558,1938,-149,-3984,1943,2723
550,2008,-43,-6361,7732,2582
477,1964,48,-3259,2141,1864
576,1944,45,-2781,1170,1832
730,1997,-57,-5154,7075,2624
633,2018,-96,-7938,8923,2013
367,1992,-34,-7732,7130,911
198,1995,-37,-7267,4514,1165
242,1995,-110,-6408,2748,1606
418,1955,-219,-7361,3374,2665
563,1920,-165,-10031,6375,1968
538,1956,-149,-10689,5389,269
491,2000,-128,-10748,4624,-1087
515,2029,-12,-11083,4714,-2463
446,1993,-35,-12642,2636,-3476
296,1926,77,-13379,2966,-3400
200,1886,220,-11876,-54,-2534
262,1890,301,-10899,-1171,-2174
385,1910,307,-12742,-589,-3110
417,1902,471,-13466,2187,-4578
365,1857,615,-13095,3622,-4866
253,1753,692,-13437,4268,-4394
120,1643,868,-12347,3593,-4198
-23,1575,982,-11010,1220,-3768
-88,1531,1035,-10117,-1530,-3189
-74,1511,1104,-7730,-3486,-2248
13,1545,1144,-7134,-4430,-1735
159,1607,1168,-6192,-3809,-1723
277,1623,1237,-4972,46,-1697
286,1594,1279,-3868,2909,-967
194,1525,1289,-3620,3151,-565
97,1440,1313,-2660,2932,-1152
-6,1377,1367,-1688,3036,-1902
-61,1355,1402,-501,1272,-2099
-53,1354,1394,62,766,-1984
-54,1337,1404,1210,795,-1355
-75,1318,1418,2238,-16,-260
-68,1311,1421,2658,-404,199
-27,1318,1426,2861,-551,-299
46,1341,1424,2900,-291,-1335
104,1389,1351,2074,803,-2332
136,1425,1266,1656,1185,-2720
139,1438,1222,695,1161,-2065
129,1429,1210,425,1967,-727
87,1417,1224,300,2900,689
16,1420,1233,225,1645,1836
-24,1443,1263,542,-80,2110
-62,1469,1277,699,-1158,1384
-98,1487,1274,637,-2042,229
-78,1493,1239,749,-3065,-616
15,1491,1213,882,-2252,-775
126,1499,1198,599,-474,-653
195,1511,1189,230,1425,-301
192,1518,1175,325,2614,5
136,1523,1163,242,2651,307
67,1528,1155,382,1787,682
-2,1525,1149,481,948,855
-52,1510,1190,654,-744,771
-39,1514,1220,842,-1471,359
10,1527,1186,785,-873,-215
56,1537,1163,252,41,-503
84,1536,1172,-13,488,-533
95,1526,1163,-94,850,-269
89,1529,1157,85,981,114
77,1545,1146,171,577,339
61,1552,1149,162,668,461
14,1542,1150,-116,-159,428
-5,1535,1178,372,-753,42
15,1549,1165,440,-858,-219
40,1556,1139,61,-428,-320
64,1547,1154,182,-321,-355
91,1540,1151,87,295,-302
105,1537,1131,97,532,-105
99,1540,1152,268,641,-32
81,1542,1153,308,515,-100
63,1538,1148,192,-323,-88
71,1536,1170,274,-208,-205
71,1545,1159,198,-55,-211
76,1551,1152,163,313,-183
74,1552,1156,208,380,-103
71,1546,1155,218,258,-74
60,1539,1149,128,176,-283
61,1539,1152,30,-88,-456
75,1534,1168,71,-67,-477
82,1530,1177,78,-271,-433
92,1526,1167,-90,-302,-230
91,1522,1166,-90,-37,-22
92,1516,1185,6,-25,59
99,1510,1192,86,-93,47
104,1510,1183,-118,38,32
90,1506,1191,3,93,-96
86,1509,1201,162,-141,-201
98,1517,1193,10,-86,-195
107,1517,1181,-45,229,-85
106,1517,1182,250,240,-48
110,1528,1172,234,316,-58
102,1538,1158,-57,464,-75
86,1537,1161,81,617,-67
77,1533,1169,314,1,-54
86,1538,1161,170,328,-60
81,1539,1156,92,356,-74
76,1529,1169,150,-3,-26
87,1523,1176,324,72,-86
90,1525,1170,121,382,-103
83,1526,1170,-39,362,-218
85,1518,1170,166,12,-276
91,1518,1175,166,122,-276
93,1528,1169,103,305,-245
91,1535,1162,113,216,-229
92,1532,1169,301,413,-151
86,1530,1174,159,396,-227
83,1528,1173,69,380,-227
84,1522,1165,66,149,-294
88,1516,1185,132,408,-287
88,1520,1177,-76,186,-321
83,1522,1174,-49,36,-340
78,1523,1178,0,3,-251
86,1523,1177,341,30,-130
99,1531,1155,129,65,56
101,1537,1163,109,285,26
89,1536,1173,168,562,-84
71,1529,1164,90,292,-155
63,1527,1164,217,187,-186
68,1536,1162,126,-84,-72
74,1539,1164,89,396,-57
63,1532,1167,318,153,-146
66,1527,1168,293,-4,-169
78,1528,1164,319,217,-176
80,1530,1166,48,526,-77
68,1523,1181,289,637,-74
57,1521,1186,401,237,-149
60,1529,1166,173,173,-166
59,1533,1166,206,332,-194
52,1532,1179,417,257,-244
63,1537,1165,268,-166,-274
79,1534,1143,178,-71,-229
91,1532,1151,234,396,-142
89,1536,1159,250,913,-65
69,1539,1158,178,319,-174
60,1533,1162,155,-186,-232
63,1531,1158,149,149,-164
58,1538,1157,192,533,-178
47,1543,1170,334,-15,-300
52,1542,1167,376,-392,-405
70,1537,1153,185,17,-279
86,1532,1159,192,433,-225
85,1532,1163,229,437,-248
84,1533,1153,196,201,-45
78,1531,1147,293,255,66
74,1535,1164,320,478,-10
62,1540,1162,297,-24,-154
58,1543,1158,189,73,-237
59,1540,1155,208,-17,-183
73,1531,1157,363,-7,-89
86,1527,1165,253,472,-61
74,1530,1168,189,502,-161
66,1532,1166,125,60,-173
74,1528,1171,272,224,-33
73,1524,1171,209,449,153
63,1527,1174,240,175,163
60,1528,1169,263,-5,8
64,1532,1172,2,229,-93
58,1526,1173,114,144,-126
63,1525,1182,279,142,-134
73,1536,1170,221,41,-211
70,1540,1154,40,123,-162
71,1532,1162,194,71,-114
87,1529,1170,324,120,-85
99,1536,1151,6,368,-51
87,1541,1149,2,441,-88
75,1543,1157,48,328,-145
72,1534,1162,188,124,-136
72,1534,1157,17,76,-114
85,1539,1155,13,-97,-67
107,1546,1152,-302,98,20
122,1543,1152,-472,397,210
124,1527,1141,-886,60,303
132,1511,1186,-1223,-97,130
136,1486,1259,-2028,455,-396
95,1438,1269,-3164,864,-478
-1,1361,1275,-3818,277,-155
-79,1279,1383,-2920,-1419,246
-57,1248,1467,-1966,-1605,544
-11,1267,1474,-1875,-2268,641
38,1271,1451,-1557,-2232,596
96,1251,1507,-641,-747,917
106,1222,1504,48,625,1304
58,1202,1523,475,952,2258
-47,1176,1552,2088,476,2596
-138,1169,1543,2967,-133,2424
-205,1216,1542,4002,-2078,1898
-228,1284,1548,6979,-2216,1220
-237,1394,1474,8923,-5054,1368
-196,1503,1381,10995,-7397,1695
-77,1610,1205,13953,-8287,2253
46,1698,1054,15589,-7969,3681
228,1791,913,17170,-7729,4848
406,1905,659,17690,-7385,4008
522,1992,423,16928,-5643,1191
597,2019,279,16941,-3907,-1164
695,1977,125,16811,-3597,-1480
874,1864,84,16048,-777,-252
1104,1757,97,13748,4120,-80
1075,1727,83,11402,10058,-3045
722,1803,104,11546,9904,-4081
354,1875,133,12365,5917,-2163
130,1892,208,10541,3862,-1039
-172,1932,305,10424,1932,-2303
-459,1915,221,13929,-10742,-1018
-177,1950,90,14403,-13703,207
393,2017,-1,12089,-7976,-1436
778,1976,-41,10089,-2538,-2119
896,1873,-91,10271,1231,-756
755,1973,-142,8105,1752,-616
466,2149,-121,5643,1532,-1108
121,2121,-100,4937,-3070,-743
-78,2021,-90,4934,-10124,-329
-23,2059,-169,3022,-11377,1017
-1,2089,-296,694,-9959,1983
38,1977,-380,641,-15001,459
364,1838,-579,1229,-16236,59
784,1922,-765,-1310,-1285,662
752,1958,-746,-1455,2187,797
495,1918,-645,-332,-1389,-7
327,1903,-665,-294,-3509,-613
312,1897,-675,-331,-542,220
361,1853,-668,-256,-2066,82
481,1841,-662,-629,1526,-309
565,1835,-720,-176,5801,-21
482,1919,-686,-306,9694,-481
285,2012,-651,-792,7113,-1955
214,1943,-577,-475,5644,-2332
215,1923,-563,-454,7917,-1222
204,1936,-543,-728,7549,-871
271,1943,-525,-1036,6834,-1127
311,1959,-510,-3253,10193,-1723
223,1972,-448,-3711,10884,-1690
69,2046,-352,-3158,7515,-1392
60,2037,-279,-2207,471,-1900
158,1993,-251,-2057,-2185,-899
248,1975,-215,-2062,-160,1748
368,2009,-128,-1361,2054,2928
557,2062,-127,-1807,294,2158
660,1968,-220,-1640,1615,2028
672,1932,-290,-3728,7291,2758
541,2015,-231,-6687,7022,1750
451,2043,-92,-6296,5209,2031
531,2019,-18,-7230,4831,3240
486,2073,-9,-10116,9470,1949
173,2060,13,-10812,6589,294
-50,1998,70,-9374,-2151,417
47,1973,15,-8363,-4439,1610
335,1928,-98,-7741,-2634,2169
639,1915,-115,-9055,534,2014
792,1938,-103,-11732,4161,543
751,1946,-134,-13781,6509,-1517
673,1945,-49,-13290,6493,-3088
665,1924,30,-13764,5784,-3385
598,1894,120,-14450,6506,-3908
465,1875,292,-13204,7908,-3551
337,1843,384,-12684,7605,-2959
191,1789,359,-14029,4676,-2135
11,1788,573,-13080,4437,-2839
-152,1805,696,-12234,1155,-3119
-211,1777,800,-12416,-2677,-3355
-174,1692,903,-10827,-3657,-3482
-90,1601,998,-9653,-2022,-2614
3,1549,1151,-7779,-1090,-1804
24,1537,1231,-6814,-1188,-1980
44,1546,1300,-6109,-1419,-3190
103,1500,1296,-5669,-2296,-4060
175,1411,1313,-5345,-614,-4227
240,1352,1380,-4521,1099,-3690
258,1337,1380,-3932,2479,-2951
210,1332,1406,-2848,4200,-1507
97,1358,1456,-1783,3649,-310
-15,1349,1430,-696,1891,168
-107,1303,1439,228,744,620
-195,1267,1498,1573,-682,872
-199,1265,1523,3034,-2101,708
-98,1295,1486,3886,-2628,-13
34,1349,1418,3608,-791,-810
127,1368,1350,2763,1403,-1138
160,1376,1316,1932,2604,-930
153,1377,1293,1897,3202,-812
110,1382,1254,1425,2616,-517
48,1397,1221,753,2374,-47
-14,1421,1240,514,2169,138
-69,1458,1268,1002,179,223
-68,1511,1246,962,-1157,112
-45,1530,1198,539,-1885,300
-39,1524,1197,339,-1649,242
-45,1495,1225,704,-1864,49
5,1473,1236,804,-1908,-34
79,1476,1225,282,-191,-450
109,1478,1205,-156,1053,-516
89,1459,1217,78,963,-398
70,1432,1247,336,298,-117
64,1422,1277,784,-77,301
65,1458,1288,506,395,537
43,1485,1254,350,498,271
38,1491,1238,736,401,45
45,1492,1215,706,358,-114
49,1490,1198,366,841,-106
48,1501,1187,196,377,28
65,1523,1185,242,937,-109
55,1532,1168,273,457,-228
36,1532,1153,-154,328,-383
33,1528,1161,-125,-334,-179
48,1522,1184,169,-443,-38
63,1524,1191,27,319,-248
56,1523,1181,68,128,-437
51,1522,1182,22,-457,-389
58,1510,1190,2,-212,-220
64,1497,1198,-181,134,-51
66,1490,1212,28,470,-102
59,1497,1212,161,-384,-231
62,1501,1209,-54,-153,-322
65,1498,1212,82,-68,-369
76,1498,1206,296,-113,-304
89,1505,1202,370,194,-223
91,1514,1192,21,566,51
82,1505,1192,76,878,56
56,1496,1194,218,276,11
57,1500,1211,392,461,-43
49,1514,1188,-23,96,-116
46,1512,1195,41,175,-306
46,1497,1210,291,-296,-282
64,1497,1209,34,100,-249
76,1493,1190,-30,236,-204
79,1492,1217,7,301,-121
80,1493,1233,282,962,-95
70,1497,1198,69,301,-65
59,1497,1210,173,315,-148
60,1500,1219,408,94,-206
65,1502,1194,103,208,-189
57,1499,1183,-31,193,-164
64,1499,1197,320,-93,-14
77,1511,1205,265,665,-16
67,1518,1191,34,508,-86
50,1512,1194,40,400,-206
34,1504,1197,118,165,-208
25,1503,1195,313,-213,-85
27,1512,1199,187,-386,-38
44,1512,1198,242,-632,-91
62,1504,1193,270,-459,11
80,1500,1198,386,220,21
82,1505,1190,128,527,-14
75,1508,1192,427,516,-31
62,1507,1193,229,549,-87
46,1499,1202,393,412,-101
43,1501,1207,177,624,-101
41,1499,1203,276,504,-45
35,1497,1206,120,261,-120
36,1500,1213,149,-98,-181
42,1508,1202,127,226,-195
38,1509,1198,132,146,-151
46,1502,1202,205,313,-152
54,1504,1188,207,-202,-213
69,1514,1182,110,-32,-197
79,1519,1190,118,409,-47
74,1512,1195,69,756,-74
56,1500,1197,206,166,-27
55,1504,1206,216,173,-108
60,1512,1195,214,22,-172
65,1512,1194,212,168,-87
71,1507,1197,208,16,-11
80,1501,1187,283,222,33
83,1503,1195,167,320,99
85,1508,1201,237,539,136
81,1511,1196,293,661,128
60,1513,1189,212,975,34
36,1516,1185,284,509,-3
36,1515,1198,314,-48,106
36,1516,1192,65,252,6
34,1512,1193,255,78,-100
42,1519,1193,289,419,-171
45,1520,1182,180,287,-205
41,1516,1183,199,-33,-174
48,1516,1194,301,-136,-172
64,1514,1190,250,530,-56
60,1511,1192,381,526,9
53,1510,1196,231,246,-83
51,1505,1181,168,-131,-189
50,1502,1193,175,237,-113
63,1514,1206,570,81,-88
75,1530,1181,327,180,-92
70,1526,1151,38,374,-24
58,1513,1177,396,484,21
48,1522,1187,615,313,-33
35,1539,1159,290,337,-252
21,1538,1163,117,-142,-427
26,1528,1189,330,-314,-473
55,1520,1194,220,-141,-351
69,1511,1187,77,120,-300
61,1501,1198,142,49,-254
67,1490,1211,420,-323,-97
95,1494,1203,259,-285,104
104,1503,1192,241,332,155
96,1502,1193,172,616,259
83,1499,1202,313,687,213
62,1505,1202,278,750,192
38,1513,1191,255,135,55
32,1520,1188,248,533,-204
35,1522,1182,288,192,-241
43,1521,1172,185,10,-95
48,1526,1170,432,-185,-45
67,1538,1169,275,532,-28
68,1535,1161,305,627,-47
56,1525,1170,91,683,-138
44,1524,1186,335,2,-268
48,1530,1180,64,148,-320
52,1522,1183,118,120,-264
61,1511,1186,311,-237,-142
79,1514,1186,96,261,-87
84,1518,1177,69,175,-10
81,1519,1191,260,427,52
82,1524,1177,229,124,46
78,1529,1160,-55,512,-41
61,1527,1166,41,370,-21
51,1523,1174,196,268,-44
47,1525,1172,33,-82,-38
46,1533,1173,-165,-118,-94
52,1528,1178,-389,-434,-150
69,1518,1194,-674,-328,-199
67,1508,1220,-1231,-186,-532
43,1489,1267,-2166,-1087,-1047
21,1444,1291,-3479,-798,-1313
-19,1357,1301,-4416,812,-752
-55,1246,1408,-3827,-944,-278
-57,1156,1541,-2871,-2002,71
-3,1106,1536,-2399,-2965,25
112,1114,1561,-1942,-2056,350
186,1139,1617,-783,-744,1653
175,1151,1655,511,1083,3498
82,1125,1628,2048,1591,4845
-33,1089,1581,3006,1316,5042
-124,1096,1577,4022,606,4259
-177,1162,1593,5086,-530,3005
-229,1258,1592,7927,-1449,1767
-299,1365,1457,9448,-4365,1283
-313,1464,1336,12570,-7846,1931
-178,1636,1106,15023,-11276,3574
69,1841,902,16475,-10065,4812
346,1989,740,17308,-6729,4823
562,2030,469,17099,-6168,3079
666,2050,337,16391,-2323,935
681,2013,203,15900,-1743,-654
701,1932,158,15040,-791,-1137
785,1859,129,14895,872,-1405
879,1824,102,12687,3072,-2154
838,1831,117,9904,6679,-4642
502,1927,123,10772,6440,-5749
101,2035,68,10804,270,-4637
-123,1985,59,12129,-5993,-3602
-100,1863,70,13286,-11420,-1591
236,1793,107,14077,-12115,1181
682,1807,51,13038,-4843,1332
946,1874,0,10724,2725,-1530
963,1892,-8,9096,4957,-3070
733,1904,75,8440,7231,-2365
388,1994,149,9353,4529,-749
100,2088,145,9189,-1400,250
-50,2131,160,8973,-5850,1288
-145,2126,-101,5322,-13123,2663
-174,2112,-168,2456,-11487,1761
-41,2041,-238,2099,-17606,608
333,1975,-416,-117,-12828,1930
575,2006,-465,-1270,-5029,2199
604,1958,-632,-1895,-651,1791
447,1896,-717,-1047,-1209,843
216,1915,-782,-775,-2796,-85
45,1906,-826,-205,-4655,-729
70,1911,-757,-7,-6293,-1060
341,1923,-742,-250,-6024,-1273
643,1879,-735,-648,612,-723
748,1864,-720,-516,6073,-410
706,1879,-663,-268,9625,-835
542,1924,-601,472,9521,-2152
382,1889,-624,1195,8779,-2507
334,1877,-600,-205,10158,-1870
365,1934,-522,-967,10938,-1413
298,2018,-450,-1969,10343,-2072
179,1869,-476,-1402,4758,-1979
160,1879,-443,-2329,4689,-526
188,2084,-327,-3927,7330,-477
125,2167,-230,-5116,4770,-1884
34,2012,-216,-3782,-1485,-1388
125,1967,-187,-4142,-1383,1134
284,2056,-57,-4511,1679,2582
461,1931,-22,-736,-277,2792
755,1836,-163,-569,-1403,5201
1000,1944,-239,-6290,11649,5468
734,2073,-125,-7653,14063,1652
327,2058,-59,-5031,4387,-44
351,1996,-66,-4261,1226,2052
555,2009,-147,-6782,8729,3899
357,2013,-168,-7182,6748,3019
22,2030,-88,-7333,3856,952
-86,2073,-56,-7372,-371,68
72,2051,-168,-7232,-3197,1044
343,1979,-92,-8013,-179,1229
529,1959,-37,-8872,1487,101
554,1964,-15,-10471,1484,-1740
629,1964,67,-10225,1338,-2573
679,1951,75,-11777,3063,-3256
666,1919,113,-12341,3055,-3405
571,1879,118,-12608,3713,-3407
461,1885,250,-11284,3027,-3185
427,1882,313,-10149,1446,-2083
431,1889,334,-12341,3555,-2646
280,1872,400,-13309,5411,-3638
70,1817,574,-13041,4686,-3805
-118,1742,764,-11752,784,-3549
-179,1674,873,-11370,-3088,-3171
-70,1594,928,-10476,-5323,-2870
66,1542,1052,-9486,-3191,-2759
177,1515,1120,-7729,-3813,-1919
273,1523,1147,-6708,-3015,-1519
323,1566,1184,-5464,-756,-1858
390,1592,1191,-5317,99,-2524
442,1546,1231,-5031,1943,-3029
423,1478,1266,-4604,4322,-2808
313,1394,1318,-3984,5678,-1825
148,1332,1382,-2819,3850,-524
-6,1296,1440,-1063,1566,169
-66,1288,1440,-321,-134,-22
-56,1309,1475,532,104,-557
-58,1339,1483,1367,-101,-861
-46,1350,1484,2463,-160,-944
-15,1354,1430,2788,-135,-956
50,1361,1384,2742,1174,-827
100,1381,1321,2709,1896,-772
120,1406,1260,2382,2985,-708
86,1432,1222,1737,2626,-427
46,1447,1226,1288,2322,8
2,1444,1223,963,2143,418
-49,1433,1262,1204,1362,867
-93,1440,1271,951,374,875
-108,1447,1263,962,-772,608
-93,1460,1262,997,-1768,2
-25,1482,1275,1122,-2313,-570
70,1486,1244,845,-1315,-758
138,1480,1211,570,-12,-560
163,1477,1219,470,947,-298
159,1475,1217,662,1774,99
130,1487,1189,445,1736,513
100,1504,1188,240,1299,635
70,1509,1207,219,1010,271
27,1516,1209,82,178,28
1,1516,1187,228,-458,23
11,1513,1181,230,-913,216
56,1525,1177,95,-408,169
77,1537,1159,120,-48,83
90,1539,1153,146,212,67
99,1532,1147,13,318,8
100,1531,1153,95,706,-18
76,1542,1155,-15,894,-18
54,1551,1145,10,41,137
52,1554,1142,66,456,129
40,1547,1140,171,137,239
39,1531,1156,265,-231,333
47,1529,1163,343,-473,137
63,1538,1159,385,-66,-233
84,1548,1158,500,117,-474
104,1546,1137,165,201,-402
117,1532,1145,314,123,-237
125,1538,1170,393,883,-192
114,1563,1153,310,1251,-369
77,1575,1120,-45,323,-233
50,1556,1138,80,56,11
52,1525,1153,429,-422,228
73,1518,1178,412,-573,200
92,1524,1190,183,-30,-398
96,1523,1183,154,200,-638
89,1513,1190,-192,316,-417
85,1500,1199,-113,-93,24
85,1496,1208,-100,15,95
96,1498,1205,236,-40,-33
111,1511,1189,312,27,-114
114,1527,1173,112,380,-142
102,1534,1168,61,213,-44
88,1528,1169,-16,392,-26
87,1516,1179,283,110,45
90,1521,1186,367,386,-5
77,1532,1170,183,625,-142
61,1533,1161,-128,177,-190
70,1523,1174,242,113,-182
84,1523,1167,300,-203,-123
93,1536,1160,195,50,-154
97,1541,1153,141,122,-110
100,1535,1162,212,40,4
103,1529,1172,152,461,-111
95,1529,1175,232,976,-205
80,1527,1163,110,267,-118
74,1529,1166,145,-126,-130
82,1535,1165,309,-145,-125
91,1536,1162,243,391,-89
83,1539,1162,103,204,-145
77,1537,1161,200,-31,-222
84,1538,1166,325,-28,-223
84,1540,1155,278,138,-179
90,1540,1159,117,138,-131
95,1536,1163,187,404,-117
85,1536,1168,105,601,-159
60,1530,1167,280,426,-97
50,1528,1161,333,-541,-54
76,1532,1167,538,-484,-132
103,1541,1159,380,-283,-90
118,1541,1157,-4,799,-24
98,1530,1164,-7,1110,-23
65,1517,1174,-58,447,-27
44,1515,1182,-54,-195,-206
50,1520,1184,155,-321,-324
66,1532,1179,229,-443,-245
92,1535,1164,78,-193,-188
115,1538,1158,88,86,-121
121,1537,1150,76,863,-52
105,1532,1163,342,539,71
85,1535,1164,212,651,44
74,1542,1157,197,199,-88
73,1547,1158,118,447,-218
70,1541,1161,219,176,-161
76,1535,1161,311,43,-140
83,1535,1154,260,-130,-67
97,1540,1159,245,399,-79
98,1539,1157,262,598,-130
94,1537,1154,172,245,-118
89,1532,1148,167,160,-144
86,1534,1163,255,533,-116
77,1538,1167,198,442,-189
69,1534,1161,29,131,-145
71,1528,1163,-74,-336,-145
89,1523,1176,137,-284,-97
99,1530,1168,174,36,-71
99,1534,1171,168,639,-40
82,1534,1175,214,122,43
77,1535,1178,113,416,-91
77,1533,1167,119,-118,-134
89,1528,1164,71,114,-100
92,1525,1177,236,128,-172
100,1533,1177,252,276,-230
106,1537,1157,161,540,-67
95,1536,1158,138,502,54
90,1533,1170,517,224,-42
94,1536,1166,267,264,-139
88,1532,1153,93,379,-196
96,1525,1158,411,463,-37
104,1538,1162,289,526,58
104,1546,1158,271,690,1
90,1544,1152,149,297,106
72,1533,1158,326,429,57
71,1537,1172,204,282,-57
76,1542,1161,353,421,-228
73,1544,1149,351,109,-184
84,1545,1158,381,36,-27
103,1547,1156,202,540,18
91,1541,1153,92,808,-42
72,1535,1155,232,512,28
58,1542,1150,275,-46,-45
74,1550,1151,241,-210,-121
101,1549,1147,84,169,-112
100,1537,1146,-304,734,-38
70,1523,1163,-181,718,-58
36,1520,1173,-37,97,-106
20,1531,1176,-11,-461,-132
37,1543,1183,103,-121,-370
50,1545,1178,85,-145,-688
58,1541,1165,55,-750,-703
90,1540,1150,52,-380,-504
117,1546,1133,-150,61,-134
121,1544,1138,-204,497,84
113,1537,1152,-250,442,214
110,1533,1162,-669,464,198
92,1530,1156,-612,-76,1
72,1520,1190,-952,-54,-499
51,1481,1233,-1508,-484,-1044
49,1430,1271,-2570,-219,-1307
68,1369,1310,-3658,1035,-1062
80,1302,1356,-4174,1470,-571
54,1244,1444,-3036,1276,-32
-13,1206,1553,-1703,-1361,975
-4,1180,1556,-696,-2823,2616
70,1177,1525,-472,-2364,4261
121,1180,1593,100,-561,5280
83,1156,1680,992,875,5094
4,1090,1631,2216,956,4124
-62,1070,1598,3196,1564,2840
-97,1115,1601,5150,-265,2181
-136,1222,1554,7709,-2227,1997
-140,1352,1432,9514,-2648,1680
-99,1512,1296,12065,-6217,2117
-56,1713,1092,13381,-5860,1936
-20,1866,925,14364,-7029,2552
89,1943,792,16457,-8469,3163
257,2002,564,16174,-8857,2713
458,2011,415,16260,-5979,1350
631,1983,274,16403,-4197,227
762,1940,174,15325,-2667,-552
837,1887,155,13741,392,-1860
842,1843,136,12018,2748,-3144
770,1843,102,11086,3393,-3631
631,1865,85,10421,2917,-3739
449,1894,126,10718,2114,-3515
248,1913,120,11290,-149,-3051
83,1904,143,11324,-2448,-2610
51,1880,167,12670,-6053,-1045
278,1841,178,13786,-6795,673
660,1827,103,14500,-3126,1034
944,1834,-29,11606,3838,-132
884,1873,-29,9388,9405,-2002
485,2064,61,8807,8660,-3970
102,2219,81,8460,14,-3962
-156,2211,66,7204,-5375,-242
-342,2065,2,7437,-12867,3908
-366,1976,-113,7879,-20203,3569
-42,1998,-412,3404,-21381,1731
353,1946,-548,237,-11372,146
668,1961,-595,992,-9606,-384
720,2085,-559,-814,-191,1148
400,2018,-617,-1428,-1454,1569
113,1867,-741,-450,-5566,482
207,1809,-801,-171,-8003,-375
530,1870,-831,-497,-3432,239
603,1906,-844,-1000,1282,956
454,1878,-803,-1177,1512,151
380,1873,-781,-861,1180,-904
389,1807,-810,-12,2936,-620
363,1856,-812,319,5142,-670
255,1975,-682,-198,5678,-1889
210,1878,-608,1110,2011,-2014
308,1889,-598,889,5529,-1463
520,1929,-566,45,10661,-377
677,1847,-501,128,13613,726
635,1903,-528,-282,16007,-389
419,2064,-556,-2230,19179,-2288
79,2138,-425,-4083,19517,-3248
-306,2011,-346,-3004,7946,-3293
-467,1896,-333,-205,-3973,-1274
-262,2022,-253,-852,-2471,1177
63,2161,-219,-2384,-235,1829
343,1992,-312,-62,-4143,1283
590,1875,-364,-165,-3763,1990
838,2011,-309,-3455,7387,2932
873,2080,-295,-5337,9529,1925
819,1999,-250,-5205,8958,43
691,2004,-207,-6756,9021,-26
487,2056,-184,-7816,9128,1233
312,2007,-226,-7691,5935,2279
168,1994,-220,-8095,2774,1303
73,2044,-258,-8585,1180,518
133,2020,-331,-8224,-2224,1876
392,1930,-307,-8278,-1307,2992
630,1907,-249,-8901,3263,2196
647,1963,-193,-11252,5110,-320
555,2064,-73,-13166,5087,-2890
485,2036,-3,-13223,4597,-5357
451,1948,45,-14052,163,-5374
502,1857,211,-15349,1703,-4443
470,1757,249,-15180,3023,-3482
371,1735,362,-13708,2946,-2383
284,1777,408,-13606,887,-1675
216,1814,451,-15306,241,-2914
127,1804,577,-15436,1311,-4327
28,1752,650,-14758,1145,-4276
-30,1683,792,-13109,-477,-2975
-23,1637,957,-10526,-3773,-1726
23,1671,1039,-9152,-4330,-1939
96,1694,1122,-7901,-3299,-1962
172,1652,1211,-6819,-1012,-1668
242,1608,1257,-5392,691,-1417
261,1543,1271,-3713,2401,-1248
224,1465,1306,-2301,3119,-867
163,1423,1332,-970,4329,-1178
40,1391,1316,-426,4611,-1272
-91,1389,1357,-67,4472,-1035
-190,1378,1372,894,3820,-1121
-269,1353,1338,578,1195,-1198
-307,1338,1389,588,-1057,-1330
-304,1308,1434,1887,-2537,-1512
-234,1298,1433,2138,-3818,-1338
-92,1309,1440,2129,-4115,-1340
35,1312,1406,2773,-4258,-1555
182,1340,1398,2673,-3529,-1125
321,1398,1342,2206,-1886,-395
359,1435,1272,1440,1137,-206
306,1442,1209,792,1091,-107
270,1429,1204,462,1225,117
264,1411,1236,325,2575,548
211,1441,1267,-48,4031,762
69,1492,1252,31,3015,368
-70,1523,1222,-320,100,-221
-133,1529,1196,162,-2988,-427
-86,1514,1199,605,-4150,-560
52,1495,1197,509,-3928,-505
181,1510,1174,8,-1180,-411
253,1533,1132,-314,697,-180
271,1534,1132,-503,1683,150
237,1525,1155,-177,2210,442
165,1525,1154,-300,2393,474
71,1531,1160,-314,1018,171
-10,1543,1182,32,-417,-530
-17,1556,1167,34,-1929,-907
43,1559,1146,56,-1993,-836
126,1551,1149,-8,-1013,-614
187,1534,1157,175,335,-463
196,1523,1133,-194,1039,-263
179,1514,1138,-392,748,-9
167,1510,1190,-177,844,19
154,1514,1195,11,904,-54
125,1513,1168,-279,107,65
112,1508,1194,-21,286,62
108,1509,1203,122,90,-18
104,1512,1188,26,175,-82
107,1516,1180,64,-42,-148
127,1522,1192,202,491,-155
134,1531,1178,130,899,-166
114,1539,1171,-50,1003,-358
77,1531,1162,209,134,-294
71,1526,1173,374,-304,-281
92,1525,1170,295,-62,-239
100,1522,1173,201,-17,-232
115,1513,1185,423,-184,-145
143,1513,1185,200,494,25
144,1511,1176,284,857,212
133,1501,1198,225,838,402
112,1497,1214,327,942,117
82,1507,1198,221,321,-239
82,1516,1182,342,139,-286
97,1529,1181,304,173,-124
109,1531,1177,249,589,81
91,1521,1176,256,987,87
65,1511,1177,170,347,58
60,1516,1179,234,131,-109
67,1535,1175,277,363,-302
71,1541,1158,48,-40,-279
81,1530,1174,63,-107,-247
96,1517,1174,54,64,-73
95,1513,1168,30,485,99
91,1517,1179,199,348,114
85,1529,1173,-29,-291,-86
93,1526,1175,138,-103,-207
106,1514,1178,185,-264,-103
127,1513,1184,205,510,7
125,1524,1174,76,651,-24
107,1526,1167,-19,399,-105
98,1517,1184,125,203,-62
103,1517,1189,171,468,10
99,1522,1172,260,385,60
90,1526,1171,226,3,-85
99,1524,1169,307,-153,-145
113,1527,1163,89,72,-30
120,1529,1168,271,642,20
119,1531,1171,345,544,8
110,1536,1162,104,514,-131
92,1536,1156,52,387,-155
77,1526,1176,287,196,-159
83,1520,1177,319,-187,-132
102,1525,1165,127,-251,-103
115,1529,1177,70,375,-101
102,1523,1184,368,242,-139
101,1519,1174,278,5,-105
112,1519,1170,134,409,-96
109,1520,1174,65,371,-187
99,1519,1185,254,200,-266
94,1521,1177,332,121,-219
102,1527,1174,312,70,-137
105,1529,1152,341,-24,-189
109,1532,1167,209,370,-186
100,1530,1171,323,385,-147
93,1530,1170,325,17,-70
96,1528,1174,182,55,-135
104,1521,1185,151,91,-223
108,1518,1186,111,101,-163
113,1514,1181,421,166,-170
111,1520,1183,273,51,-47
110,1524,1188,407,177,-85
115,1528,1173,263,290,-83
113,1525,1160,261,304,-49
102,1527,1165,232,482,-139
92,1535,1167,335,493,-272
88,1541,1156,280,101,-250
94,1535,1148,298,-37,-197
103,1536,1152,269,268,-226
103,1541,1163,326,220,-166
102,1539,1163,340,16,-252
109,1531,1166,395,233,-241
110,1528,1166,279,331,-176
106,1525,1170,218,164,-208
105,1524,1173,251,268,-139
100,1523,1173,133,107,-103
102,1523,1184,200,194,-172
108,1523,1182,185,63,-198
114,1516,1174,206,253,-86
116,1521,1171,98,523,28
110,1533,1169,212,411,45
97,1542,1166,262,402,-29
82,1541,1158,107,290,-191
79,1534,1154,135,-145,-226
97,1535,1153,268,-23,-181
103,1546,1150,269,422,-116
102,1553,1150,219,374,-105
100,1548,1151,160,185,-157
108,1535,1161,360,303,-98
112,1535,1160,568,636,-19
99,1544,1156,225,497,-79
89,1542,1147,75,-41,-82
89,1536,1154,153,140,-25
86,1536,1161,82,379,-27
78,1536,1175,305,219,-211
78,1535,1164,257,-5,-262
86,1536,1141,68,-307,-217
103,1540,1161,87,69,-277
124,1548,1169,113,290,-344
125,1542,1141,-344,238,-153
136,1529,1135,-570,-164,191
151,1521,1109,-1051,-1027,627
158,1532,1147,-1283,-350,465
164,1523,1218,-1670,152,66
133,1491,1247,-2419,-880,62
74,1438,1245,-2983,-487,420
49,1367,1330,-2559,207,743
60,1311,1375,-2228,-1276,944
102,1292,1401,-2513,-861,1222
146,1278,1460,-2532,171,1360
163,1234,1528,-1368,555,1492
148,1191,1532,-1580,2366,1678
74,1153,1509,-1438,2071,1862
-14,1124,1567,-450,2240,1778
-102,1118,1655,1232,1754,2205
-229,1114,1608,3155,-961,2380
-243,1155,1623,4337,-2093,2137
-217,1250,1605,6500,-4531,1723
-194,1340,1562,8737,-3268,1260
-182,1401,1452,10720,-5887,807
-127,1486,1263,13710,-8509,1734
-54,1671,1072,14763,-9862,3019
100,1858,887,16267,-8926,3007
338,1971,671,17424,-8350,2622
593,1993,434,17563,-7446,1955
807,1943,264,17285,-3365,1291
961,1876,132,16933,-1370,1260
1145,1828,66,15677,2460,968
1255,1806,39,12051,8310,-1642
995,1834,50,8129,12978,-5913
422,1939,120,7970,11731,-8133
-226,2076,148,10017,3101,-6938
-619,2067,116,11512,-8812,-4256
-571,1931,41,13023,-18874,-1356
-121,1899,111,16868,-20122,815
540,1997,-19,12738,-10281,-1310
1061,2091,-223,9907,-6477,-5240
1355,1899,64,10751,8914,-6105
961,1667,80,10726,6753,-1570
535,1716,51,11867,912,936
258,1910,144,10322,-414,92
106,2015,143,9678,-8246,258
180,2048,-43,6832,-12514,1648
236,2018,-110,6404,-12180,3169
398,1922,-383,4736,-13820,2947
564,1975,-531,223,969,383
273,2215,-407,-1905,925,-884
89,2141,-492,-2206,-6255,383
218,1973,-671,-2443,-3606,1477
334,1800,-770,-1063,-1992,1379
495,1688,-896,41,-937,926
585,1853,-893,-174,6937,-182
398,1969,-863,33,11352,-1367
72,1942,-733,1416,10757,-1977
-106,2004,-704,546,7099,-2754
38,1974,-617,1012,5275,-2055
289,1936,-595,645,6289,-616
439,1947,-668,46,11032,-1563
364,1963,-606,-1144,13146,-2427
238,1941,-462,-697,7400,-2001
257,1867,-375,613,5318,-604
304,1973,-374,-1360,8351,-334
127,2089,-264,-2933,8129,-1523
-58,2014,-217,-1807,-1912,-2190
123,1922,-271,-1276,-5437,259
547,2012,-234,-3402,2869,2327
674,2124,-162,-5028,8096,320
622,2064,-251,-5934,5361,-978
546,1983,-340,-6756,4321,1356
459,1993,-250,-6814,10671,3056
238,2011,-190,-5134,3186,2887
184,1976,-259,-4377,-2075,3234
365,1999,-302,-6440,863,5024
456,2072,-295,-9032,6000,4113
291,2083,-241,-9562,5062,1613
158,2049,-195,-9307,-1949,454
266,2005,-191,-10338,-2400,150
515,1980,-134,-12755,586,408
684,1946,-110,-14534,2640,-644
650,1902,-25,-16924,3869,-2706
590,1901,135,-17211,3402,-4027
545,1843,149,-15724,2295,-4052
541,1770,199,-15376,2388,-2422
542,1713,273,-15692,3922,-1297
417,1709,455,-15417,7521,-1468
237,1763,508,-15588,4345,-2693
100,1807,606,-14843,2712,-4020
19,1818,730,-13546,379,-4361
-29,1749,829,-12560,-1839,-4216
-112,1679,1003,-10371,-2505,-3775
-163,1640,1115,-7791,-5357,-2760
-60,1639,1162,-5754,-5530,-1920
98,1647,1231,-4420,-2941,-2642
214,1604,1255,-3832,-1405,-4252
274,1499,1271,-4003,330,-4994
262,1380,1343,-3507,3059,-4834
184,1268,1384,-3186,3912,-4149
47,1190,1488,-2031,3718,-2881
-100,1167,1634,-123,1839,-1006
-213,1157,1725,1701,-641,569
-214,1139,1725,3105,-3302,399
-76,1162,1648,3680,-5437,-1264
82,1207,1516,3438,-4448,-1851
176,1278,1403,2597,-2420,-932
205,1316,1327,2864,-1561,1006
288,1361,1265,1929,-72,1837
350,1387,1243,813,5639,1611
254,1442,1267,45,7749,1227
82,1489,1246,111,5948,874
-58,1527,1221,244,2296,662
-129,1549,1208,803,-358,429
-159,1547,1177,1047,-2652,607
-117,1520,1168,1030,-4665,568
-15,1496,1154,787,-4648,587
104,1491,1163,414,-1570,609
242,1513,1169,169,978,54
312,1529,1138,-131,2636,-502
296,1528,1132,-526,3153,-408
223,1518,1155,-626,2562,63
109,1529,1170,-309,1505,326
45,1539,1176,-52,179,219
22,1540,1179,-234,-1186,115
40,1534,1183,-37,-1468,5
73,1530,1172,60,-1750,-196
133,1527,1172,49,-1464,-362
204,1523,1166,-148,-820,-419
249,1516,1170,-351,724,-611
243,1506,1164,-351,903,-521
223,1500,1177,-367,1325,-325
182,1502,1170,-472,1116,-120
141,1505,1172,-179,335,-199
116,1510,1176,24,-652,-306
119,1520,1179,194,-723,-193
136,1528,1171,82,-681,-296
173,1533,1169,122,-143,-242
196,1536,1163,196,966,-66
182,1545,1155,40,1249,-160
147,1544,1147,49,529,-105
124,1536,1152,306,260,-242
124,1531,1171,600,335,-210
107,1530,1166,276,158,-205
107,1529,1178,461,-447,-304
132,1522,1178,411,-445,-247
164,1507,1185,553,417,-53
169,1499,1198,640,730,145
170,1501,1202,476,538,242
164,1497,1196,192,943,197
139,1483,1205,305,710,111
121,1481,1230,389,684,-28
111,1485,1225,544,806,-333
96,1490,1187,149,-194,-487
103,1491,1205,409,-532,-382
131,1506,1210,494,196,-427
147,1521,1173,186,144,-408
142,1516,1160,-61,78,-293
144,1507,1183,293,236,-71
161,1511,1200,501,622,94
144,1526,1174,-56,858,23
110,1520,1179,31,426,-153
99,1507,1200,255,-298,-154
117,1504,1194,504,-253,-178
153,1512,1179,442,-33,61
176,1515,1179,268,548,182
171,1514,1187,311,913,152
151,1518,1183,211,797,125
122,1521,1185,177,797,66
100,1514,1186,406,223,173
105,1510,1186,381,-62,120
120,1512,1170,113,136,-117
125,1515,1174,193,-44,-56
139,1521,1179,191,340,93
131,1520,1173,174,681,127
117,1516,1176,16,776,139
109,1510,1180,193,291,88
108,1515,1184,124,45,-11
100,1523,1185,89,98,-166
100,1522,1184,147,29,-280
112,1519,1181,161,-371,-166
139,1518,1177,303,95,-32
152,1527,1171,158,518,30
139,1527,1166,34,431,-79
130,1516,1173,121,264,0
125,1517,1179,252,214,29
129,1528,1169,76,446,-77
126,1535,1171,98,226,-161
127,1524,1166,182,62,-142
136,1517,1163,100,-14,-10
137,1518,1167,58,359,-57
125,1523,1182,327,233,-185
125,1531,1173,286,3,-306
135,1531,1157,75,21,-276
137,1525,1163,56,281,-248
133,1518,1181,293,47,-297
132,1524,1176,189,37,-321
134,1524,1162,5,-39,-230
151,1518,1175,38,-37,96
157,1510,1194,359,465,76
153,1515,1191,268,448,-75
148,1516,1173,78,-317,18
153,1510,1180,69,420,96
153,1511,1187,266,616,121
139,1517,1178,231,679,-7
125,1521,1170,154,563,-156
115,1522,1171,170,219,-174
111,1525,1169,142,161,-156
108,1527,1173,133,-68,-179
115,1527,1174,315,209,-252
119,1529,1173,319,51,-241
123,1529,1161,12,-50,-307
124,1526,1173,217,-73,-345
135,1522,1172,392,149,-287
152,1522,1172,451,223,-61
169,1522,1168,160,425,196
171,1518,1166,-46,706,330
148,1508,1181,122,555,265
120,1502,1189,270,448,50
111,1511,1187,311,-84,-92
118,1524,1183,163,37,-31
125,1526,1180,101,152,-12
133,1520,1184,532,100,-79
149,1523,1172,269,434,-94
157,1520,1155,136,647,33
145,1525,1161,-66,683,70
133,1531,1170,250,632,16
121,1532,1163,208,-104,49
131,1529,1160,133,44,157
140,1523,1167,235,340,242
141,1517,1173,44,373,348
124,1508,1178,-111,324,145
114,1509,1200,133,80,-109
130,1523,1185,275,-40,-122
149,1529,1167,-158,349,5
141,1519,1168,-76,354,48
130,1512,1190,225,177,11
134,1521,1182,208,116,-72
147,1525,1165,218,244,-29
154,1526,1166,104,317,-14
153,1524,1174,319,395,20
149,1526,1163,216,339,40
154,1526,1162,291,308,53
157,1528,1168,233,641,40
146,1529,1163,194,331,-95
138,1525,1164,221,2,-68
154,1525,1173,305,114,49
160,1526,1169,173,472,35
143,1521,1171,275,265,-95
146,1518,1175,277,-41,-139
153,1521,1171,299,70,-117
153,1525,1170,240,431,-133
154,1522,1171,325,526,-103
156,1523,1177,456,227,-83
165,1527,1161,304,440,-124
150,1529,1155,-9,367,-83
131,1523,1167,306,558,-238
126,1528,1172,439,-71,-236
152,1534,1156,358,69,-85
169,1537,1143,-92,436,5
150,1531,1152,-64,524,-150
120,1526,1185,116,549,-386
104,1530,1184,-197,-148,-420
117,1514,1188,-628,-168,-297
129,1499,1209,-884,4,-332
118,1497,1222,-1266,87,-684
92,1502,1263,-1720,-869,-1292
92,1494,1302,-2297,-1573,-1779
111,1440,1277,-3706,-449,-1716
108,1329,1243,-4977,388,-1133
105,1181,1280,-4617,953,-334
97,1082,1443,-3239,1344,330
90,1058,1658,-1692,872,871
69,1089,1707,-953,345,1386
34,1102,1715,917,888,2840
-83,1106,1731,1489,-1530,3882
-235,1051,1729,4056,-4308,4374
-302,1007,1710,6171,-5800,3386
-188,1039,1704,9194,-4774,3000
-47,1190,1492,11740,-5501,2472
47,1525,1270,14183,-7862,1946
113,1894,1040,14539,-6993,1048
199,2032,871,15604,-6328,179
327,2041,699,16859,-7198,575
481,2037,439,17383,-5835,1114
590,1996,256,17534,-4580,1273
752,1934,150,17766,-4194,914
1015,1863,69,17565,-841,960
1308,1797,-1,16168,5270,459
1361,1778,-72,13708,12433,-2018
1029,1821,-83,11302,16319,-3575
465,1907,53,8061,16178,-3811
-375,2005,284,8475,13066,-4216
-1200,1947,344,12872,-8200,-2281
-1089,1762,299,18104,-24576,1718
-125,1872,55,16898,-22027,3310
843,2042,-58,9361,-5268,-2062
1042,1975,8,9396,-2063,-4536
1012,1964,20,10815,-2043,-3987
871,2032,-49,7867,590,-1815
495,2042,23,8278,387,-1823
144,1988,48,8856,-9984,-1796
-23,1954,-7,6946,-14699,529
88,1964,-143,4605,-14314,2061
409,2013,-360,1311,-12127,2233
582,2001,-406,-527,-4286,1305
557,1935,-514,-512,-2650,766
538,1940,-655,-744,-386,1599
443,1991,-721,-1311,1389,1426
273,1934,-740,-950,-332,-275
192,1894,-831,-951,-1944,-1068
161,1868,-883,-409,-854,-688
176,1873,-811,-35,-866,-1246
291,1855,-786,526,959,-1564
404,1900,-734,-486,5113,-1370
494,1899,-656,-21,7463,-811
604,1896,-650,274,12011,-629
659,1851,-638,-572,16239,-466
648,1862,-604,-952,19344,-194
492,1969,-565,-3287,22657,-606
170,2027,-466,-4663,21662,-2172
-229,2063,-369,-5424,13097,-2687
-511,2052,-332,-4562,1850,-1695
-561,2119,-277,-3709,-4646,-817
-420,2114,-260,-3105,-7061,-15
-241,1992,-291,-1626,-11514,2174
208,1943,-207,428,-12124,4693
887,1978,-248,-1692,-6444,5460
1193,1957,-274,-3697,4550,3262
1157,1958,-236,-4401,8041,863
1080,2022,-160,-7533,10380,-844
859,2025,-60,-8468,11337,-2014
520,1978,33,-6857,8782,-1354
396,1961,18,-6257,5377,892
381,1984,-32,-7950,7219,1779
271,1976,-11,-9096,6399,1449
179,1953,-50,-9797,1839,1266
238,1969,-164,-10162,-632,1153
402,1987,-162,-10652,-825,213
531,1995,-124,-12544,1512,-306
537,1964,-158,-13525,3852,-2382
440,1980,-27,-13877,2540,-4020
429,1973,94,-13115,2012,-3420
438,1926,214,-13046,3395,-2949
398,1873,263,-13046,2928,-2796
297,1804,413,-13986,4355,-3254
134,1739,616,-13144,3678,-3566
-28,1702,765,-12444,813,-3299
-93,1671,899,-11008,-182,-3019
-138,1622,1031,-9445,-1985,-3080
-145,1574,1167,-8628,-3945,-2344
-74,1508,1237,-7470,-5816,-1999
76,1451,1297,-6032,-4703,-1948
240,1405,1364,-4628,-2476,-1734
340,1369,1372,-3780,-794,-2267
354,1364,1362,-3568,1416,-2758
311,1382,1347,-3794,3276,-2351
192,1368,1382,-3461,5056,-1210
-5,1329,1446,-2545,4227,-255
-210,1299,1507,-1354,1188,563
-312,1296,1579,368,-2197,937
-262,1325,1571,2399,-5490,45
-89,1396,1447,2506,-6037,-1671
115,1441,1276,1724,-4380,-2181
202,1437,1227,1843,-2261,-673
286,1470,1188,1630,-1571,220
411,1478,1095,286,1181,200
489,1467,1087,-780,5369,164
414,1467,1144,-605,7021,456
250,1501,1180,-686,6320,496
58,1529,1178,-400,2843,239
-87,1528,1209,-41,-1246,-40
-113,1519,1224,760,-3554,-31
-71,1512,1196,518,-4289,-361
25,1511,1197,376,-4076,-890
163,1514,1179,441,-2672,-801
325,1535,1125,-206,-183,-1073
430,1544,1118,-746,3137,-904
393,1516,1163,-410,4244,-248
277,1501,1170,-151,3162,308
165,1510,1172,71,888,789
93,1520,1178,257,-425,866
71,1537,1193,578,-933,563
97,1541,1169,669,-1307,181
140,1531,1165,335,-17,-161
166,1509,1170,408,1242,-269
184,1508,1167,277,1674,-62
180,1524,1163,47,1914,-99
146,1523,1180,70,1931,-248
110,1518,1185,148,1095,32
73,1504,1180,337,419,178
33,1495,1198,199,-784,111
32,1498,1222,365,-2000,27
95,1508,1202,446,-1212,-83
162,1509,1182,140,-344,-43
204,1500,1194,315,643,-32
207,1495,1194,342,1442,-16
181,1491,1173,369,1150,76
157,1504,1192,377,853,286
133,1527,1203,539,698,187
108,1531,1186,222,232,-142
89,1511,1180,115,-562,-206
101,1490,1181,425,-1121,-57
150,1500,1183,425,-529,-2
194,1519,1167,174,324,74
207,1525,1166,284,853,97
196,1525,1168,283,1088,116
163,1528,1164,151,678,34
128,1526,1168,156,612,-115
102,1516,1171,246,102,-227
101,1515,1184,224,-437,-272
117,1525,1168,160,-987,-419
141,1531,1161,14,-483,-509
170,1528,1174,200,-266,-401
188,1521,1174,181,-157,-229
189,1517,1171,132,282,-205
189,1511,1170,205,264,-107
175,1510,1172,119,-30,-139
159,1512,1183,200,-63,-182
160,1512,1178,229,-78,-159
168,1508,1181,168,-128,-149
182,1507,1188,332,-290,18
180,1510,1171,18,371,-38
167,1510,1180,33,514,-61
159,1514,1198,403,214,-139
163,1519,1187,187,69,-152
167,1514,1170,78,135,-122
167,1510,1185,162,235,-73
165,1511,1185,346,364,-73
164,1512,1173,139,208,-15
164,1512,1178,180,195,-22
161,1515,1188,100,230,-52
160,1514,1189,144,126,-85
157,1506,1181,89,216,-66
153,1502,1196,192,192,-25
157,1506,1185,109,-150,-19
168,1509,1189,332,-73,-68
185,1512,1183,289,425,-74
188,1512,1175,122,629,-21
177,1510,1175,177,522,50
170,1513,1179,430,266,12
175,1518,1168,261,560,38
165,1522,1162,183,436,22
158,1529,1173,307,346,-99
151,1530,1163,348,179,-128
159,1528,1156,309,181,-76
170,1528,1163,320,-98,-176
182,1530,1164,178,551,-232
174,1516,1159,143,417,-93
169,1504,1178,315,458,-53
165,1508,1184,197,96,-79
178,1507,1185,246,285,-68
181,1503,1181,184,38,27
180,1508,1190,246,245,24
172,1519,1175,66,369,-26
170,1513,1182,180,326,109
172,1508,1184,316,203,153
173,1515,1169,234,292,47
172,1524,1169,21,442,104
175,1521,1174,190,791,172
157,1519,1175,166,571,65
139,1522,1170,143,93,-18
142,1528,1172,221,128,-193
148,1530,1170,273,18,-192
160,1527,1161,305,175,-140
171,1530,1151,240,255,-56
175,1535,1161,274,425,-49
173,1533,1163,289,661,-89
157,1527,1159,282,595,-200
150,1530,1164,172,182,-217
154,1538,1154,182,-195,-412
154,1541,1145,-53,-336,-524
158,1525,1140,-104,-542,-394
182,1510,1172,299,8,-268
204,1519,1188,465,710,-172
195,1529,1153,20,784,-127
177,1524,1161,227,763,-95
172,1513,1183,481,613,-26
167,1510,1183,170,584,49
154,1509,1177,59,519,-41
147,1506,1189,306,92,-21
158,1514,1194,264,621,-61
157,1521,1178,50,808,-32
143,1517,1180,224,213,-33
147,1510,1183,187,-55,-97
161,1508,1182,358,267,-119
156,1519,1165,3,635,-141
152,1525,1178,155,360,-120
159,1524,1171,281,38,-62
162,1522,1165,253,469,68
154,1524,1160,240,259,57
154,1529,1167,301,329,-83
154,1527,1168,342,448,-130
160,1524,1155,347,371,22
167,1535,1156,157,468,177
161,1537,1156,286,485,70
149,1531,1163,161,487,46
131,1525,1165,302,137,-56
136,1531,1160,280,-50,-149
152,1535,1161,276,10,-44
160,1535,1157,134,78,-20
166,1531,1157,241,272,-11
167,1529,1153,147,319,50
164,1527,1157,380,721,5
150,1533,1157,149,337,18
140,1534,1163,149,251,-77
134,1526,1160,204,-32,-120
146,1525,1167,259,129,-142
153,1532,1165,92,126,-114
152,1532,1160,156,173,-108
143,1526,1152,151,99,-137
149,1528,1169,482,27,-189
170,1543,1161,289,243,-197
175,1538,1147,216,378,-128
165,1525,1156,160,429,-72
156,1529,1164,117,206,-102
149,1536,1165,87,265,-182
153,1528,1162,205,-72,-107
154,1519,1159,210,-50,-12
159,1525,1161,58,126,-168
158,1534,1164,87,237,-294
148,1535,1163,-132,131,-352
145,1529,1153,-219,-140,-291
152,1528,1147,-510,-282,-273
151,1533,1155,-838,-416,-453
158,1529,1138,-897,-1072,-512
187,1513,1146,-1132,-837,-236
189,1498,1191,-1221,-1020,-152
173,1483,1222,-1395,-794,-263
145,1438,1244,-1527,864,-177
116,1374,1294,-1382,991,370
98,1317,1399,-551,900,482
75,1298,1444,-589,713,134
63,1286,1478,-526,564,-311
28,1262,1497,-365,-240,-602
-13,1218,1511,233,-414,-352
-84,1185,1556,1802,-1241,422
-140,1196,1576,3667,-3207,1344
-125,1227,1552,5537,-4423,2342
-74,1278,1548,7326,-4733,2850
-6,1354,1506,9363,-5712,2456
63,1430,1440,11449,-5224,1473
142,1502,1244,13675,-4853,1517
220,1637,1027,14976,-5502,2579
297,1782,805,15586,-5411,3284
352,1899,653,16446,-5024,2803
432,1957,461,16683,-5812,2279
540,1930,308,16475,-4103,2082
697,1880,215,15545,-2988,1289
862,1835,149,13250,517,-1399
901,1819,121,11070,4325,-4137
803,1851,66,8679,5004,-5674
606,1929,61,7701,5039,-6401
307,2034,54,7060,2565,-6705
-18,2061,88,8526,-2393,-5424
-148,1963,88,10711,-8864,-2636
42,1869,73,12270,-11085,-323
404,1900,9,12556,-9336,103
774,1933,-99,10674,-4082,-1312
979,1916,-40,9457,1289,-3388
955,1888,26,8569,4804,-3862
715,1909,114,8970,5655,-3469
369,2023,135,9549,1311,-1777
83,2061,115,9959,-2936,15
-34,1980,23,8901,-9053,1955
36,1908,-43,8850,-11781,3027
303,1868,-202,7590,-13535,2004
775,1825,-536,3855,-8040,1969
990,2112,-680,-2679,16436,1173
344,2270,-360,-2997,13965,-171
-323,2095,-475,-1905,-702,142
-494,1976,-751,-2667,-5957,318
-295,1852,-923,-625,-10011,698
68,1844,-1015,-99,-4668,-361
361,1874,-1021,386,440,-1667
469,1829,-928,1261,4609,-1491
450,1916,-782,375,7720,-1803
396,1968,-663,-94,8712,-2071
377,1880,-583,-82,9329,-1429
409,1914,-544,-832,12599,-410
370,2038,-468,-3478,16621,-1274
233,1922,-359,-2454,12556,-2258
83,1870,-307,-2072,7411,-1030
10,2046,-237,-2463,6240,1158
-33,2149,-225,-2594,2988,433
-38,2024,-227,-1193,-3694,-884
-38,2021,-252,-2784,-3993,517
81,2123,-151,-4178,-264,2396
384,2080,-141,-2145,-4535,2760
765,1925,-258,-1154,-4375,3707
994,1913,-330,-5992,7502,2894
706,2057,-283,-11244,11941,-363
276,2077,-84,-9734,1400,-1846
338,2017,115,-7323,-3861,-65
545,2061,13,-9354,1280,2034
566,1932,-116,-8979,3186,1895
514,1862,-70,-10766,3057,2118
463,1919,49,-11461,5254,994
447,1931,-103,-10729,3366,597
568,1949,-76,-12322,4524,31
653,1942,9,-14418,5597,-1510
448,1880,13,-16055,5274,-3612
226,1859,182,-13906,1733,-4095
202,1899,190,-12525,-1910,-2390
337,1890,182,-13610,-1194,10
427,1866,369,-12274,2658,258
395,1898,451,-11895,2955,-115
338,1882,473,-13113,2961,-492
256,1837,633,-12520,5366,-1714
105,1788,727,-12042,3695,-2644
19,1732,880,-11037,2529,-2891
-43,1675,986,-9791,1240,-2439
-86,1636,1039,-8855,-738,-2009
-112,1606,1147,-7390,-1249,-1715
-67,1570,1218,-5684,-3482,-1797
66,1524,1256,-4846,-3325,-2042
195,1483,1323,-3254,-1458,-2349
304,1466,1343,-2550,564,-2591
333,1435,1343,-2330,3908,-1752
248,1371,1346,-1711,5465,-734
117,1339,1357,-1018,4337,4
2,1325,1393,-159,3052,180
-82,1304,1443,504,1589,-267
-165,1273,1472,2147,-1009,-664
-168,1264,1526,3419,-3253,-386
-55,1284,1486,4154,-3830,-505
119,1328,1411,3707,-1543,-871
262,1354,1364,3075,1180,-978
314,1356,1329,2759,3570,-1366
280,1364,1255,1783,3977,-1702
206,1383,1194,1093,3829,-1469
111,1417,1205,400,3462,-630
-3,1438,1240,276,2363,173
-136,1447,1234,220,428,726
-180,1457,1252,447,-2464,819
-148,1478,1261,904,-4075,421
-66,1501,1255,1076,-4339,-139
55,1520,1239,916,-3688,-637
153,1517,1225,632,-1509,-1024
194,1486,1207,294,358,-868
229,1460,1217,386,1686,-185
229,1458,1214,400,2386,416
158,1471,1208,236,2646,421
61,1492,1222,389,1293,432
-7,1504,1218,654,-151,125
-12,1513,1200,477,-1386,-116
31,1514,1189,687,-800,-227
71,1526,1188,753,-521,-109
108,1543,1172,517,247,-215
128,1544,1140,-182,1136,-160
107,1526,1151,-574,621,-63
85,1500,1184,24,611,-310
71,1506,1183,-164,-393,-226
74,1524,1171,-180,-819,-73
88,1534,1193,207,-592,-65
115,1529,1183,319,-516,-63
140,1525,1158,-11,-271,-65
162,1520,1155,-37,280,-152
167,1523,1165,182,771,-124
162,1537,1160,151,1244,-101
140,1551,1141,113,1341,-42
106,1550,1145,347,1076,39
69,1542,1154,441,420,105
60,1546,1147,242,-308,55
63,1550,1137,130,-407,-21
83,1541,1155,286,-384,34
108,1534,1162,326,43,73
113,1532,1151,80,423,-31
103,1529,1175,178,739,-186
95,1526,1186,166,565,-239
90,1529,1172,-83,157,-115
77,1519,1179,51,322,-85
71,1515,1186,286,-90,-167
93,1517,1191,340,215,-119
106,1526,1164,354,-139,-2
112,1537,1154,146,257,-38
110,1541,1153,52,265,-75
104,1536,1151,-42,450,-189
98,1529,1160,194,357,-186
102,1540,1156,161,368,-38
105,1552,1153,89,352,-27
94,1549,1153,71,121,-121
90,1541,1150,180,-129,-99
96,1537,1144,-77,78,-83
97,1532,1165,117,207,-119
106,1532,1175,222,-222,-204
117,1532,1167,108,505,-169
114,1530,1161,141,646,-71
101,1529,1165,-3,74,-44
99,1530,1174,172,436,-197
93,1537,1171,104,77,-240
98,1532,1168,260,-220,-195
110,1529,1172,239,194,-28
110,1529,1171,118,259,35
101,1527,1165,199,338,-44
99,1531,1172,151,368,-171
102,1529,1159,335,79,-182
111,1535,1161,202,295,-2
107,1539,1160,131,579,-69
101,1535,1157,94,219,21
101,1527,1162,78,409,14
92,1523,1176,116,479,-48
91,1524,1174,220,219,-52
94,1529,1169,213,92,-63
99,1530,1165,214,-86,-81
113,1531,1170,213,276,-55
114,1532,1172,42,837,-55
98,1532,1169,133,450,-28
87,1531,1162,244,414,-74
86,1535,1160,163,216,-125
88,1535,1161,106,68,-191
86,1533,1151,51,-293,-173
100,1536,1158,183,-41,-48
109,1539,1160,210,295,-60
116,1539,1169,230,752,-138
106,1531,1162,151,473,-137
97,1524,1166,267,-58,-141
98,1529,1167,181,-23,-192
107,1536,1168,117,-24,-176
110,1532,1165,77,336,-69
102,1525,1164,94,376,35
95,1526,1172,142,57,-82
99,1530,1167,183,82,-163
109,1530,1165,118,260,-37
113,1528,1165,303,103,103
108,1531,1163,247,214,-5
108,1537,1162,110,419,-142
104,1535,1170,160,503,-156
96,1529,1169,4,563,-46
81,1526,1167,121,69,-129
85,1530,1160,85,-234,-171
104,1534,1168,146,-12,-119
110,1534,1169,38,413,-144
104,1532,1172,211,509,-117
100,1531,1169,164,227,-35
98,1526,1167,44,355,-47
98,1526,1171,154,-69,-41
100,1532,1172,36,162,-81
100,1532,1169,101,207,-222
100,1528,1169,-39,120,-93
105,1521,1162,116,221,-14
116,1529,1163,169,259,95
111,1539,1163,294,431,-4
102,1543,1164,206,296,-106
97,1534,1162,75,216,-167
100,1531,1162,117,253,-158
101,1537,1165,183,322,-145
94,1538,1161,204,43,-170
96,1533,1156,196,-177,-168
108,1535,1162,152,-38,-192
118,1537,1162,129,278,-126
107,1534,1167,57,209,-167
102,1527,1172,184,-20,-148
108,1521,1175,61,18,-185
110,1518,1181,173,308,-186
106,1518,1179,132,195,-107
109,1518,1180,188,172,-86
115,1520,1182,134,121,-86
114,1522,1175,228,169,-149
113,1523,1181,177,202,-192
110,1525,1171,146,445,-145
109,1526,1166,164,216,-105
114,1531,1170,183,671,-91
102,1537,1158,243,367,-132
90,1539,1148,146,90,-119
96,1538,1157,155,174,-156
103,1535,1162,166,290,-105
97,1533,1165,210,428,-108
89,1533,1169,130,10,-200
99,1531,1165,190,-46,-178
111,1528,1158,186,324,-149
106,1529,1170,322,171,-172
103,1536,1173,275,296,-209
105,1534,1159,181,207,-258
113,1530,1158,-31,377,-237
109,1528,1161,92,267,-153
102,1527,1163,-88,194,-156
106,1532,1168,-222,-208,-112
118,1535,1164,-443,115,-53
135,1526,1174,-697,275,99
151,1513,1209,-807,425,-305
162,1491,1235,-1323,74,-624
157,1448,1258,-2026,1577,-281
96,1395,1273,-2714,2092,537
53,1320,1347,-2385,1937,1433
34,1252,1430,-1885,1448,1656
39,1220,1509,-907,2027,1407
11,1220,1527,-112,918,1201
-20,1232,1528,290,1128,1184
-78,1244,1581,1056,585,1866
-135,1247,1644,2615,1522,2702
-245,1247,1643,4140,-798,3318
-346,1230,1631,6055,-3058,3032
-336,1218,1615,7757,-5493,2195
-209,1253,1550,9545,-5898,1664
-24,1346,1495,12777,-3914,1307
77,1479,1211,15140,-5674,1970
146,1669,892,15478,-6539,2550
221,1859,676,16882,-5958,3057
331,1963,437,17673,-5129,4040
499,2014,268,17289,-2926,4145
598,2026,130,16045,-872,2515
577,1960,118,14558,-12,664
526,1884,93,14297,188,-1709
539,1880,36,14478,-57,-2478
638,1865,-46,13417,-94,-1967
731,1809,-48,12918,1441,-999
721,1802,-6,11647,3753,-749
513,1918,85,10274,2982,-1636
238,1971,90,11651,-2680,-1600
252,1930,55,12702,-6770,-184
466,1882,-1,11965,-4444,677
597,1860,-48,9475,-202,48
493,1960,-34,7373,872,-894
315,2121,21,5587,211,-923
161,2189,66,4658,-2543,-43
38,2090,39,5801,-3744,1120
13,1990,-16,6953,-9053,974
124,2036,-65,6563,-8863,-37
336,2094,-117,4113,-6232,-702
569,2005,-207,3377,-3426,-427
728,1965,-376,1765,-1523,187
732,1956,-431,966,4123,364
530,1957,-528,377,2730,473
262,1969,-662,-398,700,334
7,1922,-755,-388,-2357,165
-74,1917,-794,-110,-6453,-760
94,1931,-805,-653,-5953,-1569
313,1935,-775,-906,-3942,-1368
456,1897,-792,-549,-1274,-355
456,1934,-746,-1136,1829,-311
418,1940,-659,595,911,-857
489,1932,-591,-1224,5095,-1524
516,1854,-518,-410,5707,-1350
519,1864,-568,-915,4242,-450
458,1896,-582,-1906,7263,-536
385,1859,-499,-1042,4652,-586
381,1931,-437,-2400,6924,-742
346,1990,-409,-2758,7244,-645
221,2046,-374,-3403,6439,-532
117,2036,-333,-3022,3922,-1908
19,2047,-303,-3569,-413,-1756
55,2029,-230,-2308,-2366,154
299,1969,-203,-1238,-4581,1801
600,1984,-204,-2598,-814,2341
771,2011,-204,-4498,3171,3538
870,1955,-201,-4136,4848,4263
896,1928,-177,-5439,7954,1987
661,2029,-225,-7256,7729,-42
475,2047,-195,-7566,7813,-39
383,2007,-202,-7304,7054,518
270,1961,-202,-7433,5119,375
206,1955,-186,-8230,2725,1793
304,1998,-139,-9363,2380,2798
383,2009,-151,-10240,2499,1273
441,1990,-160,-10996,1701,-127
518,1986,-155,-12778,1032,-525
561,1932,-52,-14195,4039,-1402
588,1891,187,-15062,7232,-2206
486,1887,159,-15972,5992,-2882
366,1883,179,-17254,5467,-3111
273,1810,281,-13930,1292,-2779
330,1779,452,-13784,3041,-1813
357,1796,489,-16114,3767,-575
284,1793,577,-15075,4778,-432
104,1778,632,-14248,4560,-868
-137,1763,822,-11625,1555,-1788
-278,1769,961,-8598,-2655,-2479
-174,1739,1012,-6727,-4423,-2493
31,1659,1093,-5558,-1737,-2526
219,1573,1175,-4686,992,-2879
264,1504,1235,-4434,3081,-4216
156,1451,1288,-4449,4137,-5046
5,1378,1369,-3475,2488,-4471
-88,1296,1462,-2485,396,-3359
-84,1243,1528,-1155,-1560,-2432
-7,1210,1575,238,-1734,-1761
21,1196,1610,1525,-1727,-1063
34,1207,1665,3351,-1431,-586
46,1229,1619,3951,-1871,-861
81,1255,1528,3668,-1669,-1545
136,1297,1418,3348,-555,-2137
160,1333,1286,2464,886,-1960
177,1393,1186,1663,-54,-1695
238,1469,1167,971,1175,-1441
277,1519,1148,343,2978,-897
208,1523,1161,-292,4055,158
74,1509,1188,-148,2295,1169
-34,1478,1247,662,604,2037
-91,1457,1279,1578,-1286,1967
-102,1483,1271,1673,-2648,771
-52,1521,1230,1426,-3282,-807
38,1532,1197,1025,-2207,-1735
143,1525,1182,657,-438,-1582
246,1516,1164,487,1792,-757
256,1502,1127,333,3517,258
182,1514,1130,228,3253,1002
89,1538,1161,339,2966,1156
-22,1544,1167,363,934,956
-113,1544,1159,-103,-347,499
-147,1542,1176,-109,-1407,-79
-119,1551,1186,-21,-2096,-591
-44,1565,1173,-143,-2010,-963
45,1568,1146,-344,-1026,-991
95,1545,1122,-19,-52,-563
108,1525,1128,8,337,-155
120,1541,1152,214,83,275
123,1565,1138,49,457,384
101,1556,1123,179,125,260
76,1538,1133,32,-328,-7
80,1530,1150,211,-296,0
92,1543,1148,390,291,-81
86,1560,1133,128,134,-217
88,1557,1133,185,-372,-303
105,1552,1146,273,-295,-268
120,1551,1140,526,-278,-190
135,1555,1127,288,271,-192
142,1552,1123,150,344,-266
138,1543,1133,336,42,57
132,1551,1127,70,341,144
113,1559,1139,-34,671,-66
89,1554,1149,-109,228,-245
83,1532,1172,168,-511,-378
100,1521,1176,326,-836,-400
129,1524,1164,153,-444,-159
153,1524,1167,35,501,126
147,1523,1183,215,685,166
132,1528,1186,9,892,154
107,1530,1166,-187,612,171
90,1528,1167,108,222,54
81,1536,1160,165,-49,-118
81,1544,1167,289,256,-223
81,1557,1146,-6,-54,-231
96,1555,1133,160,-131,-120
118,1544,1144,221,90,51
125,1540,1152,105,605,59
112,1538,1156,20,699,-84
99,1536,1157,-21,107,-60
110,1535,1164,22,390,-68
105,1529,1171,83,285,-48
97,1523,1172,223,146,-36
98,1527,1164,196,-267,-57
119,1532,1161,320,-41,-18
138,1537,1162,38,636,35
132,1535,1171,90,1260,-64
117,1534,1161,158,537,-67
103,1535,1154,108,330,-38
91,1534,1163,151,88,-29
96,1539,1162,25,57,-35
109,1540,1158,87,190,-32
111,1537,1156,31,52,-22
115,1535,1168,118,367,-99
119,1539,1167,63,409,-91
111,1539,1154,4,344,-74
105,1539,1154,110,93,0
103,1547,1158,40,-134,-39
102,1549,1154,244,169,-99
94,1550,1138,79,-255,-114
114,1546,1138,374,-356,188
137,1548,1140,362,546,233
132,1550,1143,172,732,45
111,1543,1151,177,634,-40
87,1540,1149,165,399,-90
76,1547,1149,321,12,-97
87,1554,1146,262,-228,-133
104,1543,1148,205,-45,-178
110,1527,1160,313,228,-62
116,1525,1156,90,332,57
114,1532,1165,288,271,94
110,1541,1165,315,438,-72
102,1542,1158,204,221,-94
99,1536,1167,196,16,-177
98,1528,1163,278,9,-143
104,1535,1166,259,-34,-141
115,1540,1152,229,-38,-163
124,1542,1158,130,-25,-191
133,1537,1159,248,212,-143
132,1535,1152,141,187,-64
121,1538,1154,282,146,-84
108,1546,1149,189,37,-190
104,1545,1149,349,-319,-271
109,1543,1146,290,-54,-265
119,1543,1144,335,239,-288
124,1547,1133,73,182,-155
120,1543,1153,175,-61,-26
119,1537,1161,396,-326,-8
127,1536,1147,228,305,-41
123,1537,1142,98,421,-2
114,1536,1153,114,138,29
112,1538,1169,375,27,-159
117,1545,1147,141,-167,-164
132,1540,1150,116,71,-34
136,1536,1160,212,227,-9
135,1535,1160,28,517,-13
127,1535,1151,37,331,0
124,1538,1161,-13,346,-19
126,1537,1167,115,144,-62
133,1537,1163,-47,-26,-97
125,1533,1145,-214,412,-111
122,1535,1154,-72,353,-6
128,1537,1173,281,607,-44
129,1538,1160,184,184,36
128,1538,1150,17,217,20
124,1544,1149,-6,193,-65
125,1543,1158,-9,231,-110
130,1536,1159,160,214,-18
133,1534,1153,196,546,-16
127,1541,1140,51,164,-67
128,1544,1144,144,401,-132
124,1546,1145,103,198,-57
123,1544,1145,174,251,-23
124,1546,1143,128,270,-22
125,1544,1144,289,149,-168
123,1544,1147,227,347,-178
126,1545,1148,209,179,-79
125,1543,1150,119,388,-97
120,1540,1150,264,374,-178
126,1541,1151,264,-49,-95
135,1545,1148,223,171,-114
134,1546,1151,147,568,-128
124,1542,1147,23,428,-164
116,1544,1138,-72,31,-251
103,1551,1095,-788,-1597,-178
92,1539,1045,-1194,-4493,7
127,1544,1234,-2781,-6284,798
225,1505,1305,2186,485,530
169,1570,1121,-2099,-2704,-715
195,1530,1149,-1218,-2032,-1508
211,1478,1209,-1284,2373,-881
134,1434,1257,-1517,1113,-383
83,1396,1310,-1201,807,-300
82,1368,1349,-974,-708,-485
144,1333,1383,-453,-625,-434
189,1305,1421,-204,755,153
215,1282,1484,450,3348,1040
184,1264,1551,1531,4095,1917
71,1243,1580,2559,3138,2462
-34,1216,1613,3748,3341,2761
-107,1228,1634,4908,2036,2620
-183,1274,1653,6186,-665,1851
-245,1318,1631,7246,-2694,498
-293,1314,1566,10026,-5986,-282
-211,1333,1449,13255,-8388,652
-95,1436,1146,15592,-10827,3058
132,1617,927,16591,-9409,5259
419,1803,632,17306,-7387,4326
612,1909,383,15970,-3423,2028
726,1959,232,16233,-916,348
737,1932,96,15614,1078,176
814,1884,63,15104,3083,1057
867,1827,16,14228,6610,442
761,1831,14,12977,8434,180
567,1861,61,10880,8285,-412
198,1928,129,8164,6889,-1577
-365,2026,242,8576,-590,-1772
-715,1985,258,12233,-14879,428
-322,1933,136,13610,-17702,2415
413,2007,-89,9441,-9490,-310
896,2016,-257,6487,-2702,-4005
974,2013,-183,5748,641,-5454
762,1969,-46,8055,289,-3981
484,1957,-24,10678,-3094,-1160
266,1987,-15,11180,-6401,-360
163,1937,-7,11865,-13700,-581
241,1924,-232,8399,-17193,-350
440,1988,-340,4289,-7517,-686
507,2046,-343,2404,-4181,124
423,2050,-345,1260,-2220,1402
171,2104,-281,-786,-4488,106
141,2002,-459,-387,-12329,203
424,1968,-716,-779,-5846,1318
567,1951,-854,-1802,1144,1118
442,1896,-872,-1449,242,-239
304,1840,-930,-1082,-2346,-1178
315,1815,-914,-217,-920,-803
351,1809,-872,-112,1377,-732
335,1888,-785,-356,4033,-1404
391,1894,-680,-478,4984,-1005
494,1843,-631,-596,6874,-116
566,1759,-644,370,10108,1304
550,1852,-594,-98,15369,1292
406,2100,-533,-2956,18128,-791
119,2080,-343,-2860,15271,-2632
-131,2024,-320,-3059,9282,-1896
-375,2116,-307,-5115,6589,-872
-530,2102,-201,-3254,-563,-913
-372,1941,-252,1159,-10745,-94
102,1837,-428,1870,-11459,2240
649,1902,-466,-1042,-1947,4375
897,2066,-353,-2283,6230,2815
965,2053,-280,-1040,4906,714
1042,1917,-414,-1420,5969,1130
994,1949,-359,-6041,15015,1144
648,2079,-211,-7960,16569,-581
295,2124,-176,-6791,7921,-546
180,2080,-238,-7633,2970,1345
239,2059,-219,-10491,5185,1017
200,2016,-93,-11179,4675,44
106,1976,18,-12309,411,-676
87,1996,66,-12335,-3009,-1066
223,1998,-78,-11789,-4075,-1107
509,1933,-190,-12668,-6673,329
878,1838,-64,-14726,-1421,902
987,1799,58,-16184,7424,-1493
760,1823,83,-17572,9047,-4130
491,1840,209,-15664,7043,-5283
286,1853,364,-14357,3785,-4023
218,1803,457,-14011,1600,-3012
70,1758,517,-14352,3802,-2636
-116,1735,701,-12530,2382,-2679
-197,1714,778,-12170,-3201,-1810
-78,1688,883,-11192,-5111,-1291
70,1690,956,-9587,-4227,-1688
139,1726,1008,-8357,-2093,-2269
171,1713,1105,-6230,-1776,-2014
252,1684,1151,-4974,-735,-2157
347,1648,1167,-4943,1815,-2697
364,1563,1204,-4559,4171,-2890
256,1445,1266,-3857,4301,-2462
106,1369,1322,-2971,3381,-1848
-11,1333,1358,-1975,1315,-642
-61,1319,1411,-1281,30,287
-73,1289,1473,-337,-733,645
-70,1269,1582,1052,-843,901
-52,1251,1616,2729,-1838,931
-28,1238,1576,3230,-2163,315
41,1246,1525,3505,-2013,-679
150,1263,1432,3401,-383,-1110
196,1296,1322,2491,1476,-1028
243,1357,1300,1807,3260,-663
262,1397,1259,1274,4866,-311
181,1425,1236,653,5428,-81
55,1451,1216,317,3334,439
-51,1473,1230,656,1363,1123
-124,1483,1234,733,-889,1198
-120,1487,1231,811,-3288,879
-31,1500,1234,1006,-4006,167
86,1504,1212,840,-3016,-375
185,1500,1179,-68,-1039,-741
266,1485,1194,-33,598,-897
316,1477,1189,267,2325,-655
326,1490,1169,331,3185,191
274,1525,1153,277,3503,591
175,1555,1151,559,2735,444
70,1563,1134,501,1148,395
46,1559,1155,945,400,334
55,1566,1137,1047,233,49
63,1577,1126,786,481,-397
56,1584,1110,302,327,-692
59,1568,1121,316,154,-719
70,1553,1136,142,349,-517
63,1551,1138,47,428,-712
58,1549,1129,194,-481,-620
84,1541,1141,650,-1057,-323
130,1547,1157,581,-315,-165
148,1552,1132,214,273,-37
126,1544,1139,139,722,120
102,1537,1160,621,445,253
105,1543,1166,505,1066,176
88,1546,1161,390,1087,-2
57,1542,1160,486,835,-214
39,1539,1155,635,75,-324
43,1543,1153,559,-84,-430
54,1546,1150,244,-673,-454
82,1540,1148,368,-591,-349
106,1543,1154,455,35,-158
114,1549,1146,255,871,-210
98,1548,1132,214,147,-186
98,1546,1147,382,-199,-88
99,1551,1151,299,331,-8
82,1557,1150,153,279,-108
68,1553,1150,396,-151,-373
84,1548,1152,534,-174,-333
106,1547,1132,204,-272,-66
119,1546,1139,105,-77,98
126,1548,1154,145,627,-43
117,1549,1159,268,740,-115
97,1544,1138,387,-41,-127
93,1554,1140,249,44,-43
101,1571,1126,192,69,-18
103,1577,1121,113,281,85
87,1561,1120,214,448,34
74,1554,1130,231,77,-110
75,1555,1134,284,30,-222
81,1562,1131,144,-174,-244
95,1564,1134,68,-247,-272
107,1556,1131,-8,-164,-140
109,1543,1140,-117,302,-33
100,1529,1155,142,351,-7
97,1534,1164,279,-82,57
93,1552,1153,94,-79,-83
102,1555,1141,146,-381,-163
119,1553,1155,83,86,-158
117,1546,1147,218,610,-79
108,1548,1139,151,261,82
108,1554,1135,406,431,21
109,1566,1131,332,340,6
112,1569,1121,79,612,-1
103,1566,1120,76,186,46
97,1561,1123,87,293,8
86,1558,1132,244,155,-33
83,1556,1143,158,185,-147
92,1547,1139,321,-359,-198
112,1553,1133,106,-304,-194
135,1562,1144,226,358,-169
142,1558,1131,251,729,-11
132,1548,1139,274,715,103
114,1542,1138,276,552,97
90,1553,1133,26,112,-117
80,1559,1133,-9,370,-356
76,1559,1135,17,-135,-297
88,1557,1144,181,-263,-237
104,1559,1135,-22,66,-199
109,1551,1130,45,-9,-205
118,1549,1135,-121,155,-39
119,1548,1144,-72,381,-13
108,1547,1155,-94,130,-10
104,1542,1161,21,124,-78
100,1535,1156,31,248,-135
96,1534,1151,110,-461,-101
114,1545,1156,215,148,-105
121,1561,1144,90,337,-30
115,1556,1129,50,267,-51
106,1553,1135,91,298,-159
107,1557,1124,225,40,-161
119,1567,1120,107,375,-10
117,1567,1126,143,548,-10
105,1565,1128,247,239,-141
97,1565,1124,104,48,-195
105,1566,1128,97,5,-144
120,1559,1135,292,349,-61
117,1552,1138,277,278,-123
118,1546,1131,121,20,-182
124,1545,1146,194,267,-150
129,1547,1146,115,575,-16
119,1543,1147,162,516,19
102,1539,1150,309,480,-59
101,1544,1153,102,300,-139
99,1549,1138,90,77,-95
100,1549,1145,150,343,-56
98,1550,1145,164,409,-72
102,1551,1145,-78,646,-179
95,1547,1134,-147,137,-146
99,1544,1149,-164,358,-11
90,1548,1152,29,437,-101
79,1553,1149,-46,-145,-298
86,1553,1144,78,-451,-313
119,1553,1143,132,-76,-125
142,1553,1138,50,645,23
124,1553,1139,20,881,-108
95,1549,1143,-72,496,-236
83,1542,1139,-118,144,-120
78,1544,1146,-195,321,-161
78,1551,1148,-71,-161,-54
85,1551,1137,-258,42,82
71,1555,1129,-460,102,58
43,1562,1121,-482,-143,-145
10,1574,1127,-512,-391,-441
-7,1574,1130,-61,-1320,-494
37,1567,1136,345,-1557,-264
111,1556,1143,601,-1014,38
173,1554,1148,613,286,205
183,1541,1146,388,1045,220
158,1512,1168,237,1617,194
108,1485,1195,275,1568,124
57,1478,1246,357,534,-32
35,1488,1268,54,-433,-297
33,1476,1253,-365,-1021,-545
50,1447,1269,-942,-1431,-527
77,1410,1327,-1414,-1011,-507
101,1372,1394,-2008,-997,-660
127,1326,1421,-3142,-905,-643
120,1253,1419,-2795,110,-227
74,1179,1506,-2405,72,601
52,1108,1576,-775,-1010,1803
55,1088,1613,1408,-1744,2187
42,1142,1574,3063,-3508,2311
19,1196,1546,4049,-1811,3036
-25,1233,1554,7661,-2435,3405
-1,1332,1469,9013,-4132,3299
4,1472,1280,10547,-4876,2800
-7,1636,1182,12333,-5192,3050
2,1768,1040,14235,-7826,2941
131,1847,819,15633,-8835,2064
347,1906,641,16528,-7478,1943
566,1933,468,16804,-5820,1767
726,1940,315,16741,-1922,849
835,1940,167,15148,-821,-611
920,1906,100,13765,2361,-2451
951,1861,43,13594,3931,-2668
952,1837,15,11752,6458,-2318
780,1826,22,9994,8982,-2961
366,1889,85,9055,8832,-3224
-136,1954,184,9882,3546,-2764
-414,1947,235,11921,-5489,-1722
-326,1919,196,13789,-11741,-563
73,1912,107,13824,-12377,626
595,1931,60,11016,-6420,-574
881,1906,39,8745,-748,-2221
884,1941,71,8478,58,-1904
769,2035,45,7910,3160,-1371
503,2078,-11,7266,2276,-1383
258,2014,57,7987,-2339,-1053
191,1965,24,8242,-8610,712
266,1989,-137,6334,-8584,1881
329,2006,-291,3888,-4855,1408
318,1963,-513,1192,-3991,517
177,2007,-487,-691,424,-170
-33,2031,-474,-264,-5399,441
-65,1998,-584,24,-7680,1085
58,1973,-733,-627,-6794,496
267,1889,-834,-351,-5901,-321
487,1892,-856,-560,-2943,-559
622,1887,-891,-286,1682,58
533,1890,-830,-806,4566,-89
328,1876,-681,-88,2557,-1139
201,1921,-685,986,1385,-1471
199,1991,-631,-144,2750,-1550
309,1904,-571,612,1038,-1211
530,1864,-571,251,6910,-518
665,1959,-523,-868,15345,-207
500,1986,-455,-1794,14465,-1030
257,1861,-441,281,7499,-1542
175,1845,-481,201,6982,-414
251,1972,-490,-734,12736,561
161,2168,-333,-3600,16633,-1558
20,1962,-242,-765,4020,-2278
-2,1908,-338,-1015,-2042,-261
136,2113,-307,-5158,3535,1903
219,2132,-172,-3188,4954,1166
395,1950,-255,505,-4369,1833
732,1946,-446,-2346,1040,4242
827,2049,-416,-8783,11357,2911
488,2026,-245,-8253,9274,162
314,2008,-108,-6475,1376,496
461,2057,-100,-9101,-40,2776
530,2036,-59,-10784,4465,2274
405,1982,30,-11188,4601,503
163,1978,-69,-11404,2305,-993
80,1954,-127,-9812,-4589,-156
374,1960,-37,-10052,-3871,-94
681,1948,-46,-12550,1593,-596
702,1892,-8,-13464,3187,-1031
619,1836,83,-13437,3005,-1580
543,1843,93,-12715,2857,-1760
514,1901,128,-12858,1598,-1571
538,1934,184,-12703,2147,-1612
472,1927,258,-13111,4977,-2285
311,1935,433,-12344,5814,-2499
119,1930,504,-11901,3444,-3540
-18,1879,596,-12599,895,-4803
-44,1775,688,-12164,-2096,-4761
28,1674,773,-11172,-3342,-3542
123,1619,883,-10597,-2695,-3121
178,1607,1024,-9240,-2737,-3048
201,1606,1100,-7705,-2752,-2538
252,1583,1154,-6335,-2924,-1670
351,1550,1197,-5073,-1753,-1623
429,1518,1252,-4367,939,-1772
450,1451,1321,-2941,3380,-1515
368,1384,1347,-2250,5405,-1373
248,1344,1345,-2073,5609,-1392
136,1323,1369,-1398,5554,-1326
35,1330,1383,-899,4965,-1157
-26,1339,1365,-403,2625,-918
-49,1349,1353,-159,1878,-482
-117,1346,1389,430,1614,131
-219,1335,1467,1182,381,583
-270,1319,1543,2603,-1444,872
-191,1311,1544,3981,-3113,588
-44,1327,1459,3649,-3014,-1010
77,1345,1357,2981,-1310,-2032
141,1370,1269,2381,511,-1904
156,1387,1227,1872,885,-1442
191,1402,1221,1081,1584,-754
206,1412,1223,533,4394,-117
113,1446,1238,82,4966,593
-26,1489,1231,55,2804,763
-134,1527,1229,651,-592,455
-154,1536,1208,1090,-3836,148
-90,1529,1201,977,-4170,112
-7,1517,1198,931,-2362,24
63,1500,1194,1031,-1607,-493
162,1502,1183,350,-69,-881
258,1507,1148,-275,1954,-917
267,1502,1154,-477,2596,-334
201,1506,1187,278,2448,166
111,1523,1157,375,1308,481
31,1536,1150,402,447,588
-7,1534,1169,282,-279,568
-5,1538,1183,510,-1026,139
22,1558,1160,338,-1259,-310
78,1564,1145,308,-205,-449
113,1553,1132,28,726,-322
110,1532,1141,-90,1129,-262
96,1526,1159,153,692,-15
94,1539,1155,278,708,179
70,1555,1155,248,633,149
41,1561,1146,155,-461,174
48,1541,1146,567,-628,320
69,1529,1160,512,-329,368
76,1532,1167,425,680,140
67,1544,1161,240,1264,-353
53,1551,1152,146,431,-563
52,1552,1151,241,-131,-484
76,1546,1148,321,186,-187
88,1537,1145,194,151,61
85,1526,1154,246,264,240
78,1525,1162,275,133,236
67,1537,1157,-10,79,80
59,1546,1164,93,78,-249
65,1552,1171,113,76,-433
72,1551,1147,-41,-427,-343
89,1543,1143,68,108,-68
95,1541,1151,70,324,79
102,1544,1151,372,296,59
105,1549,1148,288,608,84
95,1555,1143,191,395,18
84,1554,1141,115,88,-125
77,1547,1148,99,197,-132
75,1540,1152,213,196,8
72,1539,1143,146,247,-43
75,1543,1149,-16,335,-115
67,1540,1143,-2,-131,-154
75,1541,1156,187,-159,-58
79,1546,1159,162,332,-139
73,1542,1158,451,-49,-211
81,1539,1156,56,49,-172
84,1536,1147,14,-298,-70
95,1546,1168,88,311,-167
91,1547,1166,539,465,-274
88,1553,1150,97,229,-131
91,1542,1140,91,-128,1
96,1537,1157,128,-178,19
99,1534,1167,183,203,-82
