-323,2005,-379,74,768,417
-329,2000,-387,107,672,416
-336,2005,-387,5,524,455
-335,2007,-388,-17,708,463
-331,2002,-389,58,502,409
-324,1996,-390,-8,295,375
-327,1999,-387,-50,184,451
-332,2004,-388,-21,114,471
-328,2001,-393,-84,105,440
-321,2006,-397,-188,233,477
-318,2012,-398,-108,315,494
-322,2018,-401,-259,72,464
-321,2021,-395,-350,219,460
-317,2019,-392,-349,240,492
-316,2015,-390,-344,48,541
-311,2012,-388,-457,160,507
-304,2007,-385,-435,282,413
-299,2003,-385,-465,249,343
-299,1998,-381,-460,241,294
-301,1996,-379,-462,273,291
-299,1998,-378,-507,255,261
-298,2000,-378,-471,396,222
-309,2003,-377,-420,89,180
-317,2007,-371,-406,213,145
-314,2008,-366,-300,236,110
-314,2007,-365,-219,95,95
-316,2003,-363,-247,-14,105
-316,2001,-363,-167,75,109
-322,2003,-363,-61,135,136
-322,2005,-364,-51,92,130
-321,2007,-363,38,97,85
-322,2006,-369,135,11,22
-322,2005,-367,66,71,-2
-326,2007,-367,71,-52,-35
-320,2008,-365,49,36,-23
-320,2009,-367,81,57,-44
-321,2010,-366,44,174,-51
-322,2010,-369,48,207,-58
-324,2007,-373,85,13,-27
-323,2002,-379,56,87,-20
-326,1998,-381,71,113,-1
-322,2000,-379,171,84,-4
-318,1999,-383,228,-51,-48
-316,2002,-385,247,-64,-62
-316,2007,-383,206,83,-20
-314,2006,-383,203,189,-12
-309,2004,-385,160,292,40
-312,2008,-385,140,222,54
-321,2013,-385,122,192,71
-321,2013,-385,77,211,97
-314,2010,-386,84,268,108
-311,2009,-387,95,299,82
-312,2009,-388,12,218,68
-315,2004,-389,-59,177,89
-312,1998,-388,-46,182,102
-311,1998,-390,-106,322,61
-313,1998,-392,4,94,53
-308,1997,-392,-74,317,63
-307,1996,-393,-76,401,53
-312,1997,-395,2,292,47
-321,1998,-404,41,172,92
-326,1998,-405,89,311,109
-329,1997,-404,171,145,93
-323,2000,-399,106,128,89
-319,2003,-396,133,239,57
-320,2002,-396,106,197,40
-320,2001,-394,65,190,28
-322,2005,-394,-3,148,-1
-327,2007,-394,35,69,20
-333,2006,-393,-2,68,28
-332,2006,-389,-74,120,5
-330,2006,-390,-75,17,-13
-330,2008,-390,-80,-13,-24
-327,2008,-390,-52,-11,-33
-326,2006,-389,-88,63,-11
-327,2001,-394,-58,42,-23
-326,1998,-395,-96,91,5
-329,1996,-397,-35,113,-28
-332,1998,-400,-25,44,23
-332,1997,-402,70,65,13
-332,2000,-403,54,75,-8
-332,2001,-404,61,78,-8
-333,1999,-404,11,102,20
-331,1997,-404,17,125,62
-330,1996,-404,50,56,50
-328,1998,-404,26,94,22
-327,2000,-401,23,140,33
-328,2002,-403,-56,207,13
-333,2002,-401,-63,96,71
-332,2004,-403,-256,244,78
-328,2006,-406,-394,393,105
-334,2006,-409,-492,163,183
-334,2007,-410,-720,198,269
-333,2017,-414,-969,353,393
-336,2035,-424,-1345,280,538
-330,2040,-433,-1561,698,618
-327,2026,-432,-1306,579,735
-332,2003,-421,-1100,-126,913
-328,1977,-386,-500,-182,751
-323,1971,-367,-305,-232,269
-317,1983,-352,-200,-236,-397
-306,1993,-345,-219,-387,-867
-309,1994,-339,-193,-18,-858
-318,1998,-327,-244,632,-663
-325,2003,-326,-343,1181,-534
-339,2006,-322,-284,1259,-414
-353,2008,-317,-200,1167,-353
-364,2019,-319,-180,1073,-361
-366,2022,-327,-26,1003,-467
-362,2022,-339,-159,1230,-496
-366,2019,-351,-326,976,-414
-350,2018,-361,-703,1445,-329
-344,2016,-368,-728,1468,59
-355,2004,-375,-601,1265,569
-372,2001,-373,-547,1127,801
-381,1999,-371,-371,349,951
-358,2002,-357,-253,3,886
-328,2004,-348,-188,159,584
-311,2002,-348,-155,40,283
-292,1997,-342,-250,155,4
-291,2001,-334,-253,1,-146
-296,2009,-326,-235,449,-289
-311,2004,-319,-124,756,-343
-325,1992,-319,-53,900,-305
-347,1990,-327,103,652,-359
-361,1993,-330,287,576,-317
-369,1998,-329,414,436,-300
-372,2000,-326,475,504,-277
-371,1999,-325,505,370,-281
-372,1993,-328,591,127,-243
-372,1984,-339,747,-119,-156
-373,1979,-350,867,-541,-74
-381,1981,-361,914,-694,33
-387,1985,-370,962,-866,72
-386,1994,-378,961,-899,48
-380,2001,-385,842,-869,63
-373,2002,-397,853,-996,85
-360,1998,-402,805,-763,98
-351,1997,-411,699,-526,95
-345,1998,-421,584,-406,41
-341,1995,-430,566,-400,59
-335,1996,-433,499,26,42
-331,2004,-432,440,406,39
-331,2007,-429,373,536,33
-331,2007,-429,1,768,21
-338,2000,-427,-45,918,124
-348,1999,-425,-68,875,155
-352,2002,-419,-25,939,134
-347,1999,-414,-9,892,111
-344,1992,-412,-161,887,117
-348,1987,-412,-21,813,133
-354,1986,-408,37,654,145
-354,1983,-402,53,759,147
-354,1981,-407,99,583,152
-356,1981,-412,270,420,144
-363,1987,-413,368,446,134
-372,1993,-410,388,363,146
-374,2000,-413,327,8,150
-368,1998,-416,363,-137,169
-368,1995,-419,336,-112,165
-377,1996,-418,376,-216,177
-373,1995,-421,315,-173,165
-364,1993,-425,269,-55,158
-357,1994,-433,166,9,146
-359,1991,-436,202,-59,77
-363,1988,-438,255,-153,99
-365,1981,-441,275,-271,81
-363,1978,-449,323,-171,113
-359,1980,-454,392,-139,116
-356,1981,-459,412,-232,107
-351,1982,-461,354,-171,136
-349,1985,-467,307,-34,144
-349,1985,-468,286,-36,180
-347,1985,-469,218,50,182
-344,1986,-470,203,121,190
-343,1986,-468,149,111,193
-347,1984,-471,97,45,160
-346,1983,-475,21,98,161
-342,1979,-479,4,241,116
-341,1977,-484,-41,249,107
-343,1980,-481,-37,254,107
-345,1985,-480,-88,222,90
-348,1988,-475,-177,123,120
-347,1990,-473,-183,269,108
-345,1993,-470,-170,329,97
-346,1995,-463,-213,360,79
-348,1993,-460,-230,185,64
-341,1992,-458,-291,525,64
-342,1992,-451,-314,471,61
-346,1991,-452,-361,453,13
-351,1990,-450,-402,366,33
-359,1987,-450,-279,287,39
-370,1986,-447,-270,200,46
-374,1985,-443,-271,41,40
-365,1983,-439,-257,188,50
-362,1983,-441,-226,79,18
-366,1980,-441,-180,-52,-29
-368,1979,-440,-146,-152,-17
-373,1980,-445,-103,-257,-50
-374,1979,-448,-162,-274,-47
-371,1978,-445,-101,-83,-43
-368,1979,-447,-24,-187,-69
-367,1980,-453,-40,-201,-91
-364,1981,-454,-11,59,-59
-364,1981,-455,56,118,-34
-366,1981,-457,49,157,-83
-371,1984,-455,24,196,-40
-376,1983,-459,42,183,12
-374,1979,-465,61,236,29
-372,1980,-465,29,295,43
-370,1984,-464,-9,389,47
-371,1985,-461,27,332,66
-374,1982,-461,24,182,77
-376,1982,-461,-42,154,106
-375,1983,-462,-108,167,81
-372,1985,-458,-137,242,73
-372,1985,-456,-134,222,128
-371,1984,-454,-168,366,124
-376,1981,-457,-90,82,149
-375,1985,-454,-109,198,100
-376,1988,-451,-74,247,122
-378,1987,-450,-96,104,110
-379,1986,-452,-138,-126,76
-375,1984,-452,-151,67,87
-380,1984,-448,-109,60,133
-384,1983,-449,-165,72,129
-383,1980,-452,-114,12,137
-377,1979,-453,-136,66,69
-376,1982,-454,-116,73,77
-376,1981,-454,-138,142,84
-376,1977,-457,-45,103,70
-380,1977,-459,-46,63,86
-380,1980,-457,-11,98,88
-377,1980,-459,-44,123,118
-371,1977,-462,-11,113,90
-369,1977,-463,-10,243,89
-373,1982,-464,-36,270,117
-373,1983,-464,-18,180,127
-369,1981,-462,-77,280,124
-370,1983,-461,-128,279,120
-373,1989,-456,-229,334,99
-371,1987,-451,-194,361,134
-367,1983,-455,-173,419,129
-367,1984,-458,-211,445,80
-374,1988,-457,-282,419,100
-377,1987,-450,-285,355,148
-371,1984,-450,-286,434,124
-369,1983,-444,-210,403,88
-370,1984,-441,-173,374,121
-369,1982,-442,-164,256,146
-363,1977,-447,-208,412,79
-367,1976,-452,-98,211,68
-370,1981,-455,-143,239,73
-368,1981,-457,-82,128,75
-361,1981,-450,-142,331,65
-363,1984,-452,-134,206,74
-363,1986,-449,-114,273,110
-370,1984,-445,-44,258,175
-373,1983,-443,-39,171,165
-368,1986,-444,15,217,155
-359,1992,-445,-68,322,116
-357,1990,-446,-43,328,144
-359,1984,-444,-42,342,153
-362,1983,-440,-85,264,202
-365,1986,-436,-146,270,200
-363,1991,-434,-131,317,199
-363,1993,-431,-174,296,168
-366,1994,-429,-250,258,116
-364,1992,-430,-271,399,69
-366,1984,-430,-290,375,62
-371,1980,-432,-277,260,102
-375,1976,-438,-140,124,128
-377,1976,-444,-32,-15,110
-379,1979,-445,100,-131,76
-379,1982,-451,95,-88,94
-376,1982,-451,169,-36,119
-375,1979,-449,211,-15,98
-373,1981,-448,192,62,125
-371,1981,-447,165,155,135
-371,1982,-451,184,177,102
-373,1982,-452,209,110,79
-374,1980,-454,168,88,83
-375,1982,-454,224,43,78
-376,1980,-452,223,42,62
-377,1979,-455,164,-107,56
-376,1981,-457,122,-76,47
-367,1980,-459,89,172,36
-365,1980,-465,172,85,37
-371,1982,-470,153,85,49
-374,1983,-469,203,51,60
-370,1984,-470,161,222,92
-374,1985,-465,235,173,147
-376,1984,-465,206,91,189
-373,1982,-465,105,211,156
-368,1982,-468,25,254,136
-366,1984,-469,-27,348,128
-371,1983,-466,4,258,96
-374,1983,-463,-52,121,95
-370,1984,-464,-75,188,150
-367,1985,-464,-130,342,146
-367,1985,-468,-111,132,123
-365,1983,-468,-136,155,145
-363,1978,-467,-117,315,160
-363,1974,-469,-36,290,141
-368,1974,-474,-27,292,130
-374,1972,-477,17,220,182
-381,1973,-481,-8,131,238
-377,1973,-484,7,208,259
-374,1975,-481,37,272,278
-374,1979,-479,98,42,321
-373,1976,-476,137,-1,314
-372,1976,-474,90,-9,361
-371,1981,-472,13,-106,337
-372,1984,-474,8,-191,341
-371,1982,-476,23,-300,365
-362,1981,-476,7,-124,334
-356,1983,-478,-25,-62,269
-355,1984,-482,-88,-172,222
-351,1984,-482,-138,-72,253
-348,1983,-482,-168,72,270
-343,1983,-480,-219,152,162
-343,1987,-477,-240,172,133
-350,1989,-473,-211,70,148
-355,1983,-468,-245,206,154
-358,1980,-466,-234,96,167
-353,1980,-464,-248,132,99
-348,1982,-461,-256,279,87
-350,1983,-459,-248,238,74
-349,1980,-460,-208,202,14
-353,1981,-464,-208,169,46
-359,1983,-461,-187,37,53
-365,1981,-459,-184,36,74
-367,1981,-458,-196,22,81
-369,1980,-463,-173,-112,93
-370,1983,-463,-172,-43,83
-373,1982,-464,-175,-41,93
-372,1982,-464,-134,-162,70
-372,1982,-469,-131,-275,70
-372,1983,-463,-125,-127,83
-370,1984,-464,-145,-92,121
-365,1985,-464,-142,39,112
-366,1985,-465,-166,31,165
-368,1985,-466,-78,8,163
-368,1983,-465,-75,89,173
-366,1982,-464,-68,59,128
-363,1982,-463,-90,140,108
-361,1980,-463,-117,127,94
-360,1981,-461,-114,172,117
-359,1983,-457,-93,258,118
-365,1981,-460,-37,27,103
-366,1982,-461,-90,103,74
-359,1984,-460,-185,301,38
-353,1984,-462,-166,397,28
-357,1983,-465,-193,189,1
-359,1984,-467,-165,132,6
-358,1987,-465,-228,415,10
-362,1991,-457,-195,405,57
-363,1989,-453,-244,391,47
-359,1984,-449,-243,466,78
-355,1981,-447,-180,496,84
-356,1982,-445,-189,457,53
-362,1982,-445,-155,431,106
-365,1979,-446,-110,315,95
-364,1977,-451,-113,266,81
-362,1977,-451,-2,317,101
-363,1979,-449,1,232,64
-360,1979,-451,29,222,45
-359,1982,-451,70,349,69
-361,1985,-452,66,305,114
-363,1983,-455,31,377,96
-363,1984,-458,32,401,89
-365,1985,-460,42,320,84
-363,1988,-462,4,309,82
-360,1987,-464,25,333,104
-361,1984,-463,44,320,97
-360,1983,-460,24,333,80
-358,1982,-459,5,401,80
-358,1978,-456,54,345,71
-362,1976,-454,3,289,60
-365,1981,-454,-10,107,78
-364,1981,-453,25,160,84
-366,1977,-455,32,208,51
-372,1978,-457,83,-54,55
-373,1981,-458,82,-103,72
-367,1983,-457,17,9,72
-360,1982,-459,87,69,10
-362,1985,-468,48,-26,-10
-366,1984,-471,111,-58,-4
-369,1984,-470,34,82,24
-370,1985,-466,9,96,41
-367,1982,-467,-45,160,12
-360,1977,-471,-172,187,30
-356,1977,-472,-57,232,6
-361,1977,-474,22,171,-34
-368,1975,-475,26,169,5
-368,1970,-478,121,170,-7
-365,1973,-481,114,184,3
-363,1977,-476,87,304,13
-363,1979,-475,48,328,15
-362,1981,-474,-65,325,9
-364,1984,-470,-86,418,38
-370,1988,-471,-170,368,64
-371,1986,-475,-234,389,58
-372,1983,-477,-239,351,82
-374,1985,-472,-238,385,64
-374,1985,-473,-266,456,63
-373,1983,-472,-207,390,32
-373,1980,-467,-309,414,35
-371,1978,-465,-313,485,23
-376,1977,-468,-321,404,-14
-384,1975,-467,-318,320,-8
-384,1976,-462,-276,417,-9
-386,1980,-462,-217,334,-49
-393,1980,-458,-163,91,-20
-393,1978,-459,-181,107,-1
-390,1974,-465,-108,70,-53
-390,1971,-466,-65,-213,-61
-378,1971,-462,-78,92,-59
-370,1972,-468,-35,245,-107
-375,1967,-469,-15,50,-135
-383,1968,-466,-163,102,-142
-393,1975,-463,-209,201,-155
-401,1978,-466,-169,33,-128
-405,1976,-468,-113,-53,-90
-402,1978,-472,-62,-44,-92
-398,1981,-476,-3,-42,-59
-394,1981,-476,53,0,-54
-385,1981,-471,28,212,-86
-380,1982,-465,-32,398,-111
-383,1980,-460,-13,354,-113
-388,1975,-462,-6,251,-98
-390,1974,-461,-139,530,-47
-397,1977,-463,-156,433,-35
-401,1978,-465,-197,356,-60
-404,1976,-467,-212,412,42
-410,1974,-464,-189,253,66
-412,1975,-461,-304,226,70
-407,1976,-461,-227,67,89
-403,1976,-462,-193,75,90
-401,1978,-460,-159,35,111
-406,1979,-461,-239,5,120
-410,1977,-465,-255,-16,150
-415,1970,-463,-236,-21,182
-416,1970,-459,-206,-92,216
-412,1972,-462,-161,-193,202
-406,1975,-462,-221,-131,208
-400,1980,-455,-231,-24,220
-397,1983,-453,-221,14,227
-397,1981,-451,-197,62,220
-400,1980,-452,-219,75,233
-397,1983,-455,-288,104,213
-393,1986,-452,-330,235,152
-393,1987,-444,-349,470,153
-395,1984,-440,-322,539,184
-393,1982,-438,-405,514,108
-398,1980,-442,-329,437,102
-407,1977,-444,-276,380,117
-411,1972,-443,-200,259,126
-402,1973,-440,-216,327,115
-397,1975,-442,-99,314,103
-395,1970,-444,-53,261,91
-397,1972,-442,-84,168,97
-396,1979,-439,-87,239,97
-400,1986,-437,-114,226,95
-401,1989,-436,-179,268,79
-398,1987,-434,-240,342,85
-398,1986,-433,-225,198,124
-401,1983,-438,-201,39,117
-400,1980,-442,-158,125,141
-399,1980,-442,-118,122,149
-397,1976,-440,-74,71,167
-392,1973,-440,-38,82,186
-392,1973,-440,-36,62,189
-391,1974,-438,-30,99,178
-390,1975,-438,-8,139,199
-389,1977,-440,26,120,199
-392,1981,-441,32,67,199
-393,1983,-438,2,86,186
-388,1982,-440,11,129,170
-387,1982,-442,14,112,181
-391,1988,-440,-10,133,179
-394,1989,-437,-11,109,233
-392,1985,-438,-33,48,208
-388,1983,-435,-69,-9,210
-387,1985,-433,-67,51,216
-385,1984,-434,-100,20,203
-380,1980,-435,-92,58,176
-383,1985,-435,-132,31,179
-386,1990,-437,-135,158,220
-391,1989,-436,-110,94,241
-389,1988,-438,-159,107,207
-385,1990,-437,-145,127,240
-382,1988,-437,-149,55,222
-381,1986,-435,-139,24,188
-380,1988,-431,-194,154,194
-380,1988,-433,-211,227,167
-385,1986,-434,-183,151,163
-384,1990,-433,-207,232,171
-385,1990,-432,-195,110,145
-381,1986,-430,-223,91,149
-382,1985,-431,-195,137,166
-382,1984,-434,-205,245,141
-382,1983,-434,-207,214,96
-385,1985,-435,-225,190,120
-387,1985,-431,-225,187,146
-386,1984,-432,-207,215,120
-386,1987,-433,-282,171,142
-385,1987,-431,-230,170,126
-385,1986,-433,-258,208,148
-384,1984,-433,-197,247,127
-389,1985,-426,-279,236,167
-393,1987,-423,-259,186,150
-390,1984,-427,-267,100,125
-390,1984,-424,-312,142,115
-390,1982,-419,-285,-112,83
-381,1979,-410,-460,-140,25
-376,1986,-399,-640,-344,47
-373,1994,-393,-803,-17,112
-374,1993,-396,-746,204,122
-374,1990,-406,-625,129,99
-369,1990,-438,-720,-42,37
-373,1992,-473,-925,42,55
-390,1979,-507,-914,-350,131
-394,1950,-543,-1159,-180,80
-377,1921,-570,-1412,152,19
-335,1900,-586,-1631,1130,38
-315,1890,-603,-1783,2096,-75
-327,1881,-622,-1646,1337,-21
-342,1878,-630,-1769,18,130
-317,1884,-627,-2184,12,131
-256,1898,-624,-2453,1072,-22
-197,1910,-634,-2169,1903,-32
-194,1945,-659,-1864,772,363
-254,2011,-679,-1314,-2119,1209
-281,2064,-693,-1216,-3008,1673
-235,2121,-721,-1027,-1332,1692
-161,2209,-791,-210,864,953
-136,2304,-866,335,2461,1801
-220,2336,-794,1801,-8055,2227
-355,2370,-750,1837,-11518,3210
-454,2394,-678,2783,-12739,3165
-346,2455,-524,2277,-4419,1915
-290,2496,-445,2706,-2987,969
-305,2465,-375,3395,-3801,-208
-350,2346,-293,3175,-3547,-258
-382,2199,-161,2094,-1243,245
-379,2112,-6,1130,-685,164
-343,2046,81,1414,-2217,-232
-284,1956,120,1225,-2397,-331
-279,1842,137,1106,-2685,-219
-275,1770,124,1050,-1738,-692
-293,1752,62,717,-1078,-1156
-319,1772,40,73,409,-1296
-325,1788,40,-266,1888,-1102
-296,1827,8,-304,4218,-1157
-340,1861,-67,338,3193,-953
-393,1873,-107,213,3267,-186
-395,1902,-116,-668,6112,235
-438,1952,-129,-1019,5559,365
-459,1998,-140,-1233,4376,130
-425,2003,-251,-2781,3163,117
-397,1929,-341,-1992,428,614
-312,1859,-346,-1651,3436,515
-270,1837,-329,-1486,4713,3
-317,1829,-348,-737,2118,144
-384,1860,-333,-1356,407,895
-436,1909,-330,-1356,-1576,800
-394,1926,-270,-1528,-65,-129
-343,1949,-245,-1132,578,-485
-333,1968,-255,-425,-1363,-342
-332,1963,-245,-283,-301,-4
-359,1990,-248,-284,312,334
-368,2036,-234,-178,132,109
-350,2090,-203,-759,948,10
-340,2137,-162,-1293,884,-256
-341,2128,-183,-1648,1639,-314
-369,2099,-230,-1370,1102,-395
-386,2065,-231,-1968,1641,-226
-359,2061,-180,-2296,2012,-313
-330,2075,-176,-1651,2327,-272
-354,2051,-267,-1561,2675,-149
-381,2071,-246,-2520,2651,-134
-315,2103,-134,-2725,2822,-590
-235,2061,-222,-1938,6472,-663
-350,1966,-376,-1787,3400,-429
-471,1905,-355,-1165,61,-421
-448,1922,-239,-1438,2508,-447
-452,1936,-344,-537,1846,-385
-494,1908,-340,-1027,-808,-297
-503,1893,-227,-1125,-2225,13
-450,1900,-293,-353,278,-218
-483,1858,-349,212,-986,-355
-560,1816,-272,-149,-2168,358
-549,1868,-94,-1207,819,758
-475,1956,-126,-909,167,481
-414,1944,-133,-329,-2748,765
-390,1849,-43,-620,-1895,1230
-460,1775,63,-1781,-158,1147
-477,1788,148,-2651,1457,1131
-406,1829,168,-2857,74,1770
-280,1833,230,-3270,-9,1798
-236,1897,320,-3741,551,1102
-262,1954,381,-3871,567,132
-342,1912,394,-3481,131,-729
-447,1864,412,-3367,16,-626
-513,1841,446,-3866,1393,-350
-505,1814,471,-4034,3075,-324
-405,1841,425,-3360,3792,-550
-419,1950,310,-2268,1833,-352
-506,1959,206,-1326,-2742,164
-485,1887,122,-551,-2981,987
-423,1884,63,-692,-2333,1177
-327,1984,47,-517,-1238,884
-221,2146,33,-6,-797,7
-251,2250,-12,350,-3414,-534
-289,2260,-85,831,-5152,-188
-315,2284,-183,1996,-4467,480
-396,2324,-248,2820,-4233,865
-409,2346,-268,2615,-1724,1119
-380,2351,-305,2932,-899,1269
-328,2338,-369,2995,-3004,1347
-246,2306,-393,3087,-2625,1353
-210,2288,-395,3103,-1235,1277
-181,2287,-379,2997,-551,1195
-129,2294,-353,2568,-885,1191
-75,2278,-338,1741,530,1306
-61,2217,-336,1059,2635,1280
-58,2158,-321,483,3672,1077
-84,2127,-339,304,2809,850
-114,2103,-326,167,3536,994
-174,2060,-277,915,2119,1052
-230,1999,-283,813,1053,1027
-247,1963,-290,589,435,1259
-205,1991,-277,296,-232,1259
-135,2018,-253,225,673,673
-103,2033,-246,64,1212,233
-107,2033,-240,191,1324,173
-138,2029,-234,-153,882,238
-180,2019,-219,-65,612,412
-200,2021,-213,-274,781,490
-210,2030,-210,-48,623,293
-208,2037,-211,227,342,321
-196,2037,-212,189,750,472
-186,2023,-205,141,973,576
-177,2023,-183,5,840,554
-190,2023,-182,352,323,476
-207,2013,-188,448,-218,435
-204,1997,-194,531,38,330
-195,1999,-201,645,407,158
-204,2016,-195,656,253,30
-212,2036,-178,496,251,55
-218,2041,-172,369,417,150
-226,2042,-171,149,96,95
-222,2046,-171,231,-22,41
-210,2062,-185,261,-81,-110
-207,2080,-184,147,136,-257
-220,2083,-182,191,196,-306
-225,2068,-198,129,147,-236
-222,2055,-201,78,28,-219
-214,2047,-194,143,71,-243
-202,2043,-203,245,225,-292
-200,2047,-210,211,96,-409
-201,2045,-209,331,139,-417
-201,2039,-210,331,382,-346
-218,2030,-219,392,163,-267
-228,2020,-222,435,261,-177
-228,2018,-224,400,252,-169
-214,2027,-225,306,410,-231
-203,2034,-224,326,571,-199
-215,2035,-225,450,344,-58
-236,2029,-228,386,18,-8
-241,2029,-227,250,82,47
-230,2036,-231,222,310,51
-223,2045,-232,179,255,16
-228,2046,-228,125,269,19
-233,2043,-222,108,267,132
-240,2042,-221,-16,244,175
-244,2043,-221,-53,29,151
-238,2039,-226,12,91,123
-234,2040,-233,-29,-1,99
-233,2044,-229,-106,-13,70
-226,2047,-218,-244,128,46
-222,2050,-211,-329,255,16
-223,2048,-209,-417,335,48
-231,2040,-213,-293,-8,50
-236,2029,-222,-184,65,85
-241,2030,-233,-123,-197,29
-233,2033,-231,-140,-295,58
-219,2039,-222,-239,102,92
-223,2047,-216,-207,50,116
-229,2042,-213,-229,-67,144
-227,2032,-216,-267,26,198
-220,2031,-218,-248,70,163
-224,2029,-218,-188,171,133
-229,2030,-218,-238,32,144
-227,2033,-216,-280,87,170
-222,2037,-208,-279,68,146
-223,2038,-205,-263,110,173
-231,2033,-206,-256,317,154
-239,2033,-210,-325,111,140
-237,2030,-209,-194,22,118
-232,2030,-205,-150,3,117
-232,2033,-203,-122,-78,168
-226,2036,-201,-156,56,151
-224,2039,-205,-166,75,114
-225,2044,-198,-174,164,83
-228,2049,-194,-204,60,106
-230,2049,-192,-221,-6,119
-233,2046,-191,-249,8,123
-232,2042,-189,-281,50,168
-226,2043,-189,-313,133,177
-227,2042,-191,-323,61,141
-226,2039,-193,-290,140,112
-224,2035,-192,-291,163,85
-223,2031,-188,-305,203,64
-226,2033,-185,-338,264,99
-230,2034,-190,-272,78,90
-230,2037,-188,-293,232,71
-236,2035,-186,-207,161,80
-235,2035,-180,-229,130,82
-231,2034,-183,-179,131,53
-228,2035,-183,-122,170,93
-233,2036,-176,-99,169,154
-233,2034,-175,-69,204,108
-228,2032,-178,2,292,115
-228,2030,-184,120,221,110
-229,2032,-184,123,229,74
-228,2033,-183,150,315,51
-225,2033,-184,260,307,35
-224,2034,-187,259,274,49
-231,2033,-183,289,216,15
-235,2034,-186,264,200,5
-226,2034,-185,266,414,23
-228,2038,-188,307,268,-4
-230,2043,-190,333,255,1
-228,2043,-191,261,487,-17
-229,2038,-194,295,495,4
-237,2033,-200,340,338,-30
-241,2028,-207,394,327,-33
-243,2030,-214,359,271,-27
-241,2030,-213,382,297,-52
-238,2029,-219,412,259,-55
-237,2025,-229,430,340,-75
-244,2024,-235,513,235,-29
-252,2027,-238,483,22,23
-246,2033,-237,359,115,12
-235,2036,-237,262,273,-31
-237,2039,-241,279,229,-42
-244,2038,-247,196,2,45
-247,2038,-251,150,68,55
-248,2041,-246,81,118,10
-250,2045,-243,14,117,27
-251,2043,-245,-59,-30,39
-242,2040,-242,-180,151,23
-240,2038,-243,-153,156,37
-239,2035,-242,-76,191,34
-250,2030,-244,-36,116,92
-255,2026,-241,-80,55,125
-243,2029,-237,-178,283,71
-241,2040,-237,-222,336,26
-246,2046,-235,-414,223,-17
-246,2040,-236,-441,387,-23
-247,2032,-236,-427,541,21
-258,2029,-238,-406,351,23
-267,2032,-234,-376,283,34
-261,2033,-236,-362,326,-3
-250,2029,-240,-217,380,-28
-253,2026,-241,-163,32,-21
-251,2025,-236,-162,154,4
-248,2026,-233,-237,323,23
-250,2031,-232,-237,274,27
-253,2030,-221,-211,-201,-23
-244,2027,-219,-362,-351,-58
-227,2029,-241,-583,421,-83
-217,2026,-266,-528,769,-185
-203,2017,-290,-519,1918,-249
-208,2002,-320,-464,2855,-444
-192,2002,-354,-930,3182,-777
-190,2032,-383,-1379,2439,-733
-185,2070,-416,-1961,2380,-674
-172,2065,-472,-2355,1847,-1029
-141,2030,-524,-2586,2305,-1153
-117,1996,-562,-2154,2537,-1068
-121,1983,-596,-1829,1730,-746
-168,1990,-610,-1435,502,-390
-195,2003,-635,-1279,421,-75
-166,2026,-659,-1155,693,40
-136,2075,-695,-706,267,0
-142,2135,-730,-352,-443,-12
-206,2218,-704,832,-3139,260
-288,2306,-712,208,-6092,528
-345,2367,-680,500,-8917,784
-298,2447,-621,2139,-7271,645
-229,2542,-573,2765,-3389,459
-240,2555,-504,3119,-2619,-5
-312,2490,-344,3775,-2138,-478
-360,2357,-199,3257,-1636,53
-333,2275,-32,2554,-738,440
-279,2233,122,1766,-429,195
-257,2174,260,1116,-702,89
-251,2094,360,732,-1006,514
-226,2018,410,58,-736,517
-220,1970,425,-39,-1703,195
-199,1961,410,-456,-1042,-848
-208,1942,370,-1230,899,-1729
-266,1933,336,-1968,2075,-2060
-303,1914,308,-2087,2409,-1787
-298,1888,256,-1262,3943,-930
-375,1842,148,-667,-37,79
-407,1815,99,-1113,-1332,642
-406,1825,81,-1213,-733,662
-369,1861,79,-1737,1804,-143
-422,1879,-4,-2092,-1878,-637
-460,1817,-98,-1735,-2711,-208
-460,1715,-120,-990,-1430,50
-445,1667,-113,-231,-1,-226
-430,1672,-152,-56,1638,-1111
-481,1744,-131,165,-960,-1362
-495,1831,-95,424,-2130,-961
-506,1832,-136,1285,-2329,-803
-482,1823,-160,1750,-4807,-1139
-366,1846,-118,1680,-2437,-1005
-300,1895,-76,1928,-526,-461
-315,1972,-93,1734,550,-68
-361,2068,-72,1468,-390,224
-335,2152,-57,760,-559,99
-269,2176,-57,196,690,-150
-211,2142,-78,-676,2514,-252
-202,2108,-86,-852,3940,-30
-247,2087,-100,-603,5358,149
-356,2093,-119,-682,4704,674
-418,2115,-129,-844,3193,691
-431,2130,-100,-1334,1785,338
-371,2137,-104,-1370,4931,-169
-397,2099,-173,-1826,5323,-3
-443,2078,-143,-1971,559,189
-317,2039,-112,-1576,5492,-218
-322,1943,-303,-1443,7121,-1
-468,1911,-322,-642,2246,574
-516,1937,-146,-1017,-754,145
-369,1965,-225,-853,9231,-349
-486,1888,-425,-169,1648,188
-580,1902,-281,53,-3679,736
-483,1982,28,-1398,4418,152
-443,1969,-324,1737,2659,-518
-491,1865,-396,-21,-3147,-118
-519,1846,-18,-793,-872,965
-441,1963,64,-264,2820,-341
-414,2015,-97,-248,1246,-752
-409,1952,-139,1075,-3163,497
-474,1876,-24,547,-2115,1547
-547,1807,-4,119,-1166,1583
-534,1794,45,-65,-2247,1524
-468,1839,76,-512,-3650,2175
-342,1862,171,-878,-1692,2966
-287,1910,217,-927,-2542,3004
-319,1967,295,-1227,-3570,2398
-353,1956,299,-1727,-3157,1774
-363,1906,317,-2339,-2440,1513
-344,1875,332,-2683,-709,1238
-352,1888,346,-2909,-101,756
-306,1897,329,-3531,2077,281
-297,1904,310,-3153,3251,116
-308,1889,242,-2713,2109,148
-327,1856,177,-2324,479,265
-367,1849,130,-1997,-1495,529
-358,1872,64,-1366,-4146,599
-241,1938,-16,-815,-3637,342
-167,2077,-46,-764,-1305,-54
-168,2174,-99,262,-819,-616
-190,2196,-129,900,-404,-393
-234,2208,-168,1802,151,303
-288,2251,-234,2620,-1235,839
-270,2310,-288,3235,-758,790
-215,2389,-307,3672,-111,439
-158,2458,-301,3921,130,-96
-121,2459,-306,4129,751,-160
-116,2406,-337,4107,986,202
-129,2342,-406,3148,1147,465
-151,2294,-460,2486,1725,614
-146,2268,-522,3083,2130,659
-119,2256,-542,3082,2624,297
-141,2223,-544,2836,2772,-62
-195,2148,-543,2432,2755,-165
-235,2060,-507,2213,1042,-71
-221,1990,-436,1227,307,-69
-204,1939,-366,748,1052,156
-183,1916,-337,863,1669,448
-187,1912,-335,1036,1334,365
-219,1918,-363,1267,146,79
-271,1926,-396,1801,-1303,-4
-293,1940,-429,1925,-1815,108
-284,1963,-447,1832,-1827,22
-269,1992,-430,1780,-1825,134
-249,2023,-405,1645,-1637,373
-227,2039,-386,1480,-1255,368
-220,2060,-374,888,-914,332
-213,2064,-361,424,-596,340
-188,2056,-356,75,-59,322
-174,2046,-362,84,37,280
-193,2042,-362,-169,-330,199
-214,2038,-374,-205,-303,211
-218,2023,-374,-50,14,262
-214,2022,-365,-232,60,163
-215,2023,-357,-84,-5,122
-226,2020,-357,-220,107,149
-226,2012,-349,-387,157,83
-213,2006,-329,-479,703,10
-216,2012,-324,-322,397,35
-234,2016,-325,-279,-222,49
-248,2008,-332,-288,-263,92
-248,2004,-338,-217,-338,106
-245,2012,-339,-166,-430,124
-237,2026,-339,-95,-460,97
-235,2036,-337,-139,-400,88
-234,2039,-326,-269,-57,132
-237,2034,-319,-387,-88,126
-229,2028,-319,-424,108,153
-233,2027,-316,-424,-192,157
-233,2030,-314,-557,63,155
-230,2030,-308,-628,256,148
-223,2029,-304,-658,725,13
-232,2029,-304,-633,351,-19
-244,2026,-310,-629,252,7
-253,2023,-306,-621,531,83
-264,2018,-302,-457,184,84
-273,2013,-303,-432,-109,105
-272,2010,-299,-437,-124,96
-255,2012,-297,-417,72,56
-248,2015,-302,-357,50,29
-255,2013,-307,-320,-193,14
-259,2008,-307,-332,-65,61
-260,2009,-308,-131,-232,110
-260,2012,-312,-39,-325,42
-261,2013,-314,37,-214,20
-265,2013,-319,138,-328,20
-269,2017,-322,196,-262,85
-264,2023,-320,138,-126,114
-249,2025,-315,31,220,50
-240,2030,-311,-3,431,-9
-251,2034,-310,11,312,18
-267,2032,-307,-55,211,32
-268,2028,-307,-148,208,-11
-262,2029,-305,-170,206,-14
-260,2032,-300,-154,219,-8
-260,2028,-301,-208,224,10
-259,2024,-301,-178,239,13
-261,2018,-304,-120,121,35
-264,2017,-304,-163,100,46
-265,2019,-298,-175,35,2
-257,2024,-296,-258,333,-19
-255,2024,-299,-140,358,17
-262,2024,-299,-182,269,23
-271,2027,-296,-195,255,-19
-276,2024,-295,-163,245,20
-282,2021,-295,-136,243,39
-282,2017,-290,-173,264,43
-273,2015,-293,-179,312,24
-265,2013,-296,-93,373,21
-269,2013,-292,7,176,-11
-269,2015,-296,9,243,-35
-269,2018,-301,31,282,-54
-275,2024,-301,45,49,-27
-282,2027,-305,106,-13,45
-283,2030,-306,21,-87,108
-272,2031,-300,-130,196,84
-262,2032,-303,-47,58,56
-257,2038,-302,34,8,46
-263,2037,-305,-72,-58,109
-266,2032,-302,-164,28,171
-259,2033,-300,-276,240,71
-256,2034,-296,-292,316,110
-259,2033,-292,-354,171,176
-257,2024,-287,-354,330,220
-255,2014,-288,-227,349,234
-258,2015,-289,-155,161,193
-260,2018,-285,-155,136,203
-254,2023,-287,-121,161,172
-253,2028,-284,-137,302,140
-255,2032,-276,-191,294,137
-253,2029,-276,-244,472,121
-253,2025,-274,-113,421,130
-258,2026,-272,-47,353,136
-260,2024,-270,-64,164,115
-253,2025,-270,-76,293,52
-251,2023,-276,8,236,5
-261,2024,-284,127,55,19
-272,2026,-284,141,8,77
-274,2029,-283,47,147,142
-267,2028,-284,55,237,108
-262,2027,-283,86,180,88
-260,2024,-284,150,75,92
-258,2021,-288,172,134,88
-261,2021,-292,172,6,117
-265,2023,-289,162,-25,114
-266,2027,-287,124,16,82
-258,2031,-292,9,127,74
-252,2032,-298,-91,327,48
-256,2028,-305,-117,223,32
-263,2024,-307,-132,162,68
-266,2021,-305,-111,263,81
-265,2019,-308,-57,209,103
-260,2018,-314,18,203,93
-263,2017,-317,24,88,130
-269,2014,-317,44,175,155
-275,2017,-319,44,6,162
-271,2020,-323,-38,57,93
-260,2020,-319,-14,290,108
-265,2022,-318,61,279,132
-274,2022,-316,2,82,175
-276,2022,-317,-131,-46,167
-266,2024,-316,-247,215,149
-261,2027,-311,-290,356,137
-265,2027,-309,-247,175,134
-264,2026,-306,-343,214,141
-262,2026,-300,-346,306,122
-262,2025,-300,-307,256,14
-265,2024,-303,-324,117,-3
-264,2027,-296,-339,-100,-26
-264,2030,-282,-587,-87,-54
-265,2026,-287,-1114,588,-90
-258,2018,-305,-1383,1249,-147
-250,2003,-320,-1458,1688,-259
-246,1978,-342,-1460,1698,-448
-233,1954,-394,-1381,1515,-701
-216,1921,-476,-951,1702,-918
-218,1896,-569,-236,1027,-1019
-234,1915,-628,-42,-42,-904
-241,1962,-652,-426,67,-693
-210,1996,-658,-929,214,-707
-166,2028,-667,-1940,1276,-650
-182,2076,-658,-1699,-226,-18
-208,2130,-657,-2305,-2006,226
-222,2186,-656,-2869,-1696,129
-214,2252,-664,-2109,-1610,172
-241,2310,-671,-2270,-4428,490
-284,2329,-638,-446,-6465,796
-350,2398,-581,-11,-8938,1430
-372,2481,-516,1650,-6648,964
-344,2533,-505,2687,-2871,932
-313,2589,-512,2864,-4566,455
-251,2616,-372,2676,-3784,-1101
-247,2509,-218,1820,-2719,-1225
-241,2372,-30,1051,-169,-1140
-197,2212,144,328,1794,-1140
-194,2042,289,450,2810,-765
-208,1886,337,503,2906,-504
-180,1742,334,875,2941,-472
-167,1682,271,715,3652,-993
-218,1702,193,639,4364,-1687
-284,1726,157,609,5307,-1648
-273,1744,109,282,8295,-1496
-300,1785,52,322,9475,-1548
-406,1808,21,634,7303,-956
-461,1813,0,1298,4762,-130
-445,1838,-44,1124,4432,133
-470,1850,-94,1151,2843,408
-486,1842,-144,1009,1905,572
-405,1830,-218,728,4122,323
-366,1802,-275,552,4216,651
-417,1784,-319,976,1016,1493
-395,1778,-340,321,1268,1110
-317,1771,-360,-443,5721,290
-380,1814,-391,-54,347,563
-459,1872,-337,336,-3856,887
-485,1890,-286,147,-2054,451
-441,1952,-274,-174,-812,-51
-391,2063,-303,-146,-2913,-2
-334,2123,-243,-69,-2572,-23
-319,2140,-214,-265,-2285,-30
-294,2151,-186,-295,-1962,-111
-278,2132,-188,-851,-470,-258
-310,2076,-217,-835,-608,-533
-299,2063,-207,-1141,817,-648
-304,2059,-181,-1425,2847,-717
-342,2092,-159,-1464,387,-579
-334,2095,-204,-834,1558,-395
-375,2055,-249,-1844,1658,-380
-327,2053,-212,-2162,3159,-356
-284,2025,-233,-1664,3622,-404
-331,1973,-318,-1535,1456,104
-378,1942,-360,-1027,2810,224
-443,1906,-298,-1487,364,-53
-411,1922,-277,-305,1349,-62
-414,1906,-360,524,1348,50
-464,1885,-395,621,-1268,448
-482,1915,-277,-24,-1880,385
-368,1983,-192,-226,4175,-211
-430,1967,-427,1009,-1974,-29
-482,1918,-341,-597,-2114,510
-485,1920,-110,-735,1433,626
-528,1961,-129,-908,-661,629
-480,1922,-175,-1321,-2319,718
-457,1857,-73,-747,-3302,1039
-478,1798,0,-632,-3833,1465
-455,1793,48,-1277,-2516,1489
-402,1851,94,-1836,-2331,1635
-334,1885,149,-1852,-941,2293
-285,1926,180,-2067,-267,2487
-294,1980,174,-2661,-1798,1985
-312,1967,224,-3431,-1372,995
-338,1910,305,-4728,-337,271
-327,1870,382,-5343,1576,-113
-270,1866,372,-4922,2995,-199
-232,1881,291,-4391,4447,-391
-280,1852,216,-4442,2704,-113
-282,1810,145,-3844,510,329
-290,1828,90,-3699,-1047,431
-334,1896,61,-3540,-2745,499
-300,2002,43,-3580,-3337,244
-248,2129,22,-2705,-2494,-630
-218,2186,-91,-206,-2126,-1625
-252,2212,-141,1301,-1228,-906
-373,2232,-180,2285,-1326,-155
-451,2213,-218,2697,-1886,114
-427,2189,-229,3067,-1625,386
-338,2198,-250,3775,-1939,718
-218,2249,-269,4577,-1058,577
-164,2298,-270,4941,-855,406
-144,2307,-287,5015,-247,435
-134,2318,-324,4641,889,635
-118,2361,-371,4447,886,572
-89,2403,-432,4237,2560,462
-94,2441,-477,3965,3726,218
-166,2432,-504,3056,3728,-275
-287,2304,-516,2799,2526,97
-367,2116,-527,2773,-181,877
-327,1986,-484,2020,-1856,1383
-202,1948,-412,1548,-386,1561
-81,1975,-370,846,1409,921
-15,2022,-333,-401,3023,302
-73,2003,-325,655,1974,-75
-169,1960,-351,93,1352,-48
-253,1932,-359,46,803,202
-291,1948,-370,-267,-104,408
-287,1991,-386,-52,-34,170
-272,2024,-387,18,-313,19
-270,2036,-366,-37,-1305,-57
-259,2036,-334,-344,-1139,-17
-223,2035,-310,-608,-418,54
-192,2024,-307,-783,-213,41
-192,2008,-292,-634,-133,203
-209,2015,-292,-606,-397,292
-208,2024,-294,-609,-201,239
-198,2027,-297,-479,115,230
-205,2026,-297,-432,-153,244
-217,2026,-289,-339,65,305
-229,2028,-275,-349,391,346
-235,2027,-267,-393,555,270
-224,2021,-246,-406,702,133
-211,2028,-229,-351,654,58
-221,2037,-222,-322,522,-8
-240,2026,-216,-491,662,-59
-240,2018,-210,-676,1082,-48
-239,2024,-208,-552,794,-108
-257,2032,-210,-467,294,-220
-279,2027,-208,-439,86,-175
-280,2015,-223,-252,-96,-48
-263,2014,-230,-141,-128,-11
-253,2022,-230,-19,-176,-88
-250,2028,-238,91,-212,-45
-256,2031,-237,201,-280,28
-257,2030,-235,166,-60,25
-258,2033,-233,176,117,14
-261,2036,-238,186,5,79
-262,2037,-238,187,74,125
-262,2037,-237,137,104,155
-259,2035,-244,176,81,133
-254,2032,-248,165,27,70
-256,2034,-247,195,37,40
-257,2037,-243,10,96,3
-254,2032,-245,29,174,26
-256,2025,-252,-24,327,33
-264,2022,-249,37,260,30
-268,2023,-254,-2,83,22
-263,2024,-261,15,321,68
-264,2028,-256,94,192,28
-266,2028,-255,101,248,31
-268,2026,-263,241,253,43
-274,2024,-269,219,171,85
-277,2025,-263,102,212,104
-266,2030,-260,-11,277,91
-260,2036,-261,-43,276,52
-266,2034,-261,-120,181,57
-276,2027,-260,-123,106,99
-279,2025,-258,-156,2,103
-278,2029,-265,-146,-414,144
-267,2034,-268,-114,-316,160
-264,2042,-268,-143,-330,148
-258,2042,-270,-153,-553,144
-245,2046,-263,-249,-283,130
-247,2053,-253,-340,-190,136
-245,2053,-243,-570,39,157
-238,2048,-232,-704,256,190
-240,2036,-231,-655,324,227
-249,2022,-231,-609,160,289
-247,2018,-231,-588,99,262
-238,2019,-232,-482,240,252
-241,2022,-233,-378,169,203
-250,2022,-236,-455,11,186
-245,2020,-230,-449,170,207
-241,2022,-226,-285,208,208
-252,2025,-227,-312,136,168
-264,2029,-218,-406,74,213
-257,2036,-214,-384,-21,206
-247,2039,-212,-378,153,192
-252,2037,-215,-336,-84,189
-260,2034,-216,-394,-145,171
-257,2035,-218,-298,-89,162
-253,2037,-218,-281,-173,133
-247,2040,-216,-265,69,92
-247,2040,-218,-290,138,54
-247,2039,-215,-306,86,51
-244,2036,-207,-283,307,48
-246,2039,-204,-294,260,50
-252,2040,-205,-317,393,62
-256,2036,-205,-340,313,66
-252,2037,-203,-271,213,86
-252,2036,-199,-303,261,97
-253,2035,-193,-284,251,65
-250,2035,-190,-235,238,12
-246,2032,-190,-181,234,58
-252,2036,-190,-209,112,84
-259,2037,-186,-202,165,99
-256,2037,-185,-191,240,72
-250,2036,-186,-118,144,85
-251,2034,-190,-122,55,97
-256,2034,-192,-89,-22,88
-250,2031,-193,-85,167,64
-241,2033,-197,-35,365,57
-251,2040,-192,19,40,61
-257,2047,-186,-156,189,33
-258,2044,-186,-143,191,57
-256,2039,-191,-225,234,77
-262,2041,-194,-197,-7,86
-265,2044,-194,-246,48,113
-265,2046,-191,-326,-33,113
-259,2042,-187,-387,0,43
-255,2038,-187,-310,-50,30
-255,2030,-188,-228,-118,-17
-255,2022,-191,-186,49,-12
-253,2019,-195,-33,-53,37
-253,2022,-195,-11,-158,28
-252,2029,-192,-23,-61,29
-249,2030,-193,16,224,50
-253,2030,-198,89,187,55
-256,2029,-198,78,229,83
-253,2033,-196,79,330,106
-250,2041,-196,52,441,52
-250,2042,-193,13,516,70
-253,2036,-194,4,571,71
-263,2038,-194,37,427,131
-269,2038,-192,-58,269,155
-262,2039,-186,-106,375,137
-257,2041,-189,-85,433,103
-259,2043,-187,-95,316,98
-261,2035,-190,-91,327,62
-262,2028,-193,-48,282,76
-265,2025,-193,-5,216,87
-267,2027,-191,-43,221,84
-266,2028,-194,-43,322,94
-266,2029,-200,-116,279,77
-268,2034,-202,-57,94,100
-268,2038,-201,-160,179,95
-267,2038,-205,-201,104,73
-267,2036,-207,-195,-16,78
-268,2034,-215,-229,-306,58
-264,2033,-216,-297,-225,58
-263,2031,-211,-390,-374,53
-262,2021,-214,-559,-445,16
-259,2004,-247,-784,-105,-26
-237,1982,-292,-722,136,-104
-212,1956,-339,-597,872,-222
-183,1927,-396,-354,1927,-621
-151,1924,-454,-87,2511,-1082
-152,1966,-496,-8,2222,-938
-166,2011,-539,49,738,-581
-156,2024,-575,-27,5,-404
-146,2043,-601,131,192,-301
-164,2092,-650,158,-620,-50
-187,2154,-698,-153,-1719,296
-181,2197,-735,-431,103,380
-165,2236,-755,33,279,639
-171,2315,-739,-401,-1655,822
-208,2424,-672,-490,-4882,1543
-253,2506,-600,1159,-7274,1481
-262,2587,-517,2486,-5497,1039
-288,2660,-463,2304,-3309,323
-312,2615,-344,2803,-831,-654
-327,2479,-240,2603,-1598,-831
-282,2368,-112,2210,-760,-646
-239,2253,39,1264,75,-538
-205,2136,229,570,2299,-700
-206,2016,345,66,3374,-666
-203,1895,368,547,2987,-1020
-181,1797,327,608,2876,-1215
-150,1792,264,-120,5629,-2075
-207,1840,214,-192,7866,-2898
-308,1893,176,-388,9110,-2796
-346,1903,140,-250,10057,-2301
-404,1873,57,-160,7437,-1918
-470,1809,18,-142,4536,-1274
-516,1723,-38,-156,3000,-620
-552,1652,-74,-1117,1879,-444
-558,1628,-133,-1356,761,-463
-508,1656,-155,-1166,451,-827
-466,1716,-193,-747,-317,-240
-474,1744,-223,256,-2631,588
-477,1741,-271,509,-3736,922
-428,1720,-329,1976,-2708,723
-376,1756,-296,1961,-278,1198
-373,1834,-237,2172,-703,1546
-375,1912,-213,2353,-1101,1756
-358,1974,-285,2099,-606,1932
-345,2037,-335,1764,-1073,1895
-313,2079,-327,1443,-1222,1013
-236,2131,-290,601,2022,612
-221,2179,-284,230,2664,572
-273,2200,-271,-229,551,572
-310,2197,-227,-628,156,290
-335,2166,-249,-1066,-250,-340
-336,2124,-285,-1562,-1487,-692
-330,2094,-246,-1690,-1523,-638
-278,2097,-160,-2344,121,-1002
-253,2090,-168,-2873,2556,-1153
-309,2046,-283,-2082,1899,-874
-392,2014,-303,-2571,-1710,-934
-334,2000,-192,-2915,750,-1203
-268,2009,-260,-3074,6454,-904
-389,1947,-406,-2075,2794,-900
-467,1931,-332,-2334,-19,-671
-395,1961,-234,-2401,3956,-662
-423,1919,-374,-1131,3542,-624
-533,1850,-472,-1226,-1817,-374
-499,1843,-165,-2160,1753,-223
-414,1893,-152,-761,3732,-811
-425,1873,-462,-585,-1077,-287
-477,1843,-250,-1841,-1840,986
-469,1888,96,-1614,2251,1145
-462,1998,-12,-1722,684,-70
-393,2022,-66,-2077,-1291,-65
-398,1946,27,-575,-4337,831
-493,1886,64,-602,-4149,1362
-545,1856,68,-969,-4034,1166
-520,1875,116,-985,-4004,1651
-443,1883,179,-1411,-3279,2085
-343,1883,225,-1505,-2263,2214
-333,1935,274,-1949,-3027,2047
-352,1960,317,-2093,-2651,1588
-351,1917,343,-2615,-1151,1133
-333,1891,391,-3317,510,1015
-311,1909,413,-3278,802,560
-272,1901,407,-3425,2452,159
-306,1898,420,-3584,3143,198
-320,1908,428,-3155,4374,245
-370,1854,282,-1939,2545,281
-415,1772,164,-1117,-1121,616
-386,1742,106,-592,-1498,912
-388,1817,72,-412,-2400,948
-357,1950,71,-843,-3124,537
-246,2071,82,-743,-3895,-275
-187,2165,8,1259,-5849,-904
-238,2253,-83,2047,-6199,-841
-300,2248,-126,1940,-2887,-592
-371,2218,-132,2083,-1169,-93
-385,2239,-130,1979,-743,370
-340,2304,-145,2268,-493,207
-281,2329,-188,2745,-1177,-522
-222,2318,-221,2880,-1563,-735
-147,2328,-227,2756,542,-627
-96,2359,-239,2449,2785,-624
-102,2381,-265,2349,3416,-599
-178,2346,-338,3557,2034,-406
-229,2324,-412,3650,1533,-213
-244,2322,-440,3590,2646,-300
-308,2257,-451,3480,2266,-144
-367,2144,-474,3066,858,287
-333,2051,-464,2005,450,645
-240,2012,-404,852,1040,942
-166,1998,-335,1176,2392,1023
-141,1978,-339,845,2986,564
-171,1960,-377,-79,2111,336
-221,1945,-363,180,2124,587
-287,1946,-325,676,814,718
-302,1971,-323,-37,278,439
-284,1987,-317,245,496,401
-286,2010,-304,495,73,599
-291,2014,-301,633,-688,788
-278,1999,-292,621,-764,927
-255,2004,-285,511,-230,829
-236,2019,-271,493,-311,648
-234,2019,-263,475,-242,627
-253,2014,-266,302,-261,694
-264,2007,-274,195,-565,651
-251,2001,-268,267,-560,597
-229,2016,-265,246,-136,489
-231,2037,-262,321,-97,289
-243,2039,-252,133,-238,259
-249,2032,-240,-31,-101,350
-246,2025,-236,-27,186,397
-247,2026,-231,-66,-22,391
-237,2027,-228,-151,166,350
-222,2038,-229,-154,12,307
-215,2051,-230,-161,-93,260
-224,2051,-226,-76,-75,206
-233,2049,-233,-89,-185,166
-234,2049,-237,-145,-197,112
-232,2053,-229,-248,43,112
-234,2057,-228,-307,65,100
-232,2053,-229,-382,123,92
-229,2047,-223,-449,319,118
-231,2044,-219,-542,826,44
-242,2044,-217,-531,863,-55
-251,2044,-218,-514,535,-56
-251,2037,-217,-561,457,-79
-253,2035,-209,-570,380,-146
-252,2029,-204,-668,847,-240
-265,2020,-204,-485,556,-253
-282,2010,-208,-413,299,-180
-290,1998,-226,-235,-2,-76
-275,1993,-242,-102,71,-9
-260,2006,-245,86,-32,16
-253,2023,-244,116,-83,-79
-246,2031,-243,-51,181,-105
-246,2035,-238,-10,161,-22
-256,2042,-236,-26,219,9
-275,2039,-232,-12,21,25
-278,2031,-232,-18,120,71
-263,2035,-235,-69,164,89
-256,2040,-239,70,19,64
-256,2037,-241,-29,134,40
-258,2032,-237,-78,142,48
-259,2032,-234,-107,123,34
-260,2037,-229,-124,254,61
-265,2039,-223,-178,194,106
-264,2039,-219,-223,167,84
-263,2040,-218,-149,273,137
-268,2039,-216,-215,231,143
-269,2034,-213,-247,189,78
-263,2027,-218,-209,239,101
-261,2028,-218,-143,283,77
-266,2028,-219,-129,137,95
-266,2032,-218,-143,227,96
-268,2037,-216,-162,153,82
-268,2035,-213,-185,195,110
-267,2036,-208,-192,200,125
-264,2039,-209,-146,285,116
-269,2038,-213,-115,25,162
-273,2033,-218,-111,-241,159
-266,2032,-218,-66,-351,139
-252,2036,-216,-133,-95,128
-250,2043,-208,-108,33,104
-253,2045,-201,-282,125,115
-252,2035,-192,-281,372,140
-257,2016,-200,-113,204,181
-266,2005,-214,32,-197,157
-264,2002,-223,162,-250,163
-253,2011,-229,196,-392,174
-235,2027,-219,125,-108,80
-228,2038,-216,57,288,43
-234,2043,-216,-9,512,101
-251,2041,-214,-38,474,101
-258,2038,-212,-24,285,138
-255,2040,-217,2,305,139
-253,2047,-216,-20,294,151
-250,2047,-214,-122,319,125
-244,2043,-219,-196,361,70
-245,2043,-218,-167,426,17
-255,2041,-215,-174,372,20
-265,2036,-214,-145,250,32
-266,2033,-213,-164,256,59
-259,2038,-212,-244,586,55
-260,2038,-215,-272,550,-5
-264,2034,-212,-167,489,9
-267,2028,-215,-132,423,41
-273,2027,-217,-125,173,52
-270,2031,-215,-258,294,24
-259,2031,-211,-367,414,-19
-255,2034,-208,-394,471,-55
-266,2031,-215,-411,258,25
-277,2024,-225,-345,145,117
-285,2023,-226,-303,145,241
-283,2031,-218,-316,46,312
-264,2040,-212,-363,32,240
-239,2038,-217,-344,335,85
-240,2041,-212,-207,433,78
-266,2040,-205,-214,93,167
-270,2036,-200,-363,251,178
-259,2040,-199,-341,474,172
-257,2046,-197,-273,455,154
-263,2042,-197,-380,450,141
-263,2035,-193,-423,369,98
-256,2034,-190,-342,493,108
-258,2034,-188,-278,567,122
-264,2035,-185,-251,295,87
-263,2031,-184,-274,309,85
-259,2031,-186,-261,395,109
-263,2036,-185,-224,283,105
-267,2036,-184,-230,320,108
-264,2031,-182,-91,329,160
-264,2034,-184,-54,62,162
-264,2038,-180,-89,25,164
-258,2037,-179,-154,30,123
-252,2035,-184,-39,173,138
-255,2038,-183,-34,254,170
-262,2042,-174,-112,100,192
-250,2039,-168,-315,378,148
-237,2031,-165,-280,378,99
-242,2018,-173,-175,160,94
-257,2008,-181,-67,-30,134
-265,2007,-196,133,-124,198
-268,2015,-200,231,-299,241
-260,2028,-190,134,-215,190
-247,2046,-181,96,4,203
-243,2053,-186,86,-18,200
-246,2049,-181,15,-203,285
-245,2043,-181,-72,-389,343
-247,2043,-172,-203,-350,398
-248,2043,-154,-501,-120,364
-253,2040,-162,-875,396,389
-253,2037,-196,-1020,619,438
-229,2032,-256,-1228,596,26
-192,2007,-326,-985,564,-287
-163,1975,-421,-896,930,-565
-135,1953,-499,-514,1375,-1090
-122,1930,-556,-395,1194,-1190
-138,1928,-576,-167,132,-604
-191,1968,-581,-121,-1700,9
-229,2034,-584,-708,-3205,194
-185,2090,-596,-1137,-2643,253
-103,2141,-620,-1300,-891,390
-65,2191,-655,-1266,786,393
-90,2236,-681,-1285,1179,611
-152,2296,-667,-1019,-1291,954
-248,2385,-607,-62,-6351,1294
-289,2457,-560,1250,-7529,1117
-251,2551,-455,945,-3139,963
-246,2632,-422,2939,-1728,294
-268,2632,-390,2705,-2850,-458
-285,2563,-232,2092,-1725,-1604
-290,2445,-104,1252,-1290,-1729
-253,2316,67,983,-127,-1428
-214,2192,239,551,1381,-1211
-192,2066,372,355,2766,-992
-186,1944,427,277,3381,-1134
-158,1830,438,245,4927,-1701
-158,1781,393,504,4777,-2038
-182,1788,335,541,5764,-2207
-223,1810,269,644,7814,-2369
-296,1809,184,1007,8489,-2348
-376,1766,109,1512,8171,-1955
-449,1742,52,1642,6455,-1607
-487,1723,-3,998,4235,-1118
-497,1691,-108,1176,1554,-286
-484,1659,-165,1434,504,334
-448,1670,-176,1685,2346,261
-457,1758,-178,1881,2618,214
-511,1841,-212,2070,-410,810
-486,1849,-226,2101,-1003,1190
-426,1809,-290,2783,-227,1266
-334,1771,-318,2197,2637,1049
-284,1785,-310,1583,5113,994
-312,1812,-306,1806,1450,1116
-358,1864,-294,2594,690,1335
-399,1951,-373,2266,1959,1332
-456,2047,-468,2140,-56,903
-496,2087,-467,2349,-3429,239
-453,2133,-437,1475,-4881,-336
-343,2160,-346,981,-2397,-655
-285,2178,-298,457,-2157,-487
-312,2152,-285,706,-3234,-315
-371,2139,-295,23,-2582,-448
-414,2097,-369,-185,-3260,-569
-384,2065,-353,-974,-560,-720
-381,2068,-299,-1657,-2502,-647
-343,2077,-311,-2152,-867,-110
-336,2041,-354,-2486,980,-350
-326,2027,-319,-2851,-620,-108
-245,1971,-311,-2398,-491,461
-176,1951,-355,-3662,6806,662
-271,1948,-450,-2376,6881,515
-405,1937,-385,-1551,-526,328
-392,1952,-362,-1572,2129,678
-403,1933,-490,-953,3821,1031
-477,1885,-509,-540,-1017,950
-419,1900,-287,-1126,-353,481
-308,1954,-317,-564,7444,187
-420,1898,-548,538,-1758,420
-500,1881,-374,-448,-1818,978
-458,1959,-160,-885,2107,1099
-406,2037,-252,-1037,240,626
-363,2009,-249,-1352,-1380,745
-404,1957,-83,-1234,-3046,1399
-461,1937,-34,-1865,-2591,1418
-449,1909,14,-3238,-1243,1264
-384,1933,88,-3097,-1561,1263
-326,1952,137,-3562,-1286,1696
-278,1922,194,-3724,-872,2050
-266,1943,239,-3933,-1658,1802
-301,1995,277,-4184,-1636,1104
-361,1985,321,-4734,-1668,535
-355,1877,334,-4420,144,101
-331,1807,332,-4691,988,81
-294,1781,370,-4679,1721,-107
-260,1731,343,-4491,784,-423
-217,1710,253,-4471,3207,-752
-359,1700,183,-3853,321,-613
-436,1662,130,-3231,-2168,250
-371,1655,81,-3059,-56,590
-283,1736,59,-2165,406,151
-211,1960,14,-824,-1129,-627
-193,2249,2,618,-1080,-1476
-266,2372,-43,1090,-2856,-1685
-268,2387,-95,1694,-1661,-853
-281,2433,-182,2325,-2510,-92
-281,2483,-237,2388,-2714,595
-249,2542,-244,2197,-626,717
-223,2560,-285,2313,-1166,531
-185,2521,-325,1532,-1750,666
-157,2412,-323,1830,-774,1084
-168,2275,-354,1626,271,1640
-166,2165,-356,1944,231,2098
-149,2111,-356,2146,-677,2180
-108,2107,-368,2636,-1476,2001
-55,2153,-394,2739,-647,1590
-82,2174,-408,3573,-925,1207
-153,2135,-430,3364,-504,667
-211,2065,-421,3122,-623,534
-203,2008,-396,2988,-546,934
-154,1992,-354,2567,-380,1341
-101,2012,-309,1804,-616,1156
-75,2023,-254,1640,-445,677
-93,2003,-238,2074,-730,536
-116,1990,-261,1609,-479,431
-133,1982,-282,1319,-119,241
-151,1991,-302,1491,106,69
-174,2018,-323,1101,-94,-210
-194,2026,-319,1088,-369,-418
-201,2027,-304,1314,-550,-368
-207,2029,-301,1006,-434,-155
-205,2023,-288,636,-645,-30
-167,2026,-257,493,235,-121
-156,2034,-245,651,112,-118
-180,2040,-248,452,-421,-68
-203,2040,-239,231,-256,-112
-201,2041,-243,165,259,-115
-196,2052,-255,28,195,-204
-199,2061,-252,-115,384,-314
-211,2057,-249,4,556,-296
-228,2046,-261,39,389,-223
-237,2036,-262,-19,512,-233
-230,2033,-251,-198,756,-227
-213,2033,-253,-133,748,-313
-202,2030,-264,-79,767,-432
-205,2023,-266,25,689,-359
-218,2016,-270,130,621,-333
-234,2015,-281,173,555,-288
-244,2022,-293,346,595,-245
-246,2033,-296,402,440,-281
-241,2042,-299,433,588,-273
-246,2042,-306,539,455,-229
-256,2039,-300,453,224,-141
-253,2031,-296,426,283,-142
-247,2030,-305,498,132,-83
-254,2035,-312,531,-294,-53
-255,2038,-303,284,-169,-69
-239,2035,-300,68,416,-93
-232,2029,-303,112,339,-82
-240,2022,-305,160,-223,-38
-242,2019,-316,159,-455,60
-234,2022,-324,121,46,106
-233,2028,-324,55,145,51
-221,2033,-314,10,346,-6
-209,2035,-307,-37,836,31
-220,2035,-311,-35,615,127
-233,2031,-313,-150,419,176
-237,2025,-320,-278,561,191
-237,2018,-325,-224,377,164
-236,2019,-327,-153,145,202
-228,2024,-320,-214,399,240
-230,2022,-316,-200,479,283
-242,2018,-313,-245,-60,366
-235,2014,-313,-327,-100,401
-220,2019,-318,-216,39,358
-224,2028,-322,-178,-93,237
-232,2032,-314,-184,-328,275
-222,2032,-305,-308,115,318
-221,2031,-304,-293,267,342
-226,2029,-298,-292,-18,365
-224,2033,-292,-318,-34,351
-216,2030,-289,-345,229,335
-212,2030,-288,-372,237,240
-210,2031,-290,-483,192,165
-213,2030,-288,-365,239,129
-226,2028,-289,-308,173,129
-227,2030,-289,-377,166,121
-219,2034,-281,-400,414,134
-215,2038,-279,-376,360,56
-216,2040,-279,-332,238,-16
-224,2040,-270,-440,183,22
-230,2036,-271,-438,122,4
-229,2025,-274,-426,161,-27
-226,2027,-270,-451,258,-19
-222,2032,-266,-400,274,-45
-221,2033,-268,-324,234,-55
-230,2028,-270,-365,112,-35
-236,2028,-269,-389,30,-35
-230,2030,-268,-411,204,-46
-225,2031,-273,-280,125,-16
-226,2029,-270,-288,211,0
-232,2030,-266,-205,231,-41
-232,2035,-269,-290,373,5
-236,2038,-274,-288,265,-29
-238,2036,-267,-363,372,-50
-239,2036,-266,-335,259,-50
-236,2031,-271,-311,278,5
-240,2029,-265,-228,77,-1
-245,2027,-258,-293,67,19
-237,2025,-247,-331,209,27
-227,2028,-244,-254,419,-6
-231,2029,-252,-191,380,-5
-240,2027,-255,-101,212,33
-242,2027,-249,-160,224,45
-240,2030,-250,-131,387,49
-243,2035,-253,-218,230,55
-241,2036,-253,-362,282,52
-236,2035,-252,-421,433,83
-235,2038,-252,-386,415,73
-240,2040,-254,-364,253,50
-248,2037,-252,-391,253,88
-249,2032,-248,-371,290,95
-247,2029,-244,-370,310,121
-246,2030,-242,-353,281,97
-241,2028,-244,-299,313,49
-242,2021,-249,-129,259,62
-248,2014,-250,-64,46,116
-248,2017,-240,-81,53,112
-238,2021,-237,-98,265,50
-229,2020,-237,4,412,47
-235,2019,-243,68,302,59
-247,2024,-241,111,63,121
-248,2032,-244,-43,204,121
-241,2034,-249,-7,113,105
-234,2040,-248,-117,213,43
-228,2047,-246,-155,161,50
-228,2050,-245,-211,337,49
-243,2047,-241,-175,211,119
-252,2040,-238,-211,121,148
-245,2037,-237,-255,188,145
-236,2036,-239,-194,340,120
-234,2039,-240,-189,313,84
-237,2036,-239,-237,269,81
-236,2028,-241,-203,242,114
-241,2023,-244,-65,95,102
-248,2023,-244,-73,-29,97
-243,2028,-239,-184,191,116
-235,2035,-236,-116,174,101
-232,2038,-240,-77,108,52
-229,2040,-240,-145,107,25
-226,2036,-224,-145,85,-30
-225,2033,-215,-337,-57,-144
-225,2026,-220,-750,221,-231
-212,2022,-247,-1170,894,-345
-208,2017,-278,-1192,894,-410
-209,1999,-318,-1113,1221,-373
-213,1966,-377,-838,1714,-657
-228,1937,-450,-504,1206,-987
-245,1923,-512,-338,322,-935
-244,1917,-556,-134,88,-710
-232,1921,-585,-206,-662,-522
-213,1948,-577,-634,-1156,-350
-198,1989,-571,-754,-1541,-30
-191,2030,-582,-1355,-1897,232
-193,2067,-609,-1251,-1745,589
-184,2127,-659,-1571,-1936,864
-190,2227,-700,-1988,-1888,903
-240,2307,-726,-1270,-2254,1102
-273,2396,-698,-1314,-5299,1598
-251,2496,-582,235,-6708,2043
-190,2560,-491,1527,-2991,1478
-141,2627,-425,2668,975,887
-179,2654,-411,3871,-1030,58
-216,2601,-320,3566,-2158,-984
-231,2455,-192,3221,-2339,-723
-194,2311,-25,1733,256,-441
-141,2195,181,536,3005,-487
-141,2091,305,244,2592,-351
-118,1952,363,898,2251,-353
-75,1849,355,816,3303,-718
-80,1837,313,-65,4691,-1713
-138,1880,314,-664,8057,-2896
-206,1924,255,-287,10655,-3332
-285,1929,177,113,11309,-2616
-355,1918,95,305,9725,-1905
-412,1889,71,1019,7954,-1251
-471,1851,24,1824,5534,-1009
-508,1772,-71,1878,4312,-959
-575,1686,-193,1166,2217,-493
-641,1626,-283,783,-239,-182
-584,1548,-384,1493,967,-896
-489,1506,-396,2027,1096,-1225
-416,1557,-409,2044,-938,-423
-389,1627,-464,1916,-3453,-82
-396,1701,-498,2628,-4915,-589
-398,1829,-439,1892,-4544,-857
-368,1939,-369,1353,-2753,-810
-375,2058,-333,786,-822,-619
-402,2165,-318,262,-2659,-171
-388,2208,-241,-346,-3857,11
-297,2186,-212,-1112,-2399,-508
-205,2115,-230,-1514,1065,-806
-170,2053,-216,-1575,5462,-527
-253,2083,-204,-1311,4929,184
-394,2097,-219,-1194,2728,219
-443,2122,-192,-2386,3877,-627
-479,2101,-233,-2521,795,-294
-376,2072,-229,-2513,2915,-650
-278,2030,-250,-2993,7002,-284
-307,2002,-285,-2480,4625,424
-427,1962,-322,-1242,-367,880
-426,1916,-377,-1100,2512,1144
-452,1871,-464,-859,3151,1082
-519,1839,-438,253,-1187,690
-488,1890,-380,600,1602,581
-509,1926,-507,397,685,921
-506,1905,-449,1531,-2549,979
-388,1940,-201,-1169,3815,220
-386,1960,-354,669,2719,121
-489,1901,-420,-1026,-1209,695
-537,1860,-181,-1406,-2128,2057
-446,1926,-33,-1247,2371,1628
-446,2012,-132,-1833,-593,839
-469,2017,-134,-1067,-3631,731
-526,1967,24,-1295,-4963,1961
-501,1869,79,-2400,-3858,2413
-410,1856,109,-3552,-2707,2090
-369,1915,193,-3457,-3397,2438
-322,1914,273,-4354,-3328,2040
-254,1879,356,-5526,-2045,1161
-245,1870,434,-6353,-2280,201
-252,1829,507,-6821,122,-400
-267,1704,500,-5631,2168,-455
-258,1605,406,-4985,1711,-407
-205,1606,285,-4677,3751,-125
-312,1658,201,-3222,919,297
-367,1695,111,-2306,-2590,435
-323,1815,76,-1961,-2730,337
-334,2031,83,-1174,-3535,-630
-335,2230,18,-460,-4821,-2087
-249,2396,-43,288,-2282,-2649
-252,2543,-132,905,-1625,-3086
-323,2569,-247,1006,-1318,-2730
-395,2516,-293,1274,-266,-1817
-467,2438,-305,1427,-1387,-1177
-466,2348,-325,1676,-2252,-823
-404,2278,-350,2143,-3442,-564
-326,2213,-395,3925,-5480,1
-208,2246,-478,5428,-5342,188
-142,2366,-535,6889,-3677,-725
-241,2392,-574,7548,-2976,-1581
-438,2265,-605,7284,-3487,-939
-517,2090,-621,5989,-4808,427
-399,1983,-551,4883,-3706,1599
-237,1990,-447,3089,-1755,2604
-138,2026,-371,2516,-1082,2334
-130,2008,-355,3324,-1405,1438
-117,1978,-387,1388,1188,760
-145,1970,-377,293,2306,660
-191,1986,-356,570,2019,1042
-220,2013,-333,745,1033,1200
-220,2041,-324,-25,1979,939
-252,2051,-311,74,2059,1125
-300,2049,-283,-15,563,1238
-285,2037,-266,-20,412,1133
-247,2029,-258,-261,848,964
-237,2016,-255,-255,570,889
-251,1997,-257,-224,546,903
-254,1992,-258,-674,1063,939
-243,1998,-254,-827,1583,926
-244,2015,-245,-759,942,877
-250,2027,-248,-501,529,693
-260,2037,-261,-502,901,471
-283,2048,-255,-446,854,352
-294,2048,-244,-284,541,241
-305,2042,-229,-307,440,221
-302,2032,-207,-444,698,285
-281,2024,-200,-350,885,252
-259,2025,-203,-191,710,215
-248,2030,-212,-282,760,82
-246,2036,-213,-274,446,-23
-241,2042,-215,-514,846,-108
-248,2047,-221,-646,1395,-166
-259,2049,-227,-588,1428,-206
-267,2054,-222,-496,1265,-217
-277,2051,-226,-512,912,-166
-284,2045,-233,-510,556,-72
-283,2048,-235,-462,511,-54
-285,2053,-234,-443,303,-25
-280,2052,-231,-420,290,-38
-274,2046,-228,-478,293,-44
-267,2046,-229,-397,323,-23
-267,2048,-225,-375,57,-34
-261,2047,-223,-391,35,-20
-257,2044,-221,-436,264,-10
-262,2040,-224,-354,210,-15
-268,2036,-223,-318,156,23
-267,2024,-222,-280,189,43
-263,2014,-224,-187,319,95
-264,2009,-229,-62,187,92
-262,2008,-228,-41,267,76
-255,2011,-230,1,405,41
-255,2017,-233,82,463,7
-271,2024,-231,141,304,56
-286,2023,-225,123,341,74
-287,2018,-229,137,179,106
-273,2021,-235,128,288,114
-269,2029,-234,173,109,147
-277,2031,-229,129,-72,153
-280,2029,-237,36,-305,68
-270,2029,-247,-61,-110,49
-273,2031,-247,-6,-163,132
-273,2036,-244,-32,-65,206
-268,2038,-241,25,173,212
-271,2039,-238,-62,123,211
-270,2037,-238,-124,-46,276
-256,2038,-240,-83,57,220
-257,2039,-239,-164,122,178
-262,2036,-238,-187,5,126
-254,2032,-231,-268,253,97
-244,2025,-229,-238,394,151
-248,2025,-223,-186,252,132
-263,2022,-231,-193,9,173
-260,2018,-234,-298,199,208
-252,2018,-233,-240,169,197
-249,2024,-234,-144,29,97
-255,2030,-232,-133,-89,85
-258,2031,-226,-198,134,122
-255,2030,-222,-174,256,167
-253,2032,-220,-130,187,222
-262,2035,-222,-148,-13,237
-261,2037,-217,-242,76,231
-250,2037,-216,-181,151,174
-245,2035,-216,-196,219,147
-250,2038,-209,-193,36,133
-253,2040,-207,-322,279,171
-250,2037,-210,-269,279,133
-248,2037,-204,-212,266,85
-257,2038,-211,-205,14,67
-260,2037,-213,-283,192,72
-263,2038,-208,-273,340,102
-260,2041,-200,-304,294,59
-257,2039,-199,-285,317,6
-264,2035,-203,-193,195,22
-271,2032,-204,-220,78,58
-264,2032,-199,-303,204,28
-253,2032,-199,-265,254,-30
-250,2036,-203,-172,237,-86
-262,2038,-198,-224,83,-42
-262,2036,-196,-230,241,-45
-260,2034,-197,-195,308,-13
-263,2035,-202,-170,149,-30
-262,2037,-204,-202,302,-62
-259,2036,-211,-209,439,-42
-259,2037,-210,-167,408,-1
-265,2035,-208,-193,285,-18
-271,2033,-200,-218,287,20
-270,2035,-198,-303,396,-28
-271,2039,-198,-353,335,13
-270,2041,-199,-295,289,4
-274,2039,-194,-297,163,27
-272,2035,-196,-294,312,24
-267,2032,-201,-273,380,59
-264,2031,-199,-314,169,74
-262,2030,-188,-384,176,15
-261,2028,-192,-382,486,12
-262,2027,-191,-284,393,31
-267,2028,-191,-258,256,55
-271,2030,-191,-130,248,64
-274,2036,-194,-181,294,68
-277,2037,-190,-143,336,92
-274,2032,-185,-177,358,66
-268,2033,-182,-125,353,96
-267,2035,-186,-178,291,98
-263,2034,-183,-159,261,56
-265,2033,-181,-148,218,89
-269,2032,-185,-133,37,52
-275,2027,-187,-91,-90,94
-273,2020,-188,-89,5,135
-268,2020,-188,-74,5,63
-268,2029,-186,-46,-89,-4
-275,2034,-188,-61,-141,51
-279,2031,-188,-61,-126,147
-278,2031,-194,-203,25,173
-278,2036,-192,-191,94,141
-280,2041,-187,-227,85,184
-280,2046,-187,-227,51,241
-276,2047,-186,-264,74,207
-274,2046,-181,-244,142,220
-274,2043,-179,-281,108,192
-276,2043,-178,-307,55,197
-278,2043,-170,-365,97,209
-272,2041,-164,-385,261,191
-265,2039,-164,-419,433,139
-269,2041,-162,-346,199,92
-273,2040,-160,-358,240,52
-280,2032,-160,-373,238,112
-279,2034,-156,-353,226,74
-267,2037,-157,-261,374,28
-270,2039,-159,-220,473,50
-282,2034,-157,-191,306,50
-283,2031,-154,-196,381,109
-277,2032,-155,-115,391,107
-278,2035,-159,-99,214,63
-273,2034,-153,-172,365,49
-272,2037,-153,-184,376,32
-277,2037,-154,-128,217,31
-284,2032,-158,-97,84,50
-287,2028,-158,-125,48,60
-283,2026,-159,-114,-277,21
-275,2024,-155,-129,-400,-48
-267,2019,-129,-233,-357,-144
-265,2013,-113,-412,-811,-301
-246,1999,-126,-571,-447,-338
-239,1993,-148,-668,61,-239
-217,1992,-201,-876,294,-440
-202,1981,-308,-1560,1194,-453
-203,1932,-453,-1148,2183,-521
-204,1871,-571,-488,1955,-639
-220,1876,-637,-197,978,-227
-231,1946,-640,45,-1,187
-264,2000,-610,255,-2121,684
-281,2041,-624,429,-2863,1024
-257,2115,-693,506,-2672,1585
-207,2243,-783,543,-1965,1742
-165,2380,-776,1147,-1353,1886
-184,2532,-753,1747,-2675,2412
-259,2646,-684,3277,-7575,2634
-287,2712,-541,2415,-4684,2359
-260,2744,-350,2451,337,1096
-236,2722,-211,2399,1184,-541
-239,2636,-120,1742,-543,-2237
-240,2463,-36,1691,20,-2527
-245,2240,89,638,934,-1570
-237,2058,232,96,1442,-431
-183,1937,310,785,294,-347
-63,1838,264,1412,-492,-629
-79,1763,209,2241,-1429,-285
-165,1751,145,1486,-512,-468
-195,1754,165,-65,3926,-883
-207,1786,178,-732,7640,-1461
-261,1828,140,223,6622,-1626
-286,1827,88,1153,5214,-968
-280,1811,4,1525,6066,-97
-322,1791,-76,1068,8241,334
-444,1778,-151,1218,6266,515
-530,1780,-220,1306,1404,351
-476,1771,-253,1806,1449,239
-351,1761,-296,1805,5027,59
-288,1718,-365,1568,3620,-15
-296,1692,-400,1687,-275,260
-326,1708,-390,1491,-1423,484
-348,1746,-379,1627,-935,555
-374,1879,-372,1318,-2852,418
-326,2004,-350,225,-2632,-208
-267,2070,-369,-880,-608,-159
-272,2111,-349,-174,-950,-230
-277,2181,-277,-526,-1719,-541
-212,2222,-211,-1442,1763,-1053
-231,2189,-212,-1497,2511,-871
-298,2142,-230,-1194,887,-552
-337,2109,-216,-1344,-561,-491
-314,2096,-179,-2149,2087,-809
-338,2065,-194,-1957,-590,-991
-254,2050,-178,-2781,1171,-1259
-202,2034,-205,-3468,3807,-400
-206,1981,-311,-2658,4367,75
-272,1930,-328,-2268,2834,658
-288,1938,-285,-2354,1524,592
-336,1970,-277,-1919,1604,629
-393,1932,-403,-1563,1518,417
-443,1902,-296,-1510,-986,427
-440,1934,-290,-1327,1020,353
-438,1921,-312,-1849,3030,178
-491,1914,-254,-1144,-1832,293
-407,1936,-136,-1870,1036,397
-388,1980,-134,-1298,1280,211
-421,2003,-166,-1390,-338,296
-437,1984,-96,-1695,-2013,877
-430,1950,-1,-2136,-1195,755
-386,1912,55,-2654,1158,375
-392,1886,97,-2373,-457,547
-361,1881,152,-2567,797,1115
-316,1850,168,-3036,2938,1401
-288,1855,209,-3765,3729,1270
-303,1892,253,-3344,1894,921
-339,1891,321,-2765,1402,803
-412,1843,298,-2525,-146,839
-422,1792,313,-2588,-331,536
-419,1808,332,-3414,-439,244
-330,1877,374,-4280,2070,-219
-287,1916,371,-3856,781,-42
-242,1910,329,-3553,-1045,187
-236,1891,268,-3105,-2620,-61
-276,1902,146,-1870,-5289,-171
-269,1949,-15,-979,-6275,-403
-247,2024,-109,-406,-6099,-708
-224,2140,-141,13,-5212,-1186
-191,2270,-116,345,-4214,-1615
-190,2330,-124,1026,-3458,-1748
-244,2315,-195,2482,-3383,-1399
-290,2269,-234,2582,-2373,-796
-315,2208,-229,2595,-927,-112
-285,2170,-239,3051,-692,605
-236,2174,-291,4080,-2745,892
-204,2178,-370,5327,-4894,1043
-137,2250,-465,5853,-4287,897
-77,2385,-496,6599,-1968,-409
-106,2424,-489,7148,395,-1541
-223,2312,-478,7184,1470,-826
-317,2163,-468,6573,663,916
-303,2073,-438,5413,5,2046
-222,2050,-373,4364,214,2096
-162,2061,-351,2734,210,1849
-114,2050,-343,1015,401,1374
-98,2011,-331,-594,527,921
-110,1966,-319,313,590,905
-124,1974,-334,-447,636,805
-155,2012,-334,-608,869,579
-196,2041,-351,-110,885,385
-248,2055,-360,-12,471,304
-281,2059,-349,-307,196,174
-282,2057,-323,-298,538,197
-259,2061,-295,-452,723,172
-238,2062,-260,-676,915,27
-239,2045,-245,-555,673,18
-241,2033,-254,-485,453,168
-226,2039,-261,-667,430,225
-207,2055,-265,-557,285,181
-194,2064,-278,-360,192,55
-209,2086,-279,-686,240,15
-222,2085,-262,-868,418,36
-224,2072,-250,-1127,602,112
-227,2059,-238,-1145,526,154
-222,2046,-226,-976,340,226
-215,2034,-225,-854,292,311
-207,2021,-226,-840,222,329
-203,2017,-221,-793,-3,343
-195,2017,-236,-739,-24,291
-194,2019,-241,-588,-167,240
-198,2023,-232,-594,-49,223
-200,2023,-230,-470,-365,223
-192,2028,-230,-322,-285,229
-201,2040,-222,-282,-307,248
-211,2047,-207,-343,-440,347
-204,2041,-206,-261,-172,398
-204,2038,-203,-155,-333,409
-206,2037,-202,-161,-310,434
-189,2036,-206,-251,104,355
-174,2036,-208,-228,-20,227
-166,2040,-207,-111,-58,137
-176,2044,-207,-58,-37,123
-194,2044,-202,-150,109,176
-208,2036,-195,-197,33,225
-207,2034,-192,-179,-32,238
-205,2035,-190,-179,1,232
-205,2036,-191,-182,-26,181
-199,2031,-199,-173,29,129
-195,2034,-205,-181,-2,82
-197,2040,-207,-171,-48,-19
-199,2042,-208,-173,60,-95
-208,2039,-206,-124,-60,-67
-213,2041,-203,-222,56,-48
-215,2041,-196,-148,102,-30
-209,2043,-196,-216,-11,-38
-202,2041,-196,-224,63,-56
-200,2044,-189,-249,143,-104
-203,2043,-192,-337,347,-94
-206,2037,-195,-313,240,-84
-205,2038,-196,-352,299,-87
-208,2040,-201,-399,171,-133
-206,2040,-202,-375,286,-95
-209,2042,-195,-339,335,-92
-213,2042,-190,-313,386,-78
-211,2040,-188,-285,448,-93
-212,2036,-191,-268,281,-86
-212,2037,-200,-282,304,-57
-215,2038,-197,-233,244,-81
-219,2037,-197,-242,318,-57
-218,2034,-192,-209,368,-40
-216,2036,-190,-198,286,-69
-214,2035,-191,-246,435,-97
-225,2038,-188,-133,174,-59
-229,2037,-193,-168,139,-6
-227,2036,-191,-156,209,28
-221,2040,-187,-84,187,6
-223,2043,-188,-67,219,42
-228,2042,-187,-121,281,44
-225,2041,-180,-212,406,77
-219,2043,-177,-140,384,88
-224,2043,-178,-190,302,93
-234,2047,-173,-273,211,98
-232,2045,-171,-311,276,67
-231,2045,-172,-207,181,45
-234,2044,-170,-209,193,58
-235,2039,-167,-296,150,75
-227,2038,-172,-268,213,-9
-222,2038,-178,-201,193,1
-232,2034,-178,-139,23,-11
-237,2029,-178,-139,-69,-44
-231,2027,-182,-89,189,-11
-229,2032,-178,6,221,47
-237,2036,-179,77,77,78
-240,2036,-181,64,149,58
-239,2034,-180,79,79,60
-231,2036,-180,128,68,65
-221,2039,-183,107,78,56
-220,2042,-186,135,-11,28
-226,2040,-183,90,1,22
-229,2039,-179,40,-24,96
-226,2041,-177,-66,135,71
-226,2044,-174,-81,226,79
-226,2046,-176,-71,181,49
-228,2047,-179,-72,292,71
-233,2047,-179,-165,140,111
-230,2045,-172,-246,162,43
-232,2043,-168,-175,158,40
-237,2043,-172,-169,110,60
-240,2043,-173,-222,130,74
-236,2047,-170,-304,224,63
-232,2048,-170,-342,344,6
-236,2041,-175,-284,364,0
-245,2041,-176,-321,334,21
-247,2039,-174,-357,404,52
-248,2032,-177,-295,332,35
-249,2028,-172,-214,37,68
-240,2030,-171,-247,261,89
-235,2028,-170,-225,304,-4
-239,2023,-173,-164,163,-19
-242,2028,-183,-160,185,42
-248,2032,-179,-162,274,56
-250,2028,-178,-130,254,25
-246,2029,-181,-48,238,67
-246,2032,-176,-4,79,80
-242,2032,-176,-19,263,122
-241,2035,-178,-3,207,122
-238,2037,-178,-5,142,109
-240,2039,-177,10,96,138
-242,2043,-173,-46,59,136
-240,2045,-166,-104,240,132
-236,2045,-163,-163,146,111
-234,2044,-167,-156,210,119
-239,2043,-164,-89,154,163
-241,2041,-166,-137,133,130
-239,2039,-165,-129,194,129
-239,2037,-161,-154,192,112
-238,2040,-161,-147,173,111
-235,2043,-161,-159,144,114
-235,2045,-163,-190,195,112
-238,2042,-160,-182,178,91
-239,2038,-158,-150,291,126
-242,2038,-158,-119,206,141
-241,2035,-156,-121,149,144
-244,2033,-157,-82,6,132
-241,2034,-159,-113,180,151
-236,2034,-165,-66,157,162
-236,2038,-164,-59,105,133
-234,2039,-168,-51,72,104
-234,2037,-167,-26,326,171
-245,2042,-164,4,210,210
-246,2042,-161,-40,117,226
-236,2037,-163,-43,280,186
-230,2038,-164,-4,232,182
-228,2043,-160,8,209,150
-229,2040,-165,60,174,110
-230,2032,-171,67,96,101
-235,2029,-172,84,39,129
-234,2031,-169,36,222,106
-229,2037,-167,13,301,108
-227,2039,-170,33,57,33
-227,2038,-166,25,-49,11
-230,2031,-159,-77,-209,30
-228,2025,-155,-187,-312,-10
-218,2012,-178,-482,-261,-79
-202,2013,-204,-908,485,-67
-207,2020,-226,-1016,692,-39
-220,2016,-258,-1039,888,7
-237,1995,-324,-1164,477,89
-240,1990,-407,-1428,690,214
-236,2003,-470,-1287,807,291
-218,2020,-496,-627,-303,323
-190,2048,-511,-897,-758,455
-162,2085,-501,-1003,-395,569
-156,2114,-541,-278,-1560,610
-152,2183,-575,48,-2402,659
-170,2269,-607,209,-2948,840
-183,2320,-633,983,-4110,1096
-180,2377,-635,556,-4301,1226
-186,2430,-592,923,-4729,1544
-190,2466,-517,2319,-5109,1774
-128,2524,-467,2795,-2302,1482
-76,2559,-402,3012,-1813,676
-104,2484,-315,2317,-3249,-544
-150,2359,-200,2654,-3052,-1420
-128,2176,-63,2189,-370,-1430
-106,2059,129,927,3701,-1504
-118,1998,269,594,5635,-1425
-86,1934,305,475,6680,-1754
-92,1854,280,351,6233,-2162
-81,1824,282,25,7084,-2467
-79,1885,262,-137,8434,-3063
-156,1935,231,-878,10648,-3460
-266,1951,161,-1657,11584,-3298
-366,1974,78,-1430,9119,-3114
-426,1968,30,-1569,6397,-2513
-405,1925,-38,-2595,7035,-2049
-413,1841,-113,-1751,5585,-2139
-472,1766,-167,-1388,3749,-1751
-548,1739,-171,-838,1930,-1195
-572,1726,-195,-926,2413,-1134
-569,1701,-213,-516,1044,-1372
-533,1668,-255,205,-455,-1197
-487,1638,-327,1456,-2648,-1163
-410,1649,-320,2474,-2237,-1095
-331,1713,-249,2530,-1253,-366
-273,1801,-187,2067,907,275
-268,1906,-190,1426,4698,482
-405,2074,-218,1168,1950,717
-469,2178,-140,891,-1180,563
-414,2238,-80,-516,-358,216
-306,2215,-91,-1191,2252,-208
-286,2172,-143,-1390,2274,-51
-348,2154,-159,-1203,1246,419
-399,2141,-155,-1208,-88,595
-366,2133,-96,-1581,1878,4
-300,2131,-65,-2422,4671,-451
-344,2089,-145,-1859,2875,150
-404,2006,-232,-2317,913,247
-397,1949,-127,-2168,1672,202
-297,1911,-218,-987,5212,392
-374,1883,-406,-550,-99,1076
-472,1836,-342,82,-3571,1165
-403,1878,-122,-539,2061,842
-399,1942,-371,852,2355,912
-510,1905,-475,877,-2914,1442
-601,1898,-206,-125,-5716,1488
-474,1977,10,131,2456,423
-442,2018,-305,674,-2317,37
-466,1934,-261,-239,-4773,1053
-474,1895,54,-587,-1402,1022
-470,1998,29,-1183,10,-156
-391,2053,-32,-1974,-429,-385
-357,1986,61,-1745,-2156,632
-348,1871,164,-2036,-607,1238
-323,1770,155,-2494,3248,1097
-337,1765,171,-2903,3220,1002
-360,1802,208,-2582,1629,885
-372,1798,226,-2153,126,1021
-354,1773,269,-2468,537,908
-369,1778,303,-2809,699,-13
-374,1801,349,-3467,2186,-1059
-379,1831,361,-3565,2939,-1306
-378,1870,379,-3239,2268,-1047
-283,1932,353,-2759,5535,-1204
-389,1926,247,-1636,2568,-939
-487,1844,129,-882,-1590,-494
-493,1817,69,-810,-2214,475
-459,1898,59,-597,-3224,753
-352,2056,29,-660,-3786,229
-236,2258,4,-124,-4166,-706
-207,2380,-76,124,-4724,-1423
-275,2388,-156,550,-2890,-1215
-418,2344,-204,1276,-2612,-261
-516,2283,-256,1939,-3659,670
-495,2267,-301,2415,-3542,1098
-410,2305,-321,2658,-3325,1106
-294,2335,-331,2812,-2876,1060
-194,2353,-317,2410,-2371,1026
-111,2361,-311,2226,-1515,933
-66,2363,-328,2042,-330,746
-77,2364,-375,1568,1602,354
-118,2349,-434,1180,4353,-120
-218,2313,-437,1768,3432,63
-322,2236,-414,1742,621,231
-334,2125,-384,1734,851,369
-269,2049,-357,1257,2079,329
-197,1996,-286,982,3564,80
-178,1936,-217,350,3708,82
-189,1880,-178,697,3836,219
-190,1857,-195,847,3727,256
-226,1862,-244,1142,1899,72
-297,1892,-263,1499,767,-294
-364,1940,-294,1557,108,-609
-396,1993,-339,1579,-739,-584
-401,2029,-342,1506,-916,-167
-392,2042,-319,1736,-1196,207
-358,2040,-309,1812,-1088,491
-347,2026,-302,1867,-1749,777
-329,2013,-285,1815,-2031,862
-283,2017,-292,1708,-2310,778
-243,2029,-310,1392,-1689,660
-232,2039,-324,674,-518,508
-247,2037,-330,749,-386,618
-277,2028,-329,846,-670,761
-283,2017,-321,602,-36,816
-281,2015,-312,414,331,810
-285,2024,-302,237,-161,787
-282,2016,-295,-71,-279,644
-265,1997,-282,-71,199,585
-255,1991,-278,11,100,533
-251,1997,-269,38,-26,448
-256,2009,-276,-4,-71,370
-262,2019,-288,181,9,386
-274,2030,-291,114,102,348
-289,2043,-286,-40,-12,303
-281,2050,-280,-34,318,273
-266,2049,-283,-70,616,289
-261,2048,-275,-95,824,248
-267,2048,-265,-81,598,223
-275,2040,-276,-14,446,194
-281,2033,-283,-131,253,152
-275,2030,-284,-179,233,135
-261,2034,-289,-213,419,77
-264,2036,-289,-266,330,50
-268,2032,-276,-379,172,26
-265,2027,-276,-350,253,59
-268,2017,-283,-224,120,154
-271,2010,-285,-212,84,209
-268,2009,-292,-124,76,229
-261,2014,-299,7,24,236
-257,2020,-298,-76,68,154
-255,2021,-292,-128,155,135
-253,2022,-285,-116,334,193
-257,2024,-284,-114,383,246
-264,2024,-282,-121,332,240
-264,2023,-277,-165,229,217
-260,2025,-267,-189,300,186
-256,2035,-262,-177,164,152
-253,2036,-269,-151,308,108
-256,2028,-270,-141,76,85
-262,2028,-274,-256,-192,71
-256,2031,-272,-115,-168,32
-254,2032,-278,-23,-68,44
-269,2031,-275,19,-325,63
-277,2026,-270,-64,-437,102
-267,2021,-269,36,-192,90
-263,2023,-277,147,-121,89
-261,2027,-274,153,-131,44
-262,2032,-280,56,-140,40
-263,2027,-287,74,-170,42
-263,2023,-287,108,-119,37
-267,2027,-288,97,-84,30
-270,2027,-294,45,-74,26
-275,2027,-289,131,-422,57
-266,2032,-282,-32,-23,80
-265,2032,-282,-59,107,126
-272,2027,-283,-106,-205,70
-270,2025,-280,-217,-132,39
-261,2025,-282,-152,130,64
-263,2023,-285,-155,26,44
-267,2023,-286,-204,-38,17
-267,2023,-283,-187,57,27
-265,2025,-281,-251,221,77
-267,2024,-282,-275,323,94
-272,2024,-285,-240,190,113
-274,2023,-281,-311,294,137
-276,2023,-279,-229,80,115
-270,2022,-283,-309,181,121
-268,2020,-282,-260,152,139
-271,2026,-274,-389,142,122
-267,2032,-268,-331,246,87
-272,2034,-268,-330,386,176
-283,2029,-267,-294,64,148
-282,2025,-267,-289,46,164
-276,2025,-270,-261,197,159
-269,2026,-267,-265,258,122
-262,2027,-263,-247,236,58
-264,2024,-264,-191,196,76
-277,2019,-265,-89,120,90
-287,2017,-267,-128,-6,118
-278,2019,-265,-130,133,141
-267,2022,-266,-14,129,97
-271,2030,-267,-45,3,83
-273,2030,-261,-124,185,121
-272,2028,-258,-168,108,107
-266,2026,-259,-127,155,108
-266,2025,-262,-89,106,100
-273,2025,-265,-162,87,94
-267,2026,-259,-207,307,73
-261,2027,-260,-189,306,106
-269,2025,-264,-111,164,71
-279,2024,-262,-134,61,124
-278,2022,-261,-135,56,115
-270,2018,-260,-85,146,92
-269,2019,-260,-31,85,68
-273,2026,-260,-77,29,106
-269,2028,-258,-142,150,70
-264,2027,-256,-194,177,42
-266,2029,-256,-163,-85,25
-272,2032,-259,-137,134,116
-282,2035,-255,-191,315,143
-280,2035,-252,-207,350,115
-271,2033,-254,-144,279,108
-272,2032,-255,-151,212,77
-274,2033,-252,-227,218,43
-273,2029,-252,-270,310,44
-270,2028,-253,-278,379,27
-276,2030,-250,-255,303,27
-281,2030,-247,-329,290,28
-282,2029,-247,-326,396,33
-283,2026,-251,-294,221,16
-283,2025,-255,-248,130,22
-279,2022,-253,-227,346,44
-277,2023,-253,-155,250,47
-277,2025,-251,-114,187,14
-278,2026,-250,-115,252,40
-279,2026,-249,-84,336,60
-276,2028,-246,-89,445,80
-273,2031,-249,-90,433,34
-275,2032,-252,-77,400,62
-279,2030,-247,-128,405,83
-281,2030,-246,-144,458,86
-279,2029,-247,-127,458,110
-281,2028,-245,-156,355,105
-284,2028,-237,-172,218,68
-276,2029,-237,-202,477,31
-272,2028,-242,-161,497,26
-284,2026,-246,-78,86,28
-287,2026,-242,-86,96,58
-286,2027,-247,-50,254,141
-293,2028,-248,-5,124,143
-292,2025,-241,-54,-31,132
-282,2025,-239,-147,-34,55
-269,2027,-244,-166,107,44
-270,2028,-239,-110,52,22
-284,2023,-215,-252,-337,-47
-285,2017,-209,-625,-492,-149
-277,2015,-232,-1041,-234,-177
-255,2010,-251,-1278,400,-247
-235,2003,-282,-1148,1053,-367
-226,1999,-356,-1016,1105,-390
-207,1996,-455,-844,1987,-353
-218,1995,-552,-725,2788,-313
-228,1992,-627,-797,2892,-295
-215,2002,-671,-689,2673,27
-208,2039,-702,-595,2189,581
-212,2084,-739,-457,-334,1063
-206,2142,-758,-622,-1464,1275
-219,2220,-753,-560,-1917,1276
-221,2287,-769,-361,-2430,1226
-201,2333,-788,-376,-3299,1226
-195,2367,-768,5,-4253,1585
-199,2398,-714,-361,-5746,1781
-212,2432,-594,906,-6582,1951
-161,2479,-458,2663,-863,1393
-174,2479,-426,3053,751,1077
-217,2396,-359,4053,-2760,758
-242,2274,-266,4063,-4053,211
-220,2121,-123,2660,-3123,433
-202,2035,88,1086,-626,365
-197,1975,281,94,1756,76
-185,1904,348,381,1628,-371
-173,1823,318,918,871,-581
-158,1812,264,308,657,-746
-129,1875,230,-350,1984,-1288
-122,1931,224,-633,4528,-2017
-158,1977,184,-1050,6280,-2457
-229,1992,134,-1064,5422,-2163
-299,1959,85,-587,3534,-1704
-343,1895,-4,-709,2374,-1122
-385,1829,-124,-942,1720,-572
-425,1772,-185,-1213,1830,-409
-464,1742,-195,-893,1284,-282
-441,1750,-200,-588,1589,62
-397,1768,-227,-298,846,730
-319,1797,-264,-581,935,1598
-234,1815,-264,-565,3476,1643
-189,1826,-289,-909,4526,1351
-186,1865,-294,-945,2517,1677
-188,1910,-260,-1080,3138,1383
-212,1954,-228,-1275,3234,1388
-226,2042,-214,-1632,2090,1172
-240,2085,-161,-1470,1360,477
-245,2112,-132,-918,2370,-143
-257,2155,-102,-844,758,-198
-260,2160,-68,-667,1524,-385
-318,2117,-92,-255,1949,-580
-369,2100,-153,-364,-61,-382
-347,2106,-115,-707,223,-672
-310,2095,-80,-809,1032,-886
-346,2051,-152,-159,-2192,-537
-372,1988,-209,311,-4864,-700
-287,1984,-171,-920,-206,-510
-206,1986,-153,-707,3621,-518
-292,1949,-273,149,54,-135
-357,1912,-291,849,-1925,227
-367,1935,-280,676,-1046,232
-381,1938,-312,685,-1508,-19
-396,1944,-388,936,-2690,-105
-443,1933,-294,912,-6061,-154
-325,2010,-162,-815,1908,-48
-295,2043,-154,-509,2146,-74
-322,2001,-233,-547,-2005,506
-338,1984,-61,-1236,-94,637
-365,2000,7,-1296,-860,477
-330,1994,-1,-1293,345,555
-342,1999,5,-767,-1387,509
-371,1977,31,-725,-2610,910
-350,1901,95,-807,-1255,1510
-294,1868,115,-1690,929,1441
-288,1924,169,-1759,118,1589
-284,1969,237,-1815,-974,1764
-272,1937,288,-1949,-290,1478
-275,1905,305,-2084,-686,1068
-298,1878,326,-2593,-965,1098
-306,1814,385,-3076,-1559,863
-236,1739,429,-3854,596,561
-214,1704,429,-3777,1164,573
-182,1671,339,-3019,1060,382
-221,1664,229,-2869,1014,462
-295,1645,175,-2507,-2910,1310
-253,1695,107,-2185,-4792,2077
-177,1848,62,-2465,-4201,1871
-81,2075,-17,-2214,-2058,1082
-7,2336,-39,-1219,-525,62
-34,2479,-128,440,-1553,-278
-83,2523,-158,36,-428,77
-206,2497,-135,145,175,295
-315,2387,-127,280,-1862,712
-289,2292,-162,772,-2449,1289
-191,2286,-222,1766,-2720,1213
-54,2309,-299,2380,-297,616
43,2344,-326,2601,1681,178
82,2389,-350,3259,2349,-312
72,2406,-452,3991,2884,-411
10,2421,-515,4353,4053,-483
-128,2383,-542,5158,2369,-775
-264,2260,-547,5071,1205,-429
-308,2097,-527,4964,905,61
-240,1992,-472,4683,860,155
-120,1951,-387,4602,927,224
-37,1938,-322,4106,78,441
1,1939,-305,3023,-384,417
-18,1953,-299,867,128,313
-89,1965,-309,1223,704,-103
-172,1985,-358,1311,-767,-362
-205,2010,-419,959,-1255,-562
-197,2039,-451,981,242,-540
-200,2065,-452,1537,-720,-302
-185,2086,-449,1123,-1351,-233
-157,2083,-412,1171,-469,18
-129,2071,-369,769,-706,200
-96,2044,-336,394,-692,223
-63,2028,-312,169,641,131
-92,2021,-312,29,-150,106
-122,1995,-319,-172,-198,73
-137,1971,-332,-99,223,177
-140,1972,-357,11,222,161
-136,1986,-372,-109,502,150
-161,1999,-372,302,131,261
-184,2010,-364,156,-724,384
-181,2019,-346,-43,-480,465
-176,2022,-324,109,-618,574
-163,2024,-325,11,-607,650
-150,2025,-329,-54,-862,803
-125,2037,-325,-120,-719,783
-108,2051,-315,-106,-608,629
-106,2058,-326,-230,-239,469
-110,2055,-336,-271,-27,417
-125,2056,-333,-304,33,448
-145,2055,-327,-326,-539,374
-149,2051,-315,-502,-178,285
-148,2050,-301,-662,-33,238
-140,2050,-293,-747,-14,78
-143,2041,-284,-671,-229,16
-141,2031,-281,-887,165,-20
-136,2028,-275,-905,403,-121
-139,2032,-271,-668,318,-206
-147,2036,-275,-537,87,-300
-158,2032,-277,-549,133,-395
-174,2025,-280,-359,254,-423
-186,2025,-279,-377,229,-385
-188,2022,-282,-346,274,-375
-182,2013,-294,-223,557,-336
-181,2006,-304,-89,402,-278
-173,2010,-305,-25,460,-265
-168,2021,-307,136,396,-271
-167,2030,-311,206,372,-288
-177,2034,-314,201,484,-318
-190,2035,-309,139,337,-283
-193,2036,-306,4,217,-187
-189,2036,-310,-43,273,-139
-187,2039,-313,-104,103,-139
-183,2040,-309,-200,147,-161
-183,2033,-302,-187,251,-142
-184,2028,-301,-242,35,-169
-179,2023,-301,-238,336,-122
-179,2027,-301,-161,349,-116
-188,2027,-302,-140,235,-169
-192,2034,-302,-250,150,-138
-191,2036,-298,-300,511,-105
-200,2033,-298,-346,491,-112
-208,2026,-296,-260,323,-58
-203,2024,-290,-291,409,-29
-197,2026,-294,-230,497,-58
-202,2025,-296,-237,317,-97
-209,2026,-291,-263,260,-93
-206,2028,-288,-273,425,-81
-210,2025,-288,-187,444,-49
-222,2023,-291,-131,202,-16
-228,2025,-290,-158,177,-16
-220,2027,-294,-93,-15,-29
-206,2033,-286,-182,221,-42
-205,2039,-275,-112,273,-78
-211,2042,-274,-115,194,-49
-220,2037,-279,-109,-88,-30
-219,2037,-285,-147,-33,85
-213,2043,-282,-158,-89,90
-209,2049,-279,-200,-199,67
-197,2047,-278,-243,-9,62
-193,2043,-278,-233,132,108
-200,2041,-276,-206,-55,167
-207,2039,-272,-432,-4,165
-207,2033,-265,-462,46,185
-193,2027,-266,-536,285,157
-182,2026,-266,-368,250,153
-190,2026,-268,-342,120,135
-202,2025,-274,-222,-178,142
-208,2028,-269,-277,111,235
-210,2032,-265,-263,189,163
-204,2034,-263,-271,104,88
-198,2036,-260,-230,141,106
-200,2036,-261,-257,244,94
-201,2032,-262,-297,336,52
-196,2031,-257,-324,293,-2
-193,2035,-254,-295,396,-66
-205,2036,-255,-224,387,-81
-218,2036,-256,-283,376,-67
-216,2033,-256,-306,563,-14
-212,2033,-260,-244,411,-12
-212,2034,-264,-164,292,3
-216,2031,-263,-170,87,31
-210,2029,-262,-183,340,13
-209,2027,-262,-194,358,17
-215,2028,-259,-157,120,46
-215,2028,-259,-170,251,80
-211,2028,-262,-144,324,81
-218,2031,-265,-139,80,105
-220,2030,-259,-113,132,103
-215,2031,-257,-191,232,110
-211,2032,-257,-118,235,117
-213,2028,-257,-118,244,133
-217,2027,-254,-96,135,95
-214,2028,-252,-149,352,79
-208,2027,-248,-172,396,70
-212,2027,-254,-191,291,15
-214,2028,-258,-141,247,1
-213,2029,-257,-120,378,32
-220,2032,-258,-39,288,52
-228,2031,-259,8,154,47
-223,2033,-251,-67,265,54
-214,2040,-246,-107,387,32
-212,2042,-249,-104,352,27
-215,2036,-250,-121,243,23
-219,2031,-252,-48,306,75
-223,2032,-252,-61,375,76
-221,2036,-250,-189,327,74
-214,2041,-244,-199,437,60
-212,2044,-244,-181,394,28
-219,2043,-244,-192,265,57
-226,2037,-244,-192,253,69
-228,2037,-240,-227,193,118
-224,2039,-240,-253,201,77
-220,2036,-240,-196,232,77
-221,2034,-244,-208,195,82
-219,2036,-242,-220,173,113
-219,2036,-241,-271,210,123
-222,2034,-243,-258,217,104
-225,2033,-244,-317,289,83
-224,2031,-240,-255,287,135
-227,2027,-238,-257,132,130
-233,2029,-230,-512,293,55
-227,2038,-216,-903,853,-118
-221,2046,-223,-1174,1123,-298
-216,2052,-251,-1662,1699,-375
-206,2057,-291,-1912,1730,-678
-182,2055,-343,-1950,1834,-1094
-193,2051,-410,-1935,1409,-1176
-220,2055,-478,-2335,529,-1245
-216,2058,-513,-2798,28,-1174
-190,2068,-524,-3223,-281,-777
-182,2090,-535,-3675,45,-469
-205,2105,-534,-3694,-1344,25
-201,2132,-561,-4064,-2450,285
-193,2164,-582,-3164,-2658,519
-194,2218,-603,-2628,-3425,740
-198,2242,-647,-1643,-4561,774
-207,2269,-615,-757,-6365,1128
-208,2340,-533,488,-7032,827
-186,2377,-453,1147,-4426,163
-152,2428,-381,2733,-443,-323
-175,2491,-343,3598,84,-468
-224,2475,-259,3330,-1093,-1220
-247,2347,-127,3597,182,-2035
-254,2154,-49,3666,-802,-1422
-246,2018,90,3423,-245,-671
-212,1925,216,2535,622,-256
-185,1875,300,1922,368,79
-146,1836,341,1851,733,-47
-136,1780,349,1603,1538,-462
-156,1770,343,1797,2263,-730
-161,1818,276,1273,4100,-1448
-169,1873,244,879,6469,-1796
-216,1919,215,1350,6956,-1555
-260,1930,135,2260,5980,-1250
-256,1920,29,2570,7522,-864
-328,1914,-58,2802,6370,-91
-436,1925,-110,3014,4044,544
-500,1942,-149,2981,2189,739
-499,1914,-199,3612,1791,265
-461,1846,-262,3804,2450,431
-372,1762,-369,3321,3460,678
-237,1694,-416,1701,6708,370
-252,1669,-480,1970,2522,553
-330,1710,-466,1768,-731,1064
-384,1808,-420,1442,1579,986
-427,1976,-406,212,-311,409
-390,2108,-395,-754,-2613,-283
-298,2150,-352,-1515,520,-924
-275,2165,-346,-1474,-676,-1073
-263,2169,-281,-1045,-395,-807
-289,2190,-216,-1483,256,-805
-329,2160,-196,-1768,1061,-1124
-387,2099,-237,-1506,-395,-1380
-396,2075,-228,-1667,-1516,-1712
-392,2068,-178,-1924,-4299,-1548
-319,2027,-149,-2800,265,-1494
-321,1956,-255,-2556,1261,-1466
-301,1877,-321,-1905,955,-894
-320,1894,-265,-1502,339,-196
-338,1963,-299,-1277,568,146
-414,1909,-474,-377,1291,495
-542,1856,-523,464,-2673,1303
-548,1907,-364,-409,-5301,1414
-427,1958,-301,-208,1008,575
-415,1920,-454,1418,-570,652
-455,1845,-494,1756,-4681,1688
-379,1894,-228,290,-31,1610
-352,2042,-204,506,916,886
-330,2059,-354,82,-1420,1320
-329,1962,-296,-729,-2828,2110
-380,1942,-56,-715,-1419,2485
-399,1997,-43,-1667,-2149,2128
-310,2011,-52,-3780,28,1716
-272,1990,117,-3842,-271,2456
-236,1935,195,-3952,1372,2163
-232,1883,197,-4683,2089,1416
-251,1916,219,-4997,2158,836
-285,1916,257,-4598,1930,-25
-285,1856,244,-4919,1706,-557
-260,1820,287,-5134,2512,-644
-281,1817,317,-5175,3317,-887
-287,1770,331,-5057,4224,-1265
-246,1716,292,-3624,6088,-1478
-323,1716,198,-2022,4351,-1173
-414,1723,112,-1263,2090,-232
-409,1743,65,-1050,682,304
-387,1824,58,-883,-1136,121
-344,1997,51,-1077,-1793,-279
-284,2212,34,-1423,-2667,-1080
-227,2334,-19,-920,-3318,-1711
-188,2366,-175,196,-1168,-1877
-273,2383,-236,1348,-388,-1180
-404,2366,-249,1808,-841,-651
-493,2314,-256,2093,-1401,2
-475,2278,-295,2368,-3121,439
-353,2269,-329,2900,-4001,502
-232,2274,-338,3551,-3582,324
-177,2277,-348,4062,-2904,326
-160,2286,-367,4795,-3238,360
-161,2323,-430,5739,-3205,100
-182,2358,-514,5849,-1239,-296
-257,2341,-570,5710,-268,-502
-361,2230,-603,5698,-352,85
-410,2084,-628,5264,-1825,1094
-328,1976,-600,4732,-1287,1809
-208,1940,-548,4613,-405,2176
-116,1948,-500,4312,468,2222
-79,1951,-476,3924,364,1767
-99,1944,-473,3028,-217,1232
-119,1937,-475,1569,923,971
-132,1939,-496,-452,3619,448
-200,1956,-473,-374,3137,550
-251,1981,-459,18,2149,616
-262,2008,-448,-41,1013,589
-248,2028,-442,-533,1168,390
-240,2028,-418,-120,986,454
-224,2030,-400,-446,621,440
-198,2034,-390,-767,973,313
-191,2049,-375,-935,1155,221
-201,2069,-367,-1325,895,106
-216,2077,-358,-1665,1116,-22
-230,2073,-355,-1936,1347,-168
-245,2056,-350,-1808,1548,-178
-253,2049,-349,-1655,1859,-119
-269,2041,-352,-1572,1499,-222
-279,2024,-341,-1413,1328,-274
-262,2013,-334,-1591,1640,-353
-242,2007,-323,-1416,1809,-317
-246,2010,-312,-1375,1235,-367
-257,2003,-315,-1338,738,-263
-260,1997,-313,-1084,723,-69
-266,2004,-308,-956,134,34
-260,2012,-298,-918,220,98
-245,2018,-298,-798,321,157
-241,2026,-298,-638,-18,122
-248,2026,-293,-506,-214,168
-250,2022,-287,-502,-97,233
-240,2019,-281,-469,-78,263
-231,2021,-277,-389,177,260
-237,2024,-272,-373,201,277
-240,2019,-271,-315,86,322
-228,2009,-270,-330,132,275
-216,2006,-270,-238,343,280
-226,2011,-269,-118,56,262
-233,2018,-267,-148,125,265
-229,2020,-271,-72,48,249
-229,2022,-269,-18,55,246
-238,2023,-276,73,-92,210
-242,2024,-273,21,81,294
-236,2022,-273,135,101,305
-227,2023,-278,192,66,225
-229,2024,-288,327,-173,220
-231,2022,-284,225,-199,225
-221,2024,-276,199,233,179
-217,2027,-279,211,322,121
-225,2026,-279,336,119,112
-234,2028,-282,308,-43,155
-240,2031,-290,314,-184,189
-240,2032,-291,162,4,174
-241,2032,-289,104,-257,136
-227,2030,-294,95,-138,50
-220,2026,-300,81,-135,102
-225,2024,-298,0,-404,166
-224,2021,-296,-82,-191,120
-225,2017,-297,-92,-116,139
-227,2016,-297,-120,-108,117
-225,2021,-294,-175,-50,124
-223,2028,-291,-47,90,138
-225,2034,-294,3,75,151
-228,2033,-298,-37,-52,155
-224,2033,-297,-25,69,168
-221,2030,-300,20,18,142
-227,2033,-299,-37,-223,149
-222,2036,-293,-183,57,159
-214,2038,-282,-187,222,210
-218,2039,-285,-236,-41,112
-219,2036,-285,-224,-23,64
-227,2031,-288,-181,8,104
-236,2030,-284,-193,21,93
-232,2030,-287,-260,199,17
-222,2031,-280,-251,267,8
-220,2039,-279,-211,224,-2
-220,2036,-276,-208,386,-11
-231,2025,-280,-195,337,1
-237,2020,-281,-192,350,-10
-234,2021,-283,-232,379,-4
-227,2024,-282,-254,628,-47
-233,2019,-278,-164,570,-40
-240,2018,-278,-119,259,-40
-241,2020,-278,-211,295,-27
-236,2022,-273,-258,299,-62
-236,2021,-280,-167,178,-47
-243,2017,-290,-36,-26,-4
-251,2014,-289,-67,-156,113
-249,2015,-288,-24,98,119
-240,2019,-288,11,202,92
-236,2024,-289,29,129,85
-239,2031,-287,110,74,131
-239,2034,-285,146,93,150
-241,2032,-289,63,213,152
-249,2032,-288,94,-40,156
-242,2039,-281,-71,107,171
-228,2043,-274,-116,174,189
-231,2042,-274,-193,42,190
-238,2042,-273,-208,69,151
-240,2041,-269,-250,172,154
-240,2040,-269,-167,68,131
-241,2037,-270,-149,20,119
-244,2033,-271,-142,-11,118
-238,2030,-266,-176,214,78
-226,2029,-267,-214,330,63
-225,2027,-269,-78,270,57
-235,2022,-277,-57,204,10
-245,2021,-273,-17,185,75
-241,2019,-273,-63,381,82
-237,2023,-274,-83,337,67
-237,2024,-281,-54,162,42
-240,2020,-283,-9,147,108
-242,2017,-284,-28,161,138
-239,2015,-285,23,163,119
-238,2015,-294,116,13,165
-242,2018,-294,159,-6,206
-245,2028,-290,47,-26,213
-237,2037,-285,-94,-10,178
-234,2043,-284,-111,9,142
-236,2043,-282,-160,-16,193
-237,2039,-279,-179,-71,211
-231,2032,-284,-155,-139,234
-224,2027,-291,-111,-135,235
-225,2030,-296,-21,-339,240
-214,2042,-302,-241,-51,158
-194,2047,-306,-283,128,45
-195,2049,-324,-275,-69,35
-200,2047,-345,-320,-200,95
-199,2046,-342,-758,147,229
-199,2065,-337,-1857,899,431
-209,2098,-344,-3208,372,595
-193,2114,-332,-4499,201,561
-191,2099,-319,-4379,-809,689
-199,2086,-284,-4118,-941,713
-201,2073,-270,-4345,-944,638
-198,2048,-262,-4311,-1266,624
-196,2023,-263,-4217,-1399,576
-204,1995,-249,-4191,-1285,478
-211,1970,-218,-4217,-1341,363
-197,1948,-212,-4171,-866,263
-182,1934,-228,-4109,96,153
-191,1923,-245,-3606,-313,49
-186,1926,-276,-3443,-1073,-20
-148,1934,-308,-3173,-518,25
-136,1975,-333,-2339,-1162,-26
-141,2048,-369,-1746,-1573,27
-151,2127,-380,-1049,-1995,299
-162,2226,-381,-456,-3413,524
-149,2336,-338,215,-4448,805
-156,2448,-292,1585,-5114,960
-144,2531,-276,2519,-3220,847
-147,2609,-260,3048,-1786,507
-146,2669,-216,3602,-2290,-331
-178,2653,-152,3742,-2048,-1222
-213,2540,-50,4051,-458,-1711
-229,2406,48,3683,-944,-1649
-185,2276,183,3230,1276,-1790
-173,2130,327,2642,3513,-1893
-195,2009,393,2589,3789,-1583
-212,1889,386,2840,3009,-1269
-206,1786,352,2685,2107,-1229
-177,1760,306,2666,1690,-1163
-179,1779,254,2101,3005,-1412
-234,1816,237,1675,4990,-2113
-276,1832,208,1585,6781,-2543
-277,1828,150,2033,8027,-2360
-332,1816,97,2298,5725,-1671
-364,1797,90,2797,4176,-817
-346,1809,49,3594,3684,-667
-352,1835,-33,3661,4526,-723
-420,1835,-133,3439,3216,-473
-436,1821,-206,2611,4138,-608
-436,1804,-276,2590,4225,-456
-425,1770,-350,2186,2102,127
-371,1735,-389,2535,947,589
-305,1738,-404,2678,1518,974
-274,1773,-385,2654,829,1255
-232,1823,-386,1758,3602,1156
-216,1905,-440,503,6042,900
-263,1994,-431,41,4500,1261
-321,2082,-366,-31,2636,1092
-333,2146,-346,-536,1704,339
-336,2182,-364,-1190,-1382,-73
-285,2194,-290,-1149,-401,-172
-252,2198,-240,-1482,1196,-140
-283,2173,-253,-1354,-368,-296
-304,2135,-266,-1670,353,-689
-302,2116,-252,-2245,-449,-1118
-289,2113,-217,-1919,-2573,-1312
-264,2089,-207,-2603,-869,-1236
-281,2011,-299,-2131,2678,-906
-374,1942,-350,-1928,-3429,-490
-250,1965,-217,-2276,-699,-932
-158,1976,-255,-1950,6212,-900
-288,1884,-502,-779,3298,167
-455,1848,-471,-267,-3571,755
-397,1966,-230,-1289,723,5
-318,1957,-441,142,4849,-139
-443,1854,-604,-87,-1893,543
-548,1883,-349,-694,-6434,974
-364,2025,-30,-2120,6008,24
-340,2045,-357,52,-141,-473
-357,1931,-327,-1774,-1439,739
-407,1904,-98,-1400,-1846,1534
-440,1988,-70,-2472,-231,863
-430,2013,-86,-3146,-1507,201
-410,1977,-25,-2337,-4472,602
-392,1910,73,-2796,-2497,1330
-369,1804,100,-3794,-130,1385
-353,1782,170,-4081,243,1193
-364,1850,212,-3491,230,1025
-361,1887,245,-3250,-194,865
-325,1868,262,-3578,-58,863
-314,1846,275,-3488,-861,623
-292,1833,310,-3548,90,192
-282,1832,339,-3642,537,-32
-284,1850,368,-3246,1481,-102
-314,1884,385,-2916,1159,-148
-339,1877,359,-2327,-48,-102
-353,1906,280,-2144,944,-18
-496,1903,231,-2040,-2526,392
-493,1878,176,-1777,-4280,930
-408,1922,140,-2097,-4505,732
-286,2017,123,-1572,-3102,-323
-180,2131,72,-205,-3474,-1277
-139,2243,28,451,-2114,-1839
-201,2322,-31,764,-1361,-2143
-279,2342,-91,1098,-789,-1636
-342,2337,-147,1570,-820,-871
-389,2332,-197,1729,-1225,-364
-379,2335,-232,1594,-769,-68
-320,2324,-255,1582,-538,113
-244,2279,-253,1390,14,515
-170,2246,-243,1310,1318,764
-130,2236,-218,972,2180,740
-126,2213,-203,123,2401,709
-127,2212,-245,359,1393,645
-73,2284,-328,863,1757,169
-90,2345,-427,1954,2719,-259
-303,2298,-475,3386,1001,-778
-516,2169,-456,3888,-1674,-1121
-531,2051,-422,3021,-1033,-43
-381,1978,-346,2746,1174,990
-201,1959,-284,3373,954,1727
-113,1970,-254,3843,-88,1799
-106,1959,-223,3561,563,1516
-132,1936,-221,2813,903,1096
-166,1923,-245,2274,139,964
-194,1936,-256,1972,4,972
-227,1987,-284,1578,242,779
-260,2029,-304,1728,225,820
-297,2052,-306,1762,-974,998
-291,2056,-303,1471,-1023,908
-266,2048,-297,1356,-650,839
-237,2041,-276,1252,-1116,791
-196,2030,-256,1000,-705,650
-168,2021,-241,452,358,422
-180,2024,-236,386,427,375
-204,2030,-253,273,96,263
-218,2033,-269,401,438,153
-233,2038,-288,189,440,75
-243,2040,-289,79,688,23
-244,2043,-287,-100,805,81
-243,2048,-277,0,545,28
-241,2044,-277,134,515,26
-239,2031,-275,72,245,33
-229,2022,-268,65,-2,77
-207,2028,-269,58,89,90
-206,2035,-272,-61,424,102
-224,2032,-276,88,-170,133
-223,2031,-276,-12,-110,205
-218,2033,-281,21,-87,153
-220,2041,-283,31,66,64
-225,2043,-287,64,49,110
-223,2032,-293,5,113,144
-222,2028,-293,33,69,206
-221,2029,-288,33,81,207
-212,2026,-285,-82,348,127
-208,2020,-284,-18,207,16
-212,2014,-292,52,20,4
-222,2012,-290,32,169,92
-231,2015,-284,41,296,71
-233,2023,-282,28,244,71
-231,2028,-281,79,-4,100
-230,2034,-286,12,87,98
-231,2037,-284,-77,126,46
-229,2038,-282,-38,163,23
-228,2035,-292,-26,119,86
-237,2033,-294,-49,39,126
-246,2036,-291,-172,-34,180
-234,2035,-283,-328,92,108
-219,2034,-279,-282,192,53
-220,2035,-281,-334,278,9
-226,2029,-280,-403,224,-30
-234,2024,-280,-466,138,-16
-237,2021,-294,-454,-90,21
-233,2018,-294,-339,118,91
-237,2026,-293,-266,242,117
-241,2034,-288,-265,-58,122
-235,2034,-286,-328,53,116
-232,2035,-281,-290,188,61
-236,2034,-283,-313,207,50
-242,2032,-276,-225,80,111
-243,2031,-274,-199,-40,122
-240,2033,-270,-231,-21,122
-232,2036,-262,-284,22,82
-225,2036,-263,-294,315,13
-229,2030,-270,-229,156,29
