-253,1992,-469,-494,103,131
-255,1990,-472,-425,32,82
-255,1984,-472,-386,120,65
-255,1986,-468,-319,239,97
-255,1994,-464,-330,284,128
-255,1993,-463,-301,263,127
-253,1989,-465,-290,147,150
-250,1992,-460,-321,250,116
-252,1997,-455,-269,180,155
-255,1997,-454,-234,84,129
-257,1993,-453,-204,144,159
-250,1997,-451,-198,146,150
-246,2001,-447,-157,205,134
-250,1994,-445,-160,366,133
-258,1991,-448,-142,-16,147
-251,1997,-442,-153,248,212
-246,1997,-440,-126,284,162
-245,1991,-443,-87,330,130
-245,1986,-448,-67,85,172
-243,1990,-449,13,124,221
-244,1996,-449,-23,341,244
-240,1994,-449,18,495,214
-238,1993,-453,-13,510,165
-237,1997,-451,-29,511,224
-235,2004,-452,-67,474,231
-228,2004,-457,-100,695,195
-228,1997,-463,-48,750,196
-228,1999,-466,-34,860,199
-231,2003,-467,-32,1059,229
-234,2006,-460,-119,947,251
-230,2008,-457,-174,764,228
-225,2007,-456,-202,629,218
-226,2005,-460,-194,730,231
-231,2001,-460,-200,608,190
-229,1998,-459,-137,646,110
-225,1994,-458,-110,773,110
-227,1994,-459,-92,688,112
-232,1994,-458,-3,729,82
-238,1995,-459,29,616,69
-241,2001,-456,19,518,78
-240,2001,-457,75,484,52
-238,2000,-455,29,349,67
-234,2001,-454,24,242,24
-233,2006,-448,31,273,35
-235,2003,-445,33,163,9
-237,2000,-451,1,50,8
-232,1999,-451,-41,170,15
-231,2002,-452,-55,-34,50
-229,2006,-455,-55,123,12
-231,2005,-452,-1,164,23
-231,2002,-452,-67,279,30
-230,2004,-452,-146,85,-30
-235,2004,-449,-4,-193,-11
-245,2003,-446,6,-74,57
-246,2000,-443,-21,225,37
-241,1997,-444,-3,202,42
-240,1995,-450,41,9,15
-240,1995,-455,96,74,28
-240,1996,-461,58,63,23
-240,1997,-460,97,125,-49
-244,1994,-460,184,23,-12
-247,1991,-461,160,144,-33
-248,1992,-462,127,299,-33
-251,1991,-466,121,100,-50
-252,1991,-467,110,46,-33
-256,1994,-465,32,92,-6
-255,1997,-466,10,129,-33
-254,1999,-470,-7,15,-22
-253,2003,-472,-36,34,13
-255,2001,-472,-51,65,39
-257,1999,-468,-52,85,60
-258,1999,-469,-48,150,67
-255,2000,-467,-100,110,58
-251,1998,-467,-66,88,97
-252,1995,-467,-65,88,78
-251,1995,-467,-142,245,111
-252,1998,-467,-119,223,97
-249,2000,-466,-109,226,102
-248,2000,-465,-141,229,122
-251,1999,-465,-99,-22,110
-249,1996,-466,-92,161,135
-252,1991,-465,-111,215,128
-250,1991,-466,-99,258,87
-249,1995,-469,-71,65,142
-250,1995,-470,-38,108,154
-254,1993,-468,-71,272,165
-250,1993,-467,-82,408,160
-242,1996,-466,-84,436,132
-241,1992,-468,-72,359,129
-244,1988,-471,-58,516,151
-250,1988,-471,-65,457,179
-248,1993,-472,-47,433,182
-246,1994,-470,5,285,187
-241,1991,-474,-41,363,185
-235,1995,-476,1,511,168
-231,1993,-481,67,445,133
-230,1992,-481,67,536,147
-231,1997,-482,55,689,198
-234,2004,-480,-5,608,218
-237,2006,-477,-77,494,241
-239,2004,-476,-159,485,273
-236,1998,-477,-181,484,276
-231,1997,-475,-207,462,284
-225,1996,-475,-210,504,213
-221,1991,-478,-147,705,168
-217,1986,-480,-115,818,127
-222,1990,-480,-114,740,132
-228,1993,-480,-88,661,125
-228,1993,-482,-70,748,93
-226,1992,-482,-68,820,45
-228,1997,-482,-104,633,-20
-227,2000,-480,-110,594,-5
-229,1999,-477,-74,559,-15
-234,1997,-477,-136,490,-35
-234,1998,-478,-191,383,-78
-233,2000,-478,-182,132,-16
-233,2001,-475,-238,196,1
-236,2000,-470,-268,328,10
-233,1999,-467,-243,389,1
-230,1997,-467,-171,316,39
-231,1994,-466,-176,301,58
-234,1996,-466,-205,330,39
-239,1997,-468,-192,229,53
-241,1993,-466,-111,87,79
-236,1993,-464,-120,109,102
-231,1997,-463,-107,320,120
-230,2000,-466,-87,308,99
-230,2001,-471,-23,240,93
-232,1998,-475,-144,351,151
-233,1998,-472,-104,436,135
-234,2000,-469,-103,444,113
-234,1999,-466,-34,437,117
-237,1997,-465,-52,439,113
-242,2000,-466,-106,263,154
-241,2002,-466,-76,213,132
-239,2001,-463,-51,228,150
-235,1999,-461,-40,266,115
-234,1998,-462,-85,187,132
-236,1998,-463,-98,160,132
-233,1996,-465,-59,239,94
-227,1996,-465,-102,250,83
-227,1998,-465,-100,269,67
-236,1998,-464,-90,67,105
-236,1996,-464,-62,144,135
-233,1997,-467,-139,262,132
-232,2000,-468,-81,313,111
-239,2001,-471,-88,-92,131
-240,1998,-473,-61,-217,175
-239,2001,-467,-63,-2,206
-237,2002,-461,-62,134,187
-236,1998,-461,-60,120,179
-231,1998,-460,-51,146,206
-228,2000,-458,-66,190,209
-229,1999,-462,-90,153,177
-227,1996,-460,-50,173,168
-225,1991,-461,-39,349,172
-222,1993,-463,-83,430,168
-220,1996,-464,-56,686,158
-221,1991,-468,-37,642,120
-224,1991,-468,-78,572,169
-227,1998,-465,-37,458,186
-229,2001,-467,-13,348,150
-225,1997,-471,28,356,125
-217,1996,-476,-8,507,104
-217,1998,-479,34,499,116
-219,1999,-480,80,423,92
-222,1998,-480,49,429,122
-224,2000,-474,57,503,117
-228,1999,-478,-24,299,126
-229,1996,-480,-41,226,103
-227,1993,-480,-112,266,72
-223,1997,-481,-118,176,62
-218,1998,-479,-92,268,65
-224,1996,-480,-116,117,92
-226,2002,-480,-148,-7,52
-223,2001,-472,-80,133,71
-220,1994,-474,-111,224,39
-221,1993,-476,-58,128,-22
-223,1995,-478,-40,-23,-4
-223,1993,-477,2,49,52
-225,1988,-478,48,345,15
-226,1989,-480,57,338,-3
-226,1993,-476,111,198,-18
-228,1996,-471,116,183,42
-233,1998,-471,103,167,12
-233,1998,-475,55,195,-22
-230,1997,-474,28,170,21
-230,1996,-477,69,40,52
-229,1996,-479,-23,258,52
-231,1999,-481,-90,49,58
-227,2000,-482,-75,-99,33
-228,1998,-481,-80,-35,123
-230,1995,-478,-84,102,89
-228,1994,-480,-79,171,63
-229,1991,-482,-89,176,94
-230,1991,-482,-58,218,99
-231,1992,-483,-31,273,89
-229,1996,-485,-47,257,92
-231,1996,-487,-44,190,111
-230,1991,-483,22,274,98
-227,1990,-482,65,331,106
-224,1995,-483,74,304,114
-225,1996,-483,59,251,109
-229,1995,-482,37,238,82
-230,1994,-482,75,258,85
-226,1992,-485,30,424,60
-227,1994,-487,22,181,64
-226,1996,-487,29,256,63
-228,1993,-485,53,385,102
-227,1992,-490,27,464,56
-230,1996,-495,-18,193,50
-232,1994,-497,-4,-11,81
-234,1993,-492,15,237,110
-239,1994,-489,-32,392,107
-240,1994,-490,-22,194,94
-237,1992,-491,-16,186,111
-233,1994,-492,27,196,114
-233,1996,-492,50,98,86
-235,1990,-491,63,110,102
-235,1989,-492,29,22,111
-232,1996,-492,-47,150,87
-232,1995,-493,-43,108,91
-231,1988,-496,-14,-9,56
-233,1986,-497,10,125,78
-234,1990,-497,50,173,97
-235,1993,-496,-21,148,85
-237,1991,-499,-42,96,87
-240,1989,-499,-33,68,76
-238,1986,-495,58,56,58
-237,1989,-495,61,68,92
-237,1989,-498,107,77,87
-237,1989,-499,88,101,75
-237,1992,-500,58,53,61
-237,1991,-505,40,88,40
-241,1991,-502,6,-96,72
-242,1991,-501,-3,-62,78
-239,1990,-499,-65,106,84
-237,1991,-494,-97,192,63
-240,1993,-497,-90,123,70
-241,1994,-496,-93,56,77
-238,1992,-495,-142,182,124
-238,1992,-499,-184,128,106
-236,1993,-500,-218,140,54
-242,1994,-503,-216,-144,100
-250,1993,-500,-198,26,141
-250,1989,-497,-223,116,146
-241,1987,-495,-189,126,139
-236,1987,-493,-120,129,131
-237,1988,-495,-230,214,128
-241,1988,-498,-227,289,140
-238,1987,-499,-207,345,140
-234,1987,-497,-199,234,157
-232,1990,-495,-173,329,129
-232,1991,-495,-97,346,137
-233,1991,-496,-138,208,159
-231,1994,-493,-110,305,154
-230,1991,-496,-109,444,169
-233,1987,-498,-111,498,162
-233,1986,-497,-125,518,173
-231,1989,-495,-135,440,212
-231,1992,-497,-173,421,211
-230,1992,-495,-145,453,191
-226,1993,-494,-215,554,207
-226,1993,-495,-196,475,169
-231,1990,-497,-144,479,171
-235,1991,-497,-207,503,209
-235,1995,-496,-248,294,196
-229,1996,-493,-155,177,152
-223,1994,-491,-142,291,170
-223,1993,-487,-114,267,157
-222,1998,-485,-156,253,132
-220,1993,-482,-112,370,152
-221,1989,-480,-203,450,159
-223,1992,-482,-154,322,141
-226,1992,-487,-117,101,159
-226,1989,-488,-40,261,190
-221,1989,-487,-61,485,178
-218,1995,-487,-156,320,157
-219,1997,-489,-81,165,135
-219,1994,-487,-20,220,104
-221,1992,-487,-46,261,90
-222,1994,-487,-25,209,122
-223,1995,-483,33,152,129
-219,1995,-484,-26,285,123
-214,1995,-480,-21,574,114
-215,1994,-484,-25,339,69
-216,1991,-485,28,256,96
-213,1992,-484,26,510,90
-212,1992,-485,0,667,71
-214,1993,-484,24,469,37
-215,1993,-488,23,543,62
-217,1994,-491,2,604,56
-219,1993,-495,47,523,35
-215,1989,-500,104,483,35
-214,1991,-500,121,541,54
-218,1998,-499,153,509,49
-225,1999,-500,164,460,52
-226,1998,-500,164,353,83
-223,1996,-500,149,387,70
-219,1994,-499,92,461,54
-224,1991,-502,116,95,69
-223,1994,-503,74,97,89
-217,1995,-502,65,286,94
-214,1989,-502,14,419,84
-215,1988,-509,-31,266,66
-218,1990,-514,-43,-101,108
-219,1991,-513,-67,73,132
-217,1989,-507,-68,417,94
-218,1987,-509,-97,374,61
-218,1989,-513,-71,403,55
-220,1990,-511,-29,250,65
-220,1991,-509,-33,286,40
-219,1991,-510,-26,307,-7
-220,1991,-509,-47,315,20
-222,1991,-507,-95,300,24
-223,1992,-504,-128,451,39
-222,1989,-507,-166,403,6
-218,1988,-507,-113,395,24
-221,1990,-513,-264,475,29
-224,1991,-512,-261,427,-2
-224,1991,-509,-205,397,-17
-226,1992,-512,-252,201,-17
-228,1993,-515,-303,86,-54
-230,1991,-510,-271,-8,-34
-228,1996,-501,-238,28,-46
-225,1999,-500,-284,0,-136
-226,1995,-500,-197,-48,-156
-226,1993,-497,-283,-64,-148
-225,1992,-496,-361,-123,-151
-219,1987,-489,-212,-2,-246
-219,1982,-485,-96,71,-231
-215,1982,-485,-145,528,-234
-224,1984,-485,-141,364,-226
-227,1987,-485,-90,414,-201
-228,1986,-485,-124,742,-129
-234,1985,-488,-121,809,-122
-241,1988,-494,-82,541,-64
-245,1990,-499,8,469,15
-251,1992,-500,53,640,67
-252,1993,-497,62,831,72
-254,1993,-498,128,731,67
-255,1990,-502,109,553,139
-256,1991,-502,114,443,178
-255,1994,-499,126,345,195
-254,1994,-501,102,308,188
-250,1989,-499,36,387,170
-246,1986,-501,-37,281,173
-243,1986,-502,-57,431,149
-246,1987,-507,-77,346,130
-245,1988,-508,-148,221,129
-243,1990,-506,-161,261,153
-248,1991,-509,-145,237,161
-249,1989,-507,-188,144,156
-246,1991,-500,-148,144,136
-242,1997,-499,-194,170,156
-246,1996,-500,-194,-75,130
-248,1992,-497,-160,-74,106
-249,1991,-493,-201,226,163
-255,1987,-494,-274,192,182
-255,1985,-497,-293,100,183
-246,1988,-494,-345,106,188
-242,1995,-493,-365,66,169
-248,1996,-493,-310,88,169
-250,1991,-489,-302,191,137
-243,1992,-489,-418,118,128
-242,1995,-487,-297,-242,127
-244,1994,-488,-282,-251,119
-242,1993,-489,-251,84,125
-240,1993,-488,-245,128,93
-239,1999,-482,-225,-158,82
-240,2002,-480,-122,-349,98
-244,1996,-476,-229,-76,218
-237,2000,-465,-343,-6,214
-231,2001,-465,-299,44,201
-233,1990,-466,-217,-59,195
-232,1988,-467,-223,58,270
-222,1993,-469,-183,187,287
-219,1996,-473,-166,292,277
-220,1990,-475,-147,399,275
-216,1988,-472,-126,615,276
-215,1989,-473,-124,701,292
-221,1987,-479,-91,524,307
-225,1984,-481,-120,614,283
-225,1982,-484,-44,824,254
-217,1985,-491,10,825,212
-214,1990,-493,132,647,221
-220,1992,-497,177,647,217
-223,1996,-494,189,650,190
-223,1997,-493,190,585,165
-226,1996,-489,239,409,129
-227,1997,-488,219,328,142
-227,1996,-494,-23,274,142
-222,1994,-494,32,240,79
-219,1989,-490,69,275,78
-221,1991,-492,138,258,59
-223,1991,-494,190,356,80
-224,1991,-495,258,420,57
-227,1991,-496,194,388,90
-224,1996,-498,186,268,68
-222,2000,-491,77,225,97
-225,1999,-490,-17,76,112
-229,1996,-488,-24,38,106
-229,1996,-489,69,-281,156
-224,1998,-493,68,-257,205
-219,1994,-493,125,60,201
-211,1993,-492,150,278,171
-208,1993,-489,135,164,183
-208,1986,-492,124,28,185
-207,1980,-490,-24,60,193
-202,1986,-483,-132,160,166
-198,1993,-490,-149,385,126
-202,1990,-507,-78,648,168
-196,1989,-519,-48,929,188
-195,1996,-524,-46,638,213
-199,2002,-526,25,376,146
-210,1995,-521,17,417,173
-216,1995,-514,-24,423,164
-215,1997,-513,-53,287,105
-211,1991,-517,-96,307,90
-203,1988,-519,-92,402,99
-201,1991,-519,-147,276,137
-203,1991,-519,-111,213,134
-204,1988,-517,-92,238,112
-206,1986,-514,-161,339,98
-203,1985,-510,-124,452,72
-204,1981,-509,-65,662,72
-207,1983,-511,-133,670,79
-211,1988,-513,-71,395,92
-213,1991,-514,11,256,68
-211,1989,-518,147,240,27
-208,1985,-518,105,473,-19
-209,1986,-515,185,238,-31
-213,1990,-517,135,345,19
-219,1988,-518,222,455,64
-221,1987,-517,150,426,-8
-215,1995,-515,151,183,-37
-212,2002,-513,104,-21,-18
-221,2002,-509,-18,-38,-11
-235,1996,-504,-160,-94,14
-239,1991,-504,-190,-234,50
-238,1986,-513,-272,-498,45
-231,1986,-512,-271,-515,18
-223,1992,-514,-356,-373,-20
-219,1995,-517,-378,-400,3
-223,1993,-513,-350,-296,2
-225,1991,-507,-362,16,40
-225,1988,-502,-279,67,46
-225,1989,-502,-308,-158,78
-225,1991,-498,-375,-95,119
-224,1993,-495,-335,105,127
-222,1991,-493,-265,203,106
-224,1991,-491,-203,94,151
-225,1992,-492,-172,149,188
-221,1993,-492,-185,262,172
-218,1995,-492,-147,170,211
-218,1996,-491,-167,211,249
-225,1994,-487,-196,80,297
-226,1993,-487,-179,-37,309
-220,1993,-488,-130,46,281
-215,1990,-492,-86,172,249
-212,1987,-494,-122,152,216
-211,1989,-494,-155,99,213
-210,1992,-493,-136,202,202
-217,1989,-494,-163,148,154
-221,1986,-499,-199,12,126
-220,1991,-505,-209,-180,111
-217,1990,-503,-41,-91,145
-214,1989,-509,-102,170,64
-212,1989,-504,-52,112,19
-213,1993,-506,-42,-206,70
-214,1988,-505,-31,-62,92
-214,1983,-495,-25,230,96
-210,1988,-489,-38,367,100
-211,1989,-489,18,307,65
-214,1987,-489,-6,378,48
-214,1991,-490,-29,381,95
-214,1993,-495,10,422,18
-217,1990,-497,83,297,-9
-215,1988,-498,37,440,5
-214,1993,-498,93,641,-25
-221,1991,-503,116,373,-23
-227,1990,-506,71,121,-15
-223,1990,-501,90,356,3
-222,1992,-499,50,502,18
-224,1995,-496,-30,406,-10
-229,1995,-498,-52,351,34
-232,1992,-502,-91,429,37
-231,1990,-505,-120,477,26
-229,1992,-506,-96,476,41
-228,1996,-501,-102,427,53
-231,1997,-497,-185,373,77
-236,1996,-500,-327,196,101
-238,1993,-499,-294,154,86
-238,1992,-497,-259,120,107
-231,1994,-499,-286,99,102
-226,1993,-500,-248,88,60
-221,1991,-500,-169,264,27
-227,1991,-499,-203,78,97
-234,1991,-500,-190,-261,133
-228,1989,-495,-136,35,115
-220,1991,-490,-251,262,105
-218,1994,-491,-212,147,67
-222,1993,-496,-123,-177,49
-222,1989,-494,-131,50,108
-222,1992,-485,-114,279,107
-224,1999,-485,-176,232,104
-225,1994,-489,-190,102,76
-222,1991,-487,-150,236,117
-220,1995,-482,-135,247,79
-223,1996,-485,-101,247,61
-222,1990,-485,-52,229,62
-223,1989,-487,10,289,83
-224,1991,-486,-6,427,87
-225,1994,-487,16,206,80
-227,1998,-487,-40,97,81
-228,1999,-485,-88,245,89
-227,1994,-484,-44,296,114
-229,1989,-488,-9,254,116
-227,1987,-490,30,227,105
-225,1986,-493,42,268,130
-225,1987,-496,95,388,174
-229,1987,-493,133,300,210
-232,1989,-484,105,242,251
-239,1994,-473,-1,-215,315
-246,2001,-459,-168,-445,334
-244,2009,-464,-120,-85,397
-259,2006,-528,-239,-333,550
-263,1990,-606,-506,-1577,570
-219,1967,-627,-457,-923,611
-165,1959,-645,-961,-81,504
-166,1930,-705,-1371,437,531
-222,1871,-780,-985,-444,446
-272,1852,-837,-900,-1833,346
-258,1889,-894,-957,-2162,88
-213,1928,-891,-1918,2844,-847
-250,1954,-905,-2906,4182,-1399
-343,1951,-928,-3104,1325,-1026
-430,1979,-876,-3990,1866,-855
-529,2046,-855,-3897,820,-845
-583,2126,-824,-4428,-589,-573
-566,2198,-701,-3690,1609,-880
-484,2220,-606,-3292,6096,-1217
-422,2175,-580,-1007,8341,-1589
-403,2139,-551,520,8003,-1479
-393,2141,-505,1984,6298,-833
-387,2154,-454,2485,4476,-243
-427,2153,-369,2848,1443,102
-441,2162,-238,1895,-1997,715
-422,2134,-76,1304,-4666,1780
-364,2056,27,1073,-4852,2250
-289,1967,22,407,-3052,2043
-217,1901,10,333,-2812,2012
-172,1911,-6,29,-3573,2503
-148,1977,-51,-29,-3456,2772
-138,2001,-95,-380,-2923,2810
-136,1992,-113,-1042,-3046,2790
-161,1963,-146,-1429,-4210,2834
-142,1945,-191,-2012,-2900,2730
-70,1912,-231,-1681,-2320,2264
0,1887,-257,-1479,-2253,2037
42,1894,-265,-1419,-1307,1863
10,1920,-293,-798,-2674,1796
-28,1953,-338,-630,-2661,1259
-49,1955,-371,-173,-2047,540
-96,1956,-401,281,-4513,461
-111,1980,-411,187,-4507,179
-136,1980,-379,-130,-4142,-56
-114,1999,-312,-1165,-2338,-95
-44,2038,-292,-1457,-1129,-132
7,2065,-257,-1497,-1060,242
55,2063,-254,-1879,1600,529
34,2079,-231,-1409,2299,667
28,2090,-249,-1288,2750,479
16,2104,-246,-1348,3850,531
19,2127,-243,-1878,4037,577
53,2133,-204,-2279,5546,807
25,2116,-180,-2139,3391,1376
13,2075,-187,-2105,2759,1573
-25,2037,-161,-2079,1450,1652
-51,2011,-122,-2045,1124,1542
-67,1971,-136,-2054,321,1361
-63,1959,-84,-2598,124,1607
-140,1965,-51,-2599,-3412,1702
-159,1955,-85,-2370,-4517,1512
-21,1986,-125,-3293,-2330,731
77,2056,-34,-3968,-1783,-238
-3,2108,-31,-2934,-5150,-266
-59,2071,-178,-3440,-5029,-124
-76,2011,-171,-3931,-4336,-623
-87,2025,50,-3751,-2663,-1038
-163,2042,68,-2140,-6193,-219
-104,1980,-206,-2299,-5057,258
-14,1964,-109,-2916,-5053,-260
23,2074,137,-1977,-5422,-463
11,2086,-32,-363,-4369,-195
66,1975,-143,-965,-2597,-51
108,2019,10,-1198,-2645,-389
89,2096,181,310,-3236,-396
53,2042,59,628,-179,116
67,1939,-75,-358,2476,-39
144,1969,85,-849,563,-748
183,2086,221,-223,429,-1300
86,2061,181,-240,1693,-973
69,1989,140,-1151,4775,-866
95,1969,245,-693,2477,-621
137,1989,246,-709,1835,-366
113,1981,234,-1275,2028,-419
57,1950,265,-1900,3026,-843
15,1907,357,-1933,1397,-736
10,1890,383,-2948,1623,41
7,1863,439,-3281,1255,544
-12,1818,487,-3429,32,694
-38,1757,507,-3255,-1776,1082
-77,1776,462,-2311,-2596,504
-50,1846,391,-2417,-1489,-73
-1,1882,359,-2073,-828,-385
30,1896,330,-2163,1096,-625
-6,1915,267,-2559,3319,-683
-93,1941,250,-2367,3489,-275
-202,1965,274,-2173,1441,286
-277,2038,270,-1777,1876,707
-328,2131,199,-1338,4427,529
-358,2185,108,-579,4636,22
-319,2217,56,646,2400,-233
-229,2218,42,1635,330,-413
-181,2210,48,2188,-911,-707
-192,2211,32,2776,-350,-1287
-240,2203,-24,2987,1806,-1575
-273,2173,-79,3388,2791,-1586
-269,2175,-86,3702,2112,-1854
-284,2193,-90,3924,1073,-1771
-337,2204,-96,4025,676,-1175
-396,2211,-133,3683,200,-635
-423,2221,-168,3125,223,-399
-416,2229,-205,3191,488,-324
-377,2221,-232,3495,-640,-156
-283,2180,-260,3704,-1220,-62
-172,2119,-301,3843,-198,-171
-145,2059,-307,3972,159,-452
-194,2023,-287,3928,580,-625
-273,2008,-234,3822,-433,-564
-316,2012,-193,3308,-1016,-370
-328,2012,-194,2929,-775,-377
-311,2018,-184,2256,-550,-512
-293,2028,-187,1999,-1021,-297
-263,2034,-200,1797,-579,65
-232,2048,-210,1027,528,109
-222,2058,-234,1270,694,77
-225,2058,-243,1179,896,68
-242,2052,-226,993,953,126
-267,2050,-227,852,860,100
-272,2047,-218,709,1058,91
-275,2040,-217,331,689,76
-275,2032,-210,383,159,50
-256,2035,-204,323,399,6
-236,2037,-207,110,378,-23
-228,2034,-213,88,498,-58
-224,2042,-209,-156,561,-105
-218,2055,-201,-310,606,-73
-221,2050,-200,-206,556,-45
-226,2030,-209,-219,460,52
-223,2015,-213,-236,687,94
-221,2016,-215,-281,376,208
-222,2025,-204,-156,-135,254
-231,2032,-204,-232,-53,352
-238,2031,-203,-246,-25,387
-241,2031,-209,-294,-477,369
-223,2039,-221,-49,-72,406
-194,2051,-227,-83,421,478
-188,2062,-229,-96,219,498
-197,2060,-231,-20,264,438
-212,2048,-223,-109,193,424
-221,2043,-209,-73,-95,389
-212,2047,-203,14,186,337
-204,2046,-201,87,359,215
-200,2039,-201,68,486,163
-199,2030,-202,53,752,162
-204,2024,-205,-35,720,246
-206,2029,-206,106,687,211
-211,2027,-210,151,725,164
-213,2023,-213,236,684,96
-211,2029,-211,271,516,65
-209,2039,-208,329,373,41
-214,2040,-213,369,184,28
-216,2030,-219,448,227,4
-220,2018,-228,608,116,-45
-211,2018,-239,705,279,-139
-200,2026,-244,811,484,-193
-198,2033,-244,818,466,-193
-206,2034,-243,752,369,-131
-215,2035,-248,686,178,-85
-212,2037,-245,591,362,-69
-203,2036,-244,450,683,-94
-205,2029,-249,479,614,-42
-215,2026,-261,453,137,30
-218,2029,-270,402,343,100
-216,2029,-268,461,470,117
-209,2027,-276,524,586,91
-202,2029,-287,497,777,88
-200,2032,-288,504,815,68
-202,2029,-290,444,967,75
-209,2027,-294,423,853,85
-210,2032,-296,344,943,55
-212,2035,-297,334,980,3
-219,2029,-307,360,890,-19
-225,2024,-316,352,846,-41
-222,2030,-318,251,717,-37
-223,2035,-322,50,363,-66
-232,2033,-330,34,287,-105
-240,2030,-333,-41,296,-119
-234,2035,-334,-193,215,-114
-228,2036,-326,-150,21,-63
-232,2037,-313,-170,-46,-20
-233,2039,-308,-211,-56,-6
-233,2038,-295,-195,-156,53
-229,2031,-287,-264,-355,46
-230,2022,-286,-249,-253,77
-232,2017,-285,-228,-107,148
-227,2023,-286,-329,-5,197
-228,2021,-286,-181,-161,192
-223,2017,-291,-53,-1,224
-219,2019,-290,-35,147,227
-221,2025,-293,-60,279,196
-223,2027,-300,-84,196,200
-223,2023,-299,-59,199,210
-219,2021,-296,-84,288,198
-223,2023,-299,-21,236,190
-226,2026,-308,61,-5,162
-222,2029,-305,14,222,169
-224,2032,-292,-18,419,159
-225,2031,-296,-57,346,183
-228,2026,-300,-5,182,173
-225,2024,-301,-11,173,136
-223,2026,-304,-100,109,139
-220,2030,-302,-126,35,86
-217,2032,-296,-86,200,72
-219,2032,-291,-210,222,28
-224,2032,-292,-203,19,110
-222,2029,-289,-198,261,70
-217,2026,-288,-167,344,58
-220,2025,-295,-187,102,60
-222,2024,-300,-142,97,82
-217,2029,-298,-112,181,30
-216,2029,-295,-86,19,39
-223,2025,-298,-9,4,35
-223,2018,-305,15,43,70
-216,2020,-304,33,208,71
-213,2026,-302,22,226,55
-215,2028,-306,48,188,62
-217,2026,-307,32,246,81
-214,2031,-305,3,386,91
-213,2034,-299,20,326,113
-215,2032,-298,-35,284,129
-221,2030,-299,-89,284,145
-227,2030,-298,-96,260,189
-224,2032,-301,-57,182,174
-221,2032,-299,-41,205,148
-221,2030,-304,-141,240,107
-226,2026,-309,-113,107,110
-227,2023,-315,-114,-3,85
-228,2024,-312,-70,21,88
-233,2028,-306,-120,100,93
-232,2029,-309,-122,175,60
-227,2028,-306,-112,3,15
-224,2030,-298,-159,64,16
-226,2032,-295,-221,62,-20
-228,2028,-293,-255,121,-27
-229,2028,-285,-197,76,-20
-230,2030,-280,-239,84,31
-236,2033,-282,-384,58,67
-234,2030,-281,-372,168,55
-226,2027,-281,-350,209,48
-224,2029,-284,-321,130,40
-227,2029,-285,-228,274,78
-232,2024,-285,-252,365,106
-234,2022,-286,-227,310,155
-230,2022,-288,-159,281,145
-225,2025,-287,-144,326,131
-225,2027,-285,-222,535,111
-236,2029,-294,-464,300,157
-241,2033,-286,-561,62,157
-241,2029,-262,-858,448,192
-245,2023,-275,-1047,-698,129
-229,2013,-293,-947,-1372,184
-223,1996,-302,-524,-987,484
-231,1976,-325,-498,-242,752
-262,1952,-401,115,-1560,802
-287,1911,-474,841,-2718,1147
-276,1869,-544,874,-1832,1494
-277,1876,-619,1096,-692,1469
-304,1919,-681,612,118,1504
-338,1969,-690,-257,819,1520
-359,2029,-690,-817,1078,1367
-374,2078,-692,-1617,1875,1089
-406,2121,-692,-1846,2518,789
-430,2151,-728,-1670,1936,569
-420,2174,-751,-1858,359,784
-379,2195,-712,-1240,1636,150
-358,2186,-702,-17,2519,-605
-368,2172,-701,699,1650,-945
-367,2217,-628,1479,3380,-1030
-353,2301,-569,2485,4570,-1341
-303,2348,-539,4174,4637,-2039
-235,2351,-492,4148,4263,-1954
-223,2317,-356,3833,1260,-1310
-248,2285,-182,2966,-810,-657
-254,2230,-17,1610,-1891,-262
-232,2143,127,1196,-1796,-470
-217,2047,206,1056,148,-751
-195,1966,241,820,1963,-551
-183,1920,206,518,1651,120
-182,1934,114,210,685,1744
-160,1970,44,-71,-1287,2628
-143,1991,-12,-618,-3973,2568
-130,2014,-36,-1539,-5133,1956
-108,2006,-51,-2621,-2161,1216
-127,1945,-60,-2118,-981,1051
-132,1901,-113,-2174,-1107,1454
-69,1882,-135,-1963,-80,1376
22,1880,-129,-1242,2058,1098
87,1892,-180,-1146,3972,1084
113,1941,-185,-668,4341,1032
112,1978,-221,86,4412,349
99,1949,-260,339,5283,-58
76,1919,-262,905,6782,-5
-3,1887,-310,1219,4315,121
-26,1858,-340,1574,3968,29
-45,1873,-326,2116,2961,-161
-62,1906,-301,2325,2868,-211
-93,1926,-300,2001,1946,-345
-84,1914,-332,1093,2968,-231
-134,1892,-315,1020,420,126
-131,1968,-318,405,-94,20
-64,2075,-283,-188,2822,-250
-64,2136,-281,-1216,1524,-52
-95,2144,-299,-1671,1032,171
-148,2121,-264,-1749,1843,442
-196,2128,-252,-1588,-295,547
-193,2171,-231,-1761,-527,736
-179,2154,-250,-1758,-1101,731
-141,2130,-273,-1807,-208,471
-122,2125,-303,-2262,-426,289
-122,2131,-290,-2231,415,366
-148,2138,-247,-2772,-533,773
-160,2102,-255,-2825,-2687,432
-128,2072,-292,-2852,-2202,-69
-107,2093,-213,-3679,-94,51
-193,2100,-126,-3389,-3494,590
-132,1963,-387,-2368,-5734,-340
-26,1967,-409,-3128,-5068,-531
13,2045,-117,-4348,509,-307
-155,2081,-108,-2949,-6359,749
-61,1916,-415,-2487,-5712,244
-3,1944,-297,-2920,-3678,-34
6,2047,26,-3001,-298,408
-104,2014,-136,-1144,-8482,948
38,1872,-375,-1268,-2806,1025
121,1879,-248,-2256,-2005,794
89,2030,123,-1450,-4455,977
5,2098,54,829,-3984,817
12,1923,-221,33,1484,504
44,1819,-128,-1857,2592,206
124,1916,156,-1329,-777,-174
146,2031,201,-1284,153,228
34,1986,118,-980,2898,335
-34,1901,184,-1300,2598,-41
8,1913,234,-439,1443,-793
43,1938,200,-766,1634,-1304
35,1932,210,-1126,2028,-2103
-44,1898,285,-805,-862,-1995
-67,1932,318,-2311,-1397,-1135
-80,1975,391,-2521,-2074,-926
-99,1937,476,-3217,-2128,-376
-97,1911,574,-4237,-2387,90
-79,1884,629,-4241,-1567,657
-187,1873,500,-3377,-4667,1221
-153,1841,392,-3206,-2231,913
-112,1782,342,-3095,-815,717
-114,1796,268,-3000,-1306,921
-86,1890,227,-2861,-437,1012
-97,1994,179,-3071,794,628
-172,2094,107,-1611,-106,457
-191,2175,31,335,2110,1008
-221,2199,-99,1371,562,1169
-164,2243,-111,2296,1521,361
-137,2267,-117,3055,1207,-224
-147,2282,-128,3481,820,-452
-195,2305,-118,3697,1326,-632
-270,2334,-128,4034,1266,-790
-308,2349,-147,4535,1183,-786
-300,2345,-171,4401,835,-849
-290,2340,-195,3970,633,-878
-316,2341,-243,3885,249,-839
-360,2341,-296,3696,-870,-601
-338,2293,-316,3508,-1383,-510
-226,2207,-311,3377,-219,-811
-115,2116,-291,2731,1779,-1286
-104,2015,-273,2456,2296,-1616
-169,1937,-273,2455,2030,-1265
-234,1913,-267,2216,1772,-812
-306,1947,-266,1988,1063,-398
-317,2014,-286,1749,1107,-137
-262,2057,-300,1194,550,-167
-218,2068,-291,1150,-320,-202
-223,2073,-291,923,-1161,-132
-233,2072,-271,831,-1521,-85
-237,2068,-234,759,-1372,16
-243,2052,-230,418,-1021,-23
-248,2019,-220,497,-1074,-127
-245,2006,-203,268,-772,-217
-246,2018,-201,141,-672,-78
-237,2025,-200,94,-632,1
-236,2021,-209,54,-1161,50
-229,2028,-218,44,-1353,57
-213,2034,-218,94,-978,-4
-207,2028,-212,233,-1028,-137
-216,2018,-208,336,-1233,-182
-216,2014,-202,317,-869,-211
-201,2010,-202,376,-350,-278
-195,2005,-207,285,-180,-293
-189,2008,-214,389,-27,-305
-183,2017,-218,477,239,-275
-179,2026,-219,590,83,-215
-178,2028,-221,616,48,-200
-176,2041,-212,444,374,-227
-174,2050,-204,425,712,-228
-177,2046,-194,398,571,-161
-185,2043,-191,392,577,-90
-190,2046,-201,350,859,23
-185,2049,-214,250,850,46
-182,2049,-225,264,973,77
-193,2049,-230,349,720,133
-205,2048,-230,470,536,147
-212,2042,-236,443,589,177
-211,2036,-245,529,882,174
-212,2029,-259,643,877,173
-207,2029,-270,693,1187,153
-213,2031,-268,723,1116,185
-222,2036,-273,770,860,197
-228,2031,-285,857,527,248
-228,2024,-289,842,617,188
-228,2017,-292,923,705,83
-224,2014,-305,920,636,67
-221,2014,-313,1018,567,70
-220,2018,-316,967,708,82
-219,2025,-314,975,671,35
-214,2029,-317,939,573,0
-210,2028,-321,846,670,-33
-212,2026,-317,687,749,-90
-223,2028,-323,625,892,-96
-227,2024,-336,512,1010,-92
-231,2022,-339,506,793,-117
-230,2028,-349,253,820,-146
-230,2036,-354,299,573,-107
-230,2043,-353,268,31,-123
-235,2047,-353,109,190,-175
-234,2039,-345,-36,390,-184
-234,2027,-334,-124,116,-195
-237,2024,-333,-220,-38,-175
-239,2020,-332,-339,-102,-144
-236,2017,-330,-416,57,-141
-237,2024,-332,-623,12,-102
-235,2029,-341,-782,-149,-90
-225,2028,-337,-598,23,-72
-225,2028,-324,-569,-5,-27
-235,2031,-317,-563,310,-6
-242,2028,-315,-601,206,62
-245,2023,-314,-558,18,87
-247,2018,-313,-456,247,94
-244,2020,-315,-371,298,102
-237,2025,-313,-395,207,107
-236,2030,-312,-420,101,123
-242,2030,-312,-404,-42,138
-243,2026,-306,-403,-86,112
-244,2028,-302,-437,-12,99
-243,2027,-300,-453,-14,105
-243,2022,-298,-499,-18,107
-238,2022,-298,-488,81,103
-238,2024,-297,-486,88,88
-236,2027,-296,-386,87,72
-233,2029,-292,-341,208,36
-237,2029,-285,-382,268,21
-243,2031,-280,-390,-114,38
-240,2030,-279,-416,155,71
-235,2025,-277,-391,440,4
-236,2020,-276,-310,486,-2
-236,2024,-281,-291,85,54
-236,2028,-280,-248,25,78
-238,2027,-273,-254,344,34
-244,2026,-272,-300,381,14
-248,2025,-275,-169,93,9
-245,2025,-271,-127,131,19
-242,2027,-267,-210,235,40
-240,2027,-269,-134,240,34
-241,2027,-270,-111,195,22
-240,2030,-274,-113,154,32
-239,2033,-271,-97,169,66
-239,2030,-275,-153,248,26
-238,2026,-275,-224,338,48
-235,2027,-277,-213,185,73
-233,2026,-278,-128,181,105
-240,2026,-280,-64,184,149
-237,2030,-284,-77,355,126
-232,2031,-282,-75,389,106
-227,2031,-276,-52,404,130
-229,2032,-277,-36,331,119
-233,2028,-282,-9,357,114
-238,2022,-281,-3,437,116
-239,2026,-280,2,627,107
-240,2032,-282,47,645,97
-242,2036,-284,-68,496,46
-245,2037,-278,-67,308,36
-247,2033,-276,-32,155,72
-246,2029,-277,-59,313,39
-249,2025,-272,-86,375,-13
-249,2024,-275,-105,265,4
-252,2025,-275,-87,159,43
-252,2023,-277,-86,338,4
-251,2023,-279,-53,271,37
-249,2029,-279,-29,-2,44
-246,2035,-277,-66,198,4
-249,2031,-272,-118,457,-6
-252,2026,-272,-113,348,0
-254,2026,-272,-114,166,9
-254,2031,-271,-179,336,62
-258,2033,-275,-310,254,105
-258,2036,-277,-352,187,144
-253,2036,-274,-521,431,155
-251,2029,-262,-727,665,40
-254,2028,-273,-1040,739,132
-257,2019,-301,-948,952,323
-253,2001,-347,-524,1321,273
-244,1973,-406,-316,2084,437
-271,1939,-498,185,1204,636
-319,1901,-596,612,-1041,969
-340,1863,-634,560,-874,1279
-345,1862,-663,-23,31,1291
-360,1879,-699,-269,1085,1091
-382,1915,-751,-510,2325,878
-412,1962,-794,-489,2933,800
-449,2030,-848,-974,3369,867
-470,2097,-884,-491,3011,850
-461,2155,-871,84,5329,221
-453,2206,-873,572,5989,-609
-451,2245,-825,2269,4497,-1543
-470,2301,-764,3854,2073,-1968
-455,2362,-683,4791,1114,-2526
-403,2410,-570,4490,2201,-2844
-370,2398,-383,4411,1017,-2492
-321,2344,-199,3519,582,-1878
-289,2257,-36,2872,-319,-928
-276,2195,71,1831,-1194,-317
-255,2181,169,998,-1344,-44
-239,2150,193,364,-99,516
-241,2101,174,-434,-1059,1412
-235,2101,137,-771,-1901,2336
-227,2100,64,-1278,-3254,2831
-201,2082,25,-2539,-4855,2925
-146,2053,-5,-4278,-3230,2844
-139,2002,-22,-4431,-2590,3098
-171,1971,-46,-3696,-4008,3844
-101,1948,-105,-4070,-1246,3809
11,1911,-73,-4582,1821,3131
79,1916,-59,-3858,3267,2434
124,1916,-169,-3922,5325,2532
155,1890,-240,-3351,6126,2678
149,1900,-255,-2352,6223,2050
101,1891,-265,-381,6067,1640
8,1857,-298,640,3162,1878
-3,1833,-282,1271,6214,1656
-24,1817,-264,1917,6117,1099
-13,1809,-274,1996,4435,805
-8,1813,-269,2284,2867,543
8,1874,-223,2042,4358,372
-7,1940,-193,1245,4157,257
1,1959,-233,576,4594,251
-20,1986,-270,-288,2778,-14
-76,2001,-251,-373,-2168,-227
-27,2044,-163,-572,1064,-356
-26,2064,-124,-805,2703,-372
-107,2064,-113,-651,6,-109
-165,2074,-138,-368,-2472,-149
-103,2089,-173,-378,-2382,-510
-33,2126,-152,-858,-1745,-530
-38,2145,-130,-1035,-2757,-165
-19,2140,-161,-1629,-3167,-283
20,2144,-194,-1466,-1168,-452
-6,2151,-177,-2064,-913,283
-81,2122,-156,-2076,-3761,97
-71,2080,-219,-2197,-3440,-817
-8,2068,-177,-2665,-1940,-610
-66,2077,-53,-2782,-2443,113
-82,2018,-275,-1596,-6782,-176
103,2002,-360,-2770,-254,-688
31,2049,-101,-2582,-1904,-53
-106,2012,-190,-1285,-8393,-171
-12,1932,-399,-1875,-4902,-85
92,1943,-225,-3399,107,-389
-69,2013,68,-1190,-3310,19
-110,1977,-203,-564,-4509,268
2,1893,-364,-1673,-4465,367
140,1981,-72,-2078,-1899,-356
171,2112,148,-369,-970,-1015
106,2026,-86,-693,-172,-936
34,1883,-78,-2105,-334,-287
14,1894,140,-1273,-1414,-540
61,1996,263,-1124,-354,-875
-17,2004,149,-791,516,-765
-59,1955,163,-1771,927,-1042
-42,1971,297,-1455,881,-1277
-32,2007,332,-1082,162,-1044
-58,2025,316,-1902,539,-949
-98,1990,367,-2116,-510,-1225
-109,1915,424,-2116,-1344,-998
-91,1866,460,-2997,-1247,-578
-110,1833,517,-3012,-1526,-678
-131,1777,538,-3460,-1561,-498
-140,1747,579,-3501,-1332,-310
-187,1766,516,-3285,-3354,223
-153,1799,429,-2997,-3072,265
-94,1835,401,-3070,-1254,211
-85,1874,334,-2873,-187,345
-117,1915,270,-2102,-765,683
-161,1975,206,-1562,-506,782
-240,2071,179,-565,-1127,1084
-264,2196,127,-114,1163,1345
-263,2255,-6,1411,2106,1257
-243,2280,-103,2266,590,1075
-218,2304,-111,3102,-1868,773
-166,2291,-107,3804,-2265,256
-156,2248,-130,4157,-927,-321
-201,2205,-160,4479,324,-1102
-242,2187,-175,4453,1232,-1235
-268,2195,-177,4747,1059,-923
-303,2235,-217,5192,2313,-561
-440,2343,-335,5594,1451,-136
-537,2425,-451,6610,-3494,-98
-408,2382,-491,6851,-4825,-293
-142,2264,-478,6399,149,-713
14,2150,-440,5404,4680,-1817
-20,2043,-406,4123,6404,-2694
-191,1955,-376,2732,5200,-2177
-340,1901,-375,2149,2690,-832
-410,1891,-408,761,-1088,-241
-385,1896,-363,2265,-1149,-80
-294,1948,-333,1888,149,-58
-228,1993,-342,1723,438,-133
-234,2013,-380,1872,-274,43
-201,2026,-398,1820,160,240
-148,2043,-404,1615,1299,210
-125,2062,-395,1415,2226,-4
-153,2071,-374,1095,2618,-180
-227,2065,-364,828,2531,-300
-310,2051,-358,663,1921,-127
-326,2053,-337,334,1344,-61
-291,2072,-342,180,274,-60
-254,2086,-359,-184,-205,-116
-231,2084,-358,-202,-583,-134
-224,2073,-354,-392,-604,-133
-226,2057,-342,-622,-690,-155
-218,2031,-325,-533,-497,-173
-208,2009,-297,-712,103,-164
-211,2002,-269,-1116,4,-92
-216,2002,-256,-1196,204,-100
-214,2002,-250,-1127,523,-65
-208,2003,-253,-990,575,-19
-209,2008,-268,-712,549,11
-210,2018,-286,-579,560,55
-209,2023,-304,-371,492,72
-212,2028,-302,-269,401,99
-221,2033,-299,-64,72,141
-221,2038,-302,-17,182,149
-213,2033,-296,-16,229,117
-209,2029,-286,-55,384,113
-213,2027,-295,35,304,135
-209,2027,-302,89,431,143
-201,2032,-295,36,801,103
-200,2038,-292,75,935,89
-209,2030,-303,84,893,92
-217,2021,-306,68,861,156
-221,2025,-302,-13,718,140
-226,2022,-300,69,581,142
-232,2014,-311,-75,502,116
-223,2013,-316,-23,480,31
-211,2022,-315,29,366,-34
-210,2023,-314,102,410,-29
-220,2022,-319,104,286,-37
-223,2024,-321,92,118,27
-222,2022,-319,112,-17,76
-216,2022,-319,139,352,34
-211,2024,-321,149,372,37
-214,2021,-322,175,149,98
-219,2018,-326,131,211,182
-217,2019,-321,141,115,219
-212,2024,-322,127,-54,219
-201,2027,-328,106,91,220
-193,2031,-327,-1,208,188
-191,2035,-326,-126,152,130
-192,2035,-329,-65,109,135
-192,2033,-324,-79,185,136
-198,2033,-319,-80,135,140
-200,2034,-317,-163,290,111
-197,2036,-317,-224,353,57
-189,2035,-317,-327,517,-26
-194,2032,-313,-287,430,-7
-204,2034,-322,-230,330,36
-211,2039,-320,-211,443,26
-210,2044,-312,-302,662,-1
-216,2041,-309,-265,411,36
-228,2034,-317,-373,97,38
-227,2033,-312,-424,152,6
-226,2034,-300,-336,125,-36
-235,2029,-300,-341,-81,15
-242,2023,-299,-414,-166,29
-237,2025,-294,-373,-47,21
-230,2022,-292,-419,176,-1
-235,2017,-293,-349,236,12
-241,2013,-295,-296,-30,40
-235,2017,-298,-340,-26,74
-229,2020,-294,-274,82,55
-231,2017,-291,-260,2,40
-233,2015,-293,-279,28,20
-236,2013,-291,-213,32,34
-231,2015,-294,-166,121,29
-228,2018,-294,-161,111,-2
-229,2023,-293,-121,82,4
-232,2024,-293,-145,127,-2
-234,2026,-292,-106,96,15
-229,2032,-292,-67,62,5
-227,2035,-289,-104,-9,-14
-226,2029,-287,-92,74,11
-229,2027,-289,-117,220,-5
-225,2028,-283,-101,333,28
-219,2033,-284,-158,267,9
-221,2032,-287,-118,390,59
-231,2036,-285,-96,130,50
-236,2033,-284,-92,151,112
-235,2027,-282,-129,354,154
-231,2026,-280,-70,293,157
-230,2026,-284,-73,208,157
-231,2028,-285,-3,274,151
-232,2029,-284,2,264,144
-227,2031,-282,-15,261,115
-228,2030,-284,13,296,113
-232,2027,-284,81,228,97
-234,2028,-286,-20,218,133
-231,2027,-288,-61,432,159
-226,2027,-283,-95,432,195
-223,2029,-285,-42,315,185
-224,2026,-287,-40,339,173
-225,2027,-288,-52,425,191
-225,2031,-292,-68,433,211
-223,2032,-294,-43,400,202
-222,2027,-297,-60,583,207
-225,2024,-300,-76,389,243
-224,2030,-296,-13,366,214
-226,2034,-293,-46,430,212
-230,2030,-292,-41,404,226
-233,2026,-295,-16,336,255
-227,2025,-299,8,280,218
-218,2027,-301,-43,378,225
-218,2024,-299,-44,390,193
-225,2024,-298,-23,284,204
-223,2024,-303,-44,403,187
-217,2032,-299,-99,292,170
-213,2034,-296,-164,296,139
-219,2030,-300,-150,90,163
-221,2029,-303,-125,-23,166
-216,2038,-292,-181,144,147
-214,2042,-292,-552,285,162
-223,2036,-298,-682,-105,240
-234,2032,-301,-959,-319,332
-235,2031,-284,-1072,-58,309
-229,2032,-261,-1368,417,378
-217,2028,-273,-1609,276,474
-201,2018,-291,-1195,-338,511
-188,1992,-309,-1015,-448,690
-179,1954,-361,-955,176,885
-207,1907,-470,-797,379,1100
-243,1858,-589,-315,-35,1291
-265,1833,-699,84,-1032,1461
-271,1857,-750,253,-1637,1527
-269,1919,-756,-14,195,954
-276,1968,-783,-1004,1590,364
-306,2053,-793,-2413,3108,-139
-359,2195,-786,-2126,3924,-488
-425,2327,-814,-1016,2749,-828
-464,2374,-884,35,303,-1170
-496,2383,-829,825,1231,-1869
-487,2405,-726,1996,5027,-2893
-452,2442,-633,2779,4764,-3360
-401,2449,-486,4213,3613,-2250
-352,2389,-379,4765,1519,-1138
-265,2320,-240,4038,1580,-1141
-205,2228,-55,3024,950,-1140
-184,2142,105,2017,436,-676
-208,2091,175,1581,779,26
-244,2056,227,1220,1546,670
-274,2015,242,1149,1301,1237
-280,1998,176,821,517,2277
-288,2002,131,1007,-2479,3109
-266,2005,78,777,-3020,3019
-224,1960,5,615,-2094,2546
-187,1910,-52,313,-2259,2269
-130,1891,-94,-45,-1723,2218
-43,1888,-67,-387,-68,2159
35,1895,-91,-470,2475,1759
85,1884,-155,13,2995,1625
164,1863,-229,-932,6339,1560
195,1826,-312,-586,9065,991
169,1783,-410,415,8922,328
87,1756,-472,1087,8136,193
-42,1751,-533,1743,4134,564
-45,1766,-553,2047,4427,565
8,1843,-510,1189,7349,54
26,1892,-464,845,6091,-183
-8,1911,-435,972,3754,47
-74,1922,-410,1108,2332,338
-119,1974,-386,499,1817,291
-150,2031,-344,-390,1455,-38
-142,2060,-364,-1098,-228,-341
-91,2071,-336,-1520,320,-608
-133,2092,-288,-1747,-2598,-252
-167,2153,-188,-2281,-1722,-150
-193,2161,-172,-2432,-1804,-197
-154,2149,-207,-2231,-2656,-243
-112,2156,-209,-2818,-2240,-243
-121,2175,-168,-3014,-1472,-3
-129,2146,-208,-3151,-2090,-110
-105,2101,-256,-3691,-1686,-382
-115,2052,-263,-2783,-2791,-108
-157,2028,-257,-2929,-4375,205
-137,2016,-297,-2794,-4135,-469
-75,2008,-302,-2419,-3868,-522
-54,2026,-256,-2863,-3259,-384
-73,2031,-259,-3108,-4052,-253
-33,1969,-386,-1794,-5285,-162
21,1981,-457,-2317,-5827,-409
45,2043,-221,-2696,-2869,-300
-67,2054,-156,-1118,-5775,203
-31,1991,-299,-1757,-2805,96
63,1926,-293,-2930,417,-329
64,1946,-112,-1626,-2957,-302
44,2025,-3,-266,-5421,645
47,2052,-57,-1600,-1021,701
-29,2000,-17,-1778,298,-108
-68,1982,51,-2020,-2180,-161
-27,2005,110,-2514,-1853,-116
-62,1983,176,-1366,-2012,-592
-89,1981,171,-1712,-1709,-249
-72,1999,185,-2182,-184,-550
-84,1990,213,-3253,-137,-1218
-145,1961,342,-2581,-4695,-803
-143,1988,383,-3207,-3998,137
-154,1970,430,-2943,-4457,224
-141,1911,467,-3255,-4591,202
-82,1836,519,-3349,-3777,315
-25,1797,541,-3428,-2182,435
2,1760,501,-3093,-1663,634
-50,1711,438,-2472,-3150,1120
-51,1680,356,-2495,-2677,1384
-19,1669,295,-2415,-1205,1090
-25,1714,205,-2590,231,1074
-39,1797,170,-1895,-123,1237
-83,1944,124,-1542,1221,1459
-221,2109,60,-666,-279,2137
-236,2220,9,62,1746,2162
-238,2264,-88,1153,1749,2072
-216,2297,-149,2218,625,1662
-188,2332,-145,2918,-25,986
-201,2340,-137,3424,-1550,356
-200,2317,-138,3370,-251,-176
-213,2317,-181,3794,5395,-380
-408,2479,-341,7048,8152,620
-565,2631,-514,10553,2175,1234
-314,2578,-584,11531,318,547
63,2426,-595,9433,5182,-465
172,2208,-619,7396,5397,-2023
-33,1981,-598,5559,1378,-3599
-375,1810,-519,4043,-1454,-3490
-479,1752,-462,3163,-142,-2216
-354,1799,-443,1906,777,-1601
-189,1916,-411,1411,2688,-1639
-110,1983,-383,2437,1719,-1343
-116,1989,-412,1985,714,-1261
-195,2010,-456,1838,136,-766
-238,2067,-477,1557,-606,-563
-204,2116,-474,1310,626,-733
-169,2113,-447,1275,547,-746
-168,2100,-419,780,-147,-673
-218,2101,-383,459,-167,-580
-273,2093,-359,-75,-484,-367
-275,2064,-342,-666,-620,-51
-242,2041,-325,-625,-1028,7
-213,2040,-311,-633,-1372,10
-197,2057,-307,-1084,-738,4
-190,2070,-313,-1090,-170,-93
-182,2071,-337,-1015,-128,-131
-166,2055,-351,-835,112,-208
-169,2027,-337,-757,124,-97
-189,2016,-317,-844,48,6
-211,2021,-298,-963,-52,-20
-223,2027,-279,-1085,-164,-53
-223,2021,-273,-948,-96,-9
-208,2014,-277,-885,-230,8
-192,2018,-286,-832,-193,2
-195,2021,-295,-839,-564,27
-200,2018,-302,-750,-527,29
-194,2019,-300,-916,-282,-34
-182,2025,-290,-694,-100,-148
-183,2029,-278,-407,270,-151
-204,2024,-265,-61,-248,-43
-212,2022,-263,55,166,-28
-207,2021,-262,260,691,-128
-202,2021,-268,251,756,-152
-195,2022,-276,398,689,-96
-199,2021,-272,538,449,-50
-208,2027,-269,539,774,57
-221,2034,-282,501,612,89
-220,2032,-296,650,465,39
-211,2025,-299,626,764,22
-209,2024,-306,709,931,49
-221,2019,-316,785,678,91
-237,2015,-319,775,645,122
-241,2020,-322,744,741,125
-227,2027,-327,700,1061,67
-211,2024,-336,575,1229,2
-212,2022,-345,246,1061,23
-230,2024,-361,197,643,91
-240,2023,-366,258,564,92
-241,2022,-369,187,560,73
-230,2027,-375,127,210,75
-222,2031,-371,94,124,67
-221,2028,-360,27,260,89
-226,2023,-366,-117,19,142
-227,2025,-359,-72,-74,124
-221,2029,-353,-184,-63,179
-213,2028,-351,-296,145,195
-213,2024,-348,-255,-76,205
-214,2017,-345,-273,-30,190
-214,2013,-341,-307,285,234
-207,2014,-341,-410,366,285
-200,2017,-344,-442,480,327
-194,2020,-339,-355,719,304
-199,2021,-334,-285,606,310
-204,2027,-339,-277,570,305
-206,2033,-334,-213,366,269
-202,2037,-325,-218,522,246
-201,2036,-324,-182,296,215
-205,2035,-326,-99,25,174
-210,2033,-325,-185,199,135
-207,2032,-325,-193,263,156
-207,2030,-326,-96,63,150
-213,2030,-331,-302,-129,160
-210,2029,-333,-316,-102,109
-203,2024,-330,-224,-76,68
-199,2020,-330,-224,62,51
-206,2024,-327,-203,-165,6
-209,2026,-326,-201,-103,-3
-207,2020,-325,-195,-85,-5
-204,2020,-323,-178,-205,-70
-208,2027,-331,-296,-258,-103
-210,2020,-336,-235,-101,-141
-212,2009,-332,-138,-134,-129
-205,2018,-330,-114,42,-139
-203,2032,-329,-13,-5,-105
-211,2029,-329,-36,-12,-120
-220,2023,-323,-83,-102,-64
-219,2022,-316,-74,-249,-14
-218,2024,-315,-39,-341,7
-216,2023,-315,-97,-117,7
-217,2022,-310,-77,-120,0
-213,2019,-315,-115,-134,19
-210,2021,-319,-150,-27,66
-209,2026,-319,-108,174,47
-207,2026,-316,-41,213,17
-208,2022,-320,-11,350,44
-214,2021,-319,-7,184,52
-212,2026,-318,28,116,51
-217,2025,-318,54,266,19
-220,2021,-323,66,395,26
-218,2025,-321,94,343,20
-218,2028,-320,104,214,16
-223,2024,-324,142,271,43
-224,2018,-331,186,233,76
-219,2018,-332,163,298,26
-215,2019,-332,120,412,42
-216,2014,-335,202,424,60
-218,2014,-338,142,638,50
-223,2022,-334,168,468,38
-224,2033,-337,122,228,0
-223,2032,-341,68,406,4
-226,2021,-341,76,436,14
-226,2019,-343,16,579,33
-228,2024,-341,15,195,73
-232,2022,-347,92,126,109
-233,2021,-348,30,262,108
-229,2021,-346,36,319,77
-230,2017,-348,147,247,57
-237,2010,-349,165,194,75
-237,2012,-356,122,277,38
-230,2021,-353,151,404,-13
-231,2029,-348,88,352,-25
-240,2029,-343,101,41,-46
-243,2029,-343,56,-1,-26
-242,2033,-342,56,-77,-41
-243,2033,-339,-44,114,-71
-249,2028,-341,-137,-307,9
-246,2029,-343,-178,-322,20
-242,2030,-333,-182,-191,-12
-239,2026,-324,-167,-26,-30
-241,2014,-331,-169,-143,9
-243,2005,-333,-164,-34,-8
-244,2004,-329,-90,130,21
-243,2003,-334,-36,284,-7
-244,2001,-341,35,157,3
-244,2004,-345,47,102,42
-243,2014,-346,-2,221,21
-241,2019,-341,-148,555,-11
-249,2015,-313,-736,1088,-39
-272,2009,-302,-870,696,-112
-254,2011,-323,-751,414,-349
-249,2012,-377,-657,-814,-210
-248,1988,-432,-629,-907,123
-246,1932,-503,-1002,-8,517
-266,1872,-618,-786,-430,810
-263,1848,-709,-440,159,1312
-242,1840,-810,-608,957,1793
-260,1852,-903,-977,247,1626
-302,1915,-881,-2297,3028,1115
-351,2008,-876,-3736,3251,773
-364,2072,-898,-4688,4197,661
-434,2131,-914,-4936,4056,640
-519,2231,-912,-5395,1854,764
-511,2339,-819,-3969,3260,-237
-448,2412,-739,-3334,5165,-1728
-425,2408,-670,-985,5061,-2548
-445,2392,-605,786,3287,-2571
-428,2385,-450,2280,2322,-1617
-382,2380,-301,2655,1666,-956
-341,2320,-157,2398,1520,-757
-342,2214,13,2165,1379,-603
-341,2151,176,1738,690,-129
-355,2118,311,1447,-1624,427
-357,2120,395,929,-3257,1374
-339,2097,429,1094,-2976,2160
-317,2068,393,1002,-3096,2518
-283,2022,321,719,-2997,2830
-225,1982,254,-35,-3143,3003
-175,1950,196,-679,-3865,3009
-136,1907,163,-1572,-3641,3105
-115,1864,120,-2171,-3407,3264
-62,1840,64,-3092,-2038,3148
17,1824,52,-4060,-59,2570
80,1824,28,-3156,1378,2068
128,1834,-64,-3042,2393,1872
208,1859,-96,-2610,5253,1338
255,1920,-106,-2616,7667,762
228,1973,-136,-1991,9643,461
96,1933,-186,-677,7442,491
21,1886,-219,875,6770,332
-23,1849,-228,1071,5324,408
8,1842,-247,969,5711,573
39,1856,-249,932,5490,378
27,1863,-176,1209,4840,213
-21,1927,-127,1234,3912,-222
-78,1982,-160,603,775,-81
-79,2020,-134,1300,-876,-250
-50,2098,-25,177,1959,-602
-88,2128,13,34,1059,-874
-139,2126,26,-181,-467,-689
-194,2104,18,-506,-1438,-598
-225,2075,14,-449,-1813,-688
-247,2054,-32,-304,-4558,-1003
-232,2077,-18,-603,-5244,-759
-185,2077,-44,-512,-6744,-850
-93,2115,-93,-770,-4932,-1273
-79,2160,-74,-1196,-3513,-1059
-133,2156,-66,-1456,-4144,-515
-113,2069,-200,-204,-5648,-801
-38,2039,-240,-509,-2614,-1012
-47,2081,-120,-1161,-1947,-826
-28,2083,-121,-414,-2349,-200
75,1979,-378,-565,-1889,-134
110,1923,-262,-1293,1839,-130
-15,2011,68,-678,944,817
-60,2020,-169,962,-3328,631
36,1883,-424,-370,531,194
113,1901,-188,-1176,1465,82
46,2083,115,128,-1565,-205
6,2144,10,929,1560,-762
-79,2034,-119,-956,3288,-438
-125,1979,23,-942,788,358
-67,2057,152,-308,440,51
-59,2068,121,-468,879,-378
-122,1985,97,-1182,508,-570
-183,1945,210,-844,-2346,-897
-182,1996,262,-1352,-2449,-1358
-199,2029,292,-2601,-2284,-1531
-191,1998,387,-2586,-2515,-1589
-183,1943,472,-2173,-3398,-751
-159,1941,453,-3179,-2615,301
-153,1917,466,-3074,-2881,725
-123,1853,445,-3067,-2410,1021
-93,1783,446,-2689,-3921,1264
-31,1742,437,-2598,-3982,931
12,1714,439,-2723,-2702,560
-33,1712,360,-2614,-3984,791
35,1727,352,-3271,-841,594
63,1743,330,-3735,3544,-83
14,1792,271,-3451,5410,-591
-100,1854,176,-2180,4778,-159
-266,1939,93,-959,3395,465
-423,2100,9,968,1229,609
-461,2243,-43,2242,-257,484
-470,2357,-42,3598,-1306,460
-487,2458,-90,5051,-2906,190
-475,2546,-216,3930,-5218,38
-386,2563,-321,3650,-6677,-294
-273,2482,-322,3843,-5114,-773
-242,2388,-305,3614,-3934,-1200
-313,2291,-311,3580,-3667,-1380
-391,2202,-336,4070,-769,-1373
-540,2204,-453,5508,1,-1173
-604,2202,-550,6832,-3942,-718
-417,2168,-538,7155,-3594,-312
-117,2117,-496,7055,2183,-490
9,2029,-537,6387,3220,-1595
-101,1931,-554,4948,1419,-2048
-288,1886,-453,4502,1111,-1668
-395,1917,-384,3354,166,-1080
-372,1964,-360,2708,35,-561
-292,1969,-377,1171,1641,-234
-243,1964,-387,1023,2707,-675
-237,1975,-425,1254,2587,-811
-230,2009,-458,524,3212,-657
-227,2050,-477,29,3481,-341
-244,2053,-473,698,2822,-322
-260,2032,-457,956,2267,-229
-274,2015,-430,1293,2184,-246
-284,2012,-429,1359,1921,-248
-300,2007,-418,1234,1747,-180
-327,2010,-391,938,1296,-7
-344,2027,-379,763,1272,176
-332,2036,-383,648,1186,210
-303,2039,-397,524,1248,199
-293,2037,-409,564,859,121
-292,2025,-422,728,581,45
-281,2013,-428,559,1147,95
-272,2007,-417,443,1211,126
-268,2004,-406,294,1019,28
-269,2001,-398,-67,834,21
-271,2000,-402,-469,285,34
-278,2003,-400,-646,-322,-5
-279,2005,-393,-518,-281,-115
-270,2016,-391,-579,4,-135
-248,2028,-401,-857,352,-139
-245,2024,-409,-810,105,-156
-262,2013,-416,-760,-116,-99
-268,2009,-418,-668,-159,-2
-258,2007,-407,-435,-350,58
-247,2009,-394,-297,-98,61
-247,2007,-386,-271,229,38
-254,2005,-375,-302,75,74
-257,2002,-374,-218,-37,96
-255,2000,-383,-204,-77,140
-244,2005,-386,-235,290,78
-246,2009,-384,-103,502,124
-253,2001,-395,43,594,107
-261,1992,-405,89,571,142
-250,2001,-398,123,886,139
-238,2011,-393,232,1220,77
-249,2011,-404,296,1022,104
-267,2005,-415,271,888,182
-272,2004,-414,273,984,196
-276,2008,-412,374,645,162
-271,2008,-418,427,694,106
-268,2010,-420,305,913,73
-270,2015,-420,369,532,48
-266,2014,-423,374,359,61
-261,2001,-421,243,420,85
-263,1995,-416,234,384,44
-267,1997,-414,341,-20,59
-265,2002,-415,210,63,52
-261,2007,-409,128,363,25
-256,2006,-407,112,239,40
-256,2003,-408,158,51,67
-261,1996,-413,119,138,76
-257,2002,-414,44,226,63
-253,2010,-418,107,284,75
-252,2005,-424,82,287,96
-253,2001,-425,102,333,84
-249,2006,-425,72,441,113
-249,2005,-421,73,534,143
-252,1997,-429,145,565,127
-252,1993,-444,195,485,125
-245,1997,-447,178,929,100
-237,2000,-449,166,1230,72
-240,2000,-458,196,1099,68
-252,2004,-464,138,885,85
-262,2009,-462,115,557,86
-256,2005,-462,115,656,40
-253,2001,-464,24,861,30
-251,2010,-465,-122,933,20
-252,2015,-462,-148,726,27
-258,2009,-459,-195,507,-44
-267,2003,-463,-318,199,-65
-269,1998,-459,-240,-10,-59
-258,1995,-455,-380,104,-84
-258,1993,-457,-324,-64,-152
-265,1995,-460,-386,-320,-52
-269,2000,-459,-424,-610,38
-266,1997,-450,-380,-569,-1
-269,1997,-438,-414,-352,-20
-263,2001,-429,-403,61,-24
-261,2004,-424,-328,224,-38
-275,2001,-420,-419,-157,-24
-276,2001,-422,-433,-300,21
-264,2002,-416,-460,49,8
-260,1999,-412,-383,262,-21
-261,1991,-417,-372,543,-46
-262,1987,-424,-345,715,3
-259,1992,-421,-385,747,3
-257,2006,-413,-390,709,-4
-263,2012,-418,-417,574,9
-271,2007,-423,-417,440,-8
-274,2003,-420,-440,301,-14
-269,2005,-419,-336,419,0
-269,2009,-419,-376,398,-38
-279,2009,-417,-315,249,-15
-281,2011,-416,-353,162,21
-275,2016,-410,-410,160,-38
-277,2019,-398,-410,107,9
-281,2013,-396,-466,147,11
-278,2006,-395,-525,63,-19
-271,2007,-389,-549,-232,-27
-273,2007,-385,-557,-177,5
-278,2008,-384,-535,-74,20
-279,2014,-388,-509,187,3
-277,2013,-388,-470,143,-10
-278,2007,-383,-486,81,3
-282,2004,-384,-407,-232,82
-285,2008,-384,-373,-158,71
-283,2011,-375,-288,261,26
-284,2012,-370,-198,81,66
-289,2007,-367,-87,-138,62
-289,2000,-365,-72,-39,63
-286,2001,-365,-49,142,41
-288,2006,-369,-128,71,17
-288,2005,-368,-28,145,-29
-283,2001,-365,-27,268,-30
-279,2003,-366,-34,268,-41
-278,2011,-367,-66,523,-66
-281,2016,-368,-18,425,-58
-293,2019,-381,-173,20,31
-295,2019,-379,-159,294,26
-290,2018,-373,-187,479,-3
-287,2017,-372,-186,305,-29
-288,2010,-374,-212,295,1
-291,2006,-370,-194,383,15
-292,2010,-373,-205,471,-11
-290,2014,-375,-239,543,-21
-293,2013,-368,-390,707,-8
-297,2013,-358,-811,1177,-102
-299,2017,-354,-1169,915,-116
-294,2018,-358,-1046,1007,178
-296,2015,-386,-1041,889,453
-298,2003,-435,-732,939,527
-296,1980,-508,-790,1010,650
-286,1949,-581,-779,930,855
-289,1905,-656,-932,962,1225
-294,1878,-715,-1042,1325,1465
-308,1870,-767,-1341,1745,1477
-316,1871,-812,-1778,1386,1191
-338,1873,-834,-2052,1267,888
-370,1877,-887,-2360,225,690
-417,1902,-931,-2911,-288,681
-463,1963,-944,-4187,-730,801
-430,2058,-913,-5395,1569,502
-367,2165,-810,-3692,4695,-572
-333,2241,-744,-2616,6806,-1395
-342,2281,-707,-402,6813,-2114
-376,2335,-710,1927,5961,-2738
-405,2419,-645,2655,5533,-2686
-444,2481,-477,3188,3793,-1629
-447,2488,-291,2806,1769,-645
-452,2433,-123,2343,511,-21
-454,2330,59,1802,98,-7
-476,2201,225,1515,-2293,-148
-475,2116,325,1436,-2038,283
-451,2051,350,1133,-1862,1317
-397,2037,348,937,-2223,2075
-343,2023,289,643,-2705,2748
-300,1984,207,95,-3387,3294
-263,1963,129,-529,-3615,3345
-272,1932,57,-998,-4782,3140
-249,1901,-11,-1364,-3977,2877
-192,1867,-73,-1338,-4286,2743
-147,1867,-146,-1186,-6005,2776
-84,1905,-134,-1405,-4236,2232
-35,1946,-145,-2374,-334,1429
-16,1951,-196,-3506,1621,1152
12,1902,-292,-2407,898,1008
47,1855,-263,-1460,2145,1322
21,1857,-262,-919,405,1704
28,1881,-219,-1513,2864,1443
72,1890,-149,-1691,7164,1163
67,1899,-134,-1525,6832,1075
44,1914,-88,-1346,5998,1109
76,1919,-43,-1177,9726,1171
-1,1873,-111,-768,6068,1981
-66,1862,-245,-549,239,1605
-7,1949,-120,-357,5330,471
-45,2033,-84,-745,3000,155
-63,2065,-87,-206,339,116
-63,2090,-55,-48,-638,-317
-34,2101,-19,106,355,-698
-39,2097,8,-229,565,-610
-97,2064,-3,-278,-201,-572
-160,2010,-14,-209,-1940,-495
-158,1990,-60,-273,-3659,-868
-126,2030,-8,-697,-2833,-818
-137,2117,8,-1215,-4000,-793
-99,2161,-60,-1471,-3582,-405
-42,2136,-207,-1145,-4508,-787
-6,2156,-134,-2317,439,-1193
-198,2150,11,-2451,-916,-550
-235,2016,-208,-753,-7428,-331
-70,1942,-394,-750,-6253,-241
88,1954,-191,-1969,625,-669
-13,2058,69,-1683,-1009,112
-89,2011,-212,142,-6986,591
24,1908,-404,-832,-1406,136
63,1991,-33,-1744,-1015,-164
0,2146,132,927,-5045,183
34,2062,-129,200,400,287
-12,1917,-139,329,843,86
-32,1940,25,-719,1215,-619
13,1991,142,585,851,-747
-4,1984,26,-542,3506,-642
-8,1940,57,-654,4880,-1046
-34,1940,166,-440,-366,-1715
-46,1978,193,-838,-1166,-1905
-136,2006,242,-1919,-877,-1443
-210,2007,347,-2381,-1400,-1585
-217,1951,430,-1950,-3479,-1082
-169,1932,484,-2565,-2600,-670
-168,1930,508,-3174,-1846,-153
-211,1866,552,-3477,-3513,769
-208,1789,577,-3870,-4388,1463
-202,1742,518,-3206,-4643,1323
-159,1758,401,-3232,-4251,802
-96,1757,343,-2969,-3644,245
-79,1758,308,-3055,-1590,67
-82,1824,238,-2928,329,161
-63,1951,218,-3093,1452,391
-80,2051,175,-2108,2583,737
-208,2099,63,746,109,1240
-285,2180,-34,1822,314,1561
-324,2265,-69,2970,-98,1167
-333,2299,-93,4180,-1339,875
-292,2307,-102,5423,-1058,537
-265,2314,-140,6728,43,266
-261,2314,-194,7849,877,1
-268,2309,-230,7939,1380,-203
-281,2302,-273,7696,727,-289
-289,2281,-329,6783,-216,-462
-305,2218,-358,5411,-525,-785
-302,2129,-361,4601,164,-1354
-291,2087,-416,4652,1949,-1505
-306,2126,-513,5263,2622,-1134
-289,2167,-619,5202,2564,-689
-231,2145,-660,5347,2647,-437
-172,2092,-698,4339,3795,-858
-182,2025,-725,3151,3997,-1543
-261,1981,-698,2434,2548,-1670
-332,1969,-646,2158,1083,-1352
-351,1972,-613,1552,-527,-1139
-338,1980,-597,-189,-1294,-1033
-327,1983,-512,148,-551,-749
-341,1979,-481,377,-2659,-555
-299,1991,-454,-425,-792,-410
-246,2008,-444,-135,1381,-347
-238,2025,-482,-1123,483,-233
-232,2009,-481,-558,60,-210
-225,1996,-438,-633,1460,-169
-262,1997,-416,-388,677,25
-296,2004,-407,-389,288,155
-316,2020,-392,-1220,-666,375
-292,2021,-359,-1060,-1223,462
-252,2020,-341,-1101,-701,569
-232,2027,-325,-1013,-722,619
-222,2029,-324,-849,-689,666
-218,2020,-326,-843,-331,694
-204,2016,-325,-1045,171,694
-190,2018,-323,-856,256,562
-187,2016,-324,-780,707,440
-194,2005,-314,-693,1031,345
-204,2009,-316,-684,1058,280
-214,2013,-328,-478,1303,204
-217,2016,-326,-358,1565,43
-221,2023,-323,-318,1191,-51
-220,2036,-324,-386,807,-105
-211,2038,-323,-399,867,-187
-212,2030,-316,-291,783,-184
-226,2023,-309,-328,633,-96
-240,2020,-303,-343,455,-68
-235,2020,-302,-363,635,-97
-223,2018,-304,-486,455,-81
-219,2012,-305,-373,494,-136
-226,2009,-308,-200,672,-98
-229,2014,-313,-161,930,-65
-232,2026,-316,-74,692,-30
-240,2030,-311,62,354,4
-244,2022,-317,38,180,-23
-240,2018,-317,87,222,-10
-236,2022,-313,124,348,-72
-233,2027,-318,113,631,-53
-233,2026,-318,146,636,-19
-232,2028,-318,86,669,17
-231,2030,-323,118,565,10
-231,2027,-330,192,604,8
-232,2031,-335,116,681,13
-235,2036,-337,113,447,-1
-235,2036,-328,34,362,37
-241,2031,-319,-21,362,102
-250,2024,-317,-73,109,100
-248,2022,-320,-64,167,56
-244,2021,-316,19,186,92
-243,2019,-329,-92,159,97
-239,2019,-333,-107,91,87
-230,2026,-323,-110,256,72
-232,2028,-320,-189,173,110
-248,2023,-324,-186,-122,164
-254,2021,-323,-286,-159,197
-244,2022,-319,-419,-174,192
-227,2022,-312,-336,66,161
-220,2023,-307,-377,379,178
-226,2020,-312,-377,290,224
-229,2022,-311,-477,303,293
-231,2024,-305,-405,88,356
-228,2023,-297,-460,18,356
-228,2021,-298,-529,-91,415
-222,2014,-305,-329,-126,365
-215,2007,-310,-298,353,266
-210,2009,-312,-271,904,271
-212,2020,-316,-167,859,281
-223,2034,-321,-155,974,290
-238,2045,-319,-149,708,267
-240,2052,-323,-336,239,235
-227,2044,-317,-278,138,189
-215,2036,-311,-133,120,124
-218,2034,-313,-276,-57,138
-222,2033,-307,-250,105,154
-226,2030,-296,-234,222,154
-228,2024,-302,-210,290,180
-225,2021,-306,-174,148,182
-222,2022,-302,-144,-21,199
-221,2019,-299,-131,-29,247
-214,2016,-293,-61,140,225
-209,2018,-293,-155,283,221
-208,2022,-297,-76,277,167
-211,2021,-299,-7,418,118
-215,2024,-299,13,331,143
-215,2029,-296,-18,345,133
-216,2036,-294,-16,180,145
-214,2035,-293,-20,295,177
-216,2032,-296,8,329,169
-210,2037,-299,-72,446,141
-204,2036,-299,-59,394,133
-208,2033,-295,-65,327,150
-213,2033,-299,-53,138,160
-213,2034,-304,-116,14,131
-210,2032,-300,-152,233,120
-204,2028,-300,-84,383,82
-205,2028,-300,-80,368,108
-210,2029,-299,-123,323,150
-213,2029,-299,-87,295,175
-212,2025,-298,-35,369,173
-209,2023,-300,-31,392,131
-206,2023,-306,19,540,132
-205,2028,-305,16,555,148
-206,2029,-302,55,483,133
-210,2027,-306,59,323,164
-210,2028,-311,32,231,137
-207,2030,-310,28,284,88
-203,2028,-308,27,373,76
-206,2024,-310,65,291,40
-209,2026,-311,112,334,72
-204,2031,-310,161,508,50
-199,2032,-306,136,542,45
-202,2029,-304,84,382,86
-209,2028,-312,69,173,131
-210,2030,-316,59,209,72
-202,2035,-319,-4,364,41
-201,2036,-317,-45,433,36
-206,2039,-319,-31,398,53
-208,2041,-319,-59,408,71
-211,2035,-317,-84,275,43
-215,2030,-312,-35,220,64
-214,2032,-314,53,144,57
-211,2035,-315,12,334,7
-207,2041,-309,-59,640,-49
-211,2034,-313,-114,417,-20
-220,2025,-319,-180,162,50
-223,2020,-313,-122,323,47
-222,2016,-310,-193,393,-11
-227,2014,-311,-270,77,30
-224,2023,-309,-415,89,68
-214,2033,-308,-447,301,5
-209,2028,-315,-441,538,-27
-215,2016,-322,-402,438,19
-219,2015,-328,-368,309,102
-221,2021,-325,-468,362,127
-223,2031,-317,-661,255,130
-224,2029,-315,-601,-79,129
-220,2025,-320,-605,-49,171
-211,2029,-316,-628,238,187
-209,2028,-311,-642,124,112
-215,2027,-315,-698,-76,187
-216,2034,-312,-730,80,158
-215,2038,-301,-759,239,94
-223,2033,-295,-861,53,145
-228,2027,-293,-983,51,212
-223,2027,-286,-1030,248,210
-213,2032,-285,-1169,636,221
-219,2026,-293,-1354,898,218
-224,2009,-306,-1447,1429,204
-220,1990,-329,-1487,1359,285
-210,1970,-358,-1417,1008,344
-206,1942,-387,-1471,877,391
-203,1894,-431,-1199,1333,614
-210,1862,-492,-763,1189,728
-216,1894,-535,-716,779,624
-242,1939,-577,-449,158,469
-280,1958,-648,-267,-2227,406
-315,1954,-686,-180,-2091,308
-358,1987,-696,-302,-7,93
-376,2082,-717,-129,1849,-319
-374,2170,-775,16,1928,-455
-373,2234,-813,189,3349,-492
-384,2264,-790,1893,3738,-997
-404,2286,-793,3212,2830,-1346
-403,2332,-748,3577,3566,-1510
-399,2407,-660,5265,2819,-1443
-361,2488,-527,5052,2029,-1177
-337,2441,-386,4390,-52,-1017
-327,2336,-188,3534,-260,-774
-334,2271,-6,2782,-1061,-312
-321,2222,134,2272,-671,-477
-324,2195,233,1893,-476,-265
-334,2168,274,1744,-1429,714
-350,2150,260,2038,-3039,1950
-318,2130,166,1842,-2065,2388
-271,2090,86,1671,-2372,2294
-234,2032,-9,1394,-2913,2180
-196,1976,-75,784,-2915,2258
-168,1931,-126,265,-3194,2371
-114,1888,-140,-668,-2241,2088
-55,1840,-133,-514,-1753,1923
35,1825,-201,-732,389,1584
127,1845,-276,-1929,3094,964
244,1872,-307,-1724,7970,53
179,1815,-404,-650,5777,898
78,1751,-490,-1069,3858,1729
67,1748,-492,-1815,8346,1063
90,1744,-453,-1116,10407,706
57,1773,-414,-313,8496,916
6,1856,-410,-973,7930,503
6,1935,-358,-1464,10717,162
-5,1940,-412,-1435,10016,1179
-125,1896,-534,-993,-1474,1900
-122,1954,-400,-321,-1218,1225
-80,2044,-249,-1141,2139,158
-90,2111,-195,-1338,1905,244
-135,2122,-186,-958,-1228,377
-127,2120,-174,-1186,-722,31
-88,2085,-176,-1543,-86,23
-95,2041,-180,-1901,-1272,50
-113,2010,-195,-2026,-2671,-76
-111,2006,-209,-1949,-4300,201
-68,2048,-216,-2477,-4999,-219
-7,2103,-195,-2840,-1613,-888
-21,2124,-204,-3172,-2094,-414
-68,2111,-236,-2495,-4545,-219
-112,2094,-282,-3146,-5026,-474
-106,2078,-323,-2641,-5414,-661
-62,2073,-239,-2698,-5374,-267
-32,2019,-299,-2474,-5155,-565
14,1985,-299,-2841,-3656,-968
29,2041,-181,-3254,-2018,-527
-19,2078,-129,-2101,-4113,217
-4,2001,-262,-2271,-5348,373
81,1946,-299,-2539,-1967,284
93,1982,-36,-2438,-3274,238
19,2092,36,-306,-3609,192
-12,2009,-226,-645,-545,99
22,1880,-240,-1512,1325,-201
33,1953,19,-1609,-1808,-120
49,2100,123,289,-1005,-232
-19,2067,-1,68,3,-288
-87,1960,23,-1077,-1465,264
-47,1955,166,-557,-1475,-17
-9,1994,194,36,-1166,-548
-44,1985,191,-503,-2200,-754
-108,1959,288,-328,-4647,-751
-99,1975,316,-599,-3261,-609
-83,2001,327,-1036,-3211,-906
-75,2018,377,-1732,-3156,-1231
-75,1980,432,-2375,-3987,-778
-53,1921,485,-2843,-3087,-487
-27,1853,520,-3364,-1882,-477
-25,1764,525,-3100,-2355,-401
-43,1673,488,-3851,-3050,69
-58,1610,476,-4400,-1849,101
-89,1613,376,-4948,-2592,284
-13,1649,362,-5371,1245,-214
-16,1738,311,-5161,4751,-690
-70,1868,212,-5051,5786,-79
-131,1989,59,-3569,7047,1103
-273,2182,-85,18,4365,1248
-400,2381,-182,1487,983,1386
-418,2494,-169,2629,-1787,1676
-392,2554,-183,4122,-3524,1063
-368,2521,-236,5340,-3087,-53
-362,2458,-293,6090,-2238,-600
-333,2425,-326,6751,-2028,-521
-327,2383,-350,7177,-2906,-483
-376,2321,-378,7499,-4448,-554
-429,2250,-422,7549,-4671,-915
-436,2154,-472,7309,-3514,-1512
-375,2067,-503,6795,-1948,-1809
-276,2008,-511,6467,-813,-1709
-183,1966,-487,5992,857,-1401
-145,1930,-472,5504,2658,-1215
-149,1901,-481,4912,4662,-1449
-189,1890,-485,4024,5440,-1778
-224,1916,-486,3450,6792,-1693
-246,1952,-488,2641,6930,-1396
-248,2009,-473,1565,6635,-1183
-278,2070,-466,1162,6769,-1147
-304,2092,-478,443,6365,-1154
-308,2093,-528,-1290,6846,-1298
-327,2111,-513,-856,4590,-631
-327,2119,-471,602,2862,-532
-336,2102,-460,448,1723,-479
-343,2066,-464,213,894,-432
-330,2042,-455,373,-575,-281
-321,2042,-425,-201,-1976,-141
-308,2035,-388,-259,-3164,-31
-291,2029,-372,-1631,-3478,150
-260,2014,-351,-1846,-2755,52
-228,2001,-319,-1417,-973,-59
-214,2003,-314,-1152,244,-11
-235,2015,-329,-1025,-16,113
-254,2025,-340,-1074,-184,182
-258,2028,-334,-1133,-48,226
-253,2031,-319,-1128,-192,221
-243,2030,-311,-1028,-249,187
-233,2028,-300,-963,17,164
-230,2028,-287,-853,134,138
-229,2026,-288,-1057,321,133
-235,2011,-294,-832,217,184
-233,1997,-293,-625,782,190
-225,1992,-299,-416,1000,126
-220,1997,-309,-219,1082,44
-217,2003,-318,3,1340,91
-222,2005,-317,136,1394,86
-237,2011,-322,250,1270,141
-242,2016,-332,279,1585,85
-241,2015,-331,330,1644,22
-244,2014,-337,267,1507,50
-249,2016,-345,397,1120,97
-250,2023,-344,300,1316,70
-258,2033,-341,311,1172,67
-256,2035,-349,211,712,111
-252,2028,-353,263,574,117
-249,2027,-341,74,691,107
-250,2033,-334,-34,469,113
-250,2029,-337,-29,248,147
-244,2023,-337,-80,614,112
-237,2023,-334,-202,685,89
-246,2028,-335,-216,169,154
-255,2028,-340,-238,159,198
-257,2028,-343,-215,-1,184
-251,2028,-342,-208,-230,234
-242,2029,-343,-249,-329,275
-230,2030,-337,-210,-93,245
-226,2030,-334,-261,-46,230
-230,2029,-327,-272,-290,211
-231,2033,-323,-373,-115,248
-224,2030,-319,-438,167,225
-218,2026,-320,-561,137,193
-221,2019,-323,-491,43,225
-221,2019,-322,-457,113,247
-219,2024,-317,-440,130,238
-219,2028,-312,-383,212,265
-216,2024,-316,-293,398,280
-213,2019,-324,-240,291,203
-213,2020,-327,-313,411,141
-218,2022,-331,-223,237,137
-217,2023,-331,45,186,96
-224,2027,-325,67,445,101
-233,2034,-313,93,510,98
-230,2040,-310,181,511,92
-228,2039,-310,117,332,78
-234,2031,-309,91,266,2
-236,2022,-306,20,356,12
-232,2017,-304,-18,482,-6
-232,2016,-303,-22,393,62
-232,2020,-303,-50,415,86
-233,2021,-306,-102,694,37
-229,2018,-309,-124,640,44
-227,2014,-314,-92,512,11
-233,2014,-313,19,453,76
-241,2017,-317,-17,406,88
-233,2023,-320,73,505,21
-232,2026,-318,164,597,42
-236,2021,-324,89,684,67
-239,2016,-329,148,683,47
-237,2016,-331,209,606,50
-231,2025,-330,191,782,18
-231,2033,-334,179,720,48
-237,2031,-336,162,538,28
-241,2027,-334,23,656,42
-242,2028,-333,-41,519,51
-239,2026,-331,-121,528,51
-246,2024,-334,-272,371,31
-254,2026,-334,-348,-13,84
-251,2034,-330,-317,-118,114
-251,2037,-321,-437,40,64
-253,2036,-318,-442,24,66
-253,2033,-318,-509,-69,92
-254,2029,-317,-499,-309,65
-251,2028,-314,-489,-367,69
-248,2031,-310,-504,-462,74
-250,2032,-308,-554,-544,90
-253,2029,-301,-553,-503,94
-251,2027,-301,-554,-315,106
-245,2028,-298,-584,-190,136
-241,2025,-293,-569,-323,128
-239,2022,-292,-573,-354,152
-238,2025,-291,-560,-320,194
-239,2029,-287,-497,-332,220
-236,2027,-283,-509,-202,221
-235,2017,-278,-382,-95,232
-232,2016,-277,-404,-100,253
-229,2024,-279,-369,-204,295
-227,2022,-278,-252,-162,294
-229,2015,-280,-174,-40,269
-223,2017,-285,-169,203,246
-214,2026,-282,-104,265,206
-214,2027,-281,-160,396,206
-222,2025,-283,-93,290,238
-221,2029,-283,-88,364,227
-219,2029,-280,-57,376,140
-221,2024,-284,-40,312,133
-226,2024,-293,42,-6,191
-227,2030,-290,15,60,199
-230,2035,-283,-25,255,153
-227,2037,-279,-1,203,177
-227,2031,-281,74,104,218
-226,2030,-282,112,139,210
-224,2028,-280,114,119,189
-222,2028,-282,-10,112,186
-225,2026,-284,-49,87,195
-223,2027,-278,-39,134,205
-223,2028,-277,-95,301,221
-223,2027,-278,-40,368,224
-219,2025,-280,-10,186,164
-215,2025,-278,-27,242,171
-217,2029,-281,-57,357,183
-218,2034,-279,-25,297,190
-218,2038,-282,-40,293,216
-214,2035,-283,-113,456,207
-215,2034,-287,-179,421,230
-214,2035,-291,-222,489,273
-212,2033,-294,-273,681,329
-210,2029,-294,-482,851,379
-213,2029,-293,-847,959,413
-216,2029,-286,-1120,1358,418
-229,2023,-281,-1537,1753,459
-231,2016,-297,-1886,1522,512
-214,2010,-320,-1768,1654,642
-209,1989,-363,-1454,1959,804
-208,1948,-435,-684,1033,936
-203,1904,-528,81,39,1221
-192,1863,-621,455,749,1185
-213,1831,-707,158,880,1145
-230,1830,-763,-214,1181,780
-229,1849,-780,-515,1379,575
-229,1894,-786,-1092,1909,334
-268,1973,-850,-1528,-1996,476
-318,2087,-871,-1481,-3166,152
-377,2243,-816,-1802,-709,-329
-384,2347,-793,-1269,938,-744
-401,2385,-781,-690,610,-1253
-387,2433,-716,789,2779,-1915
-348,2499,-682,2156,3799,-2538
-362,2523,-614,3418,2924,-2066
-392,2543,-491,3586,1760,-1207
-378,2518,-325,2761,1307,-463
-369,2398,-149,2274,-242,-299
-351,2282,42,1627,-1347,118
-345,2179,226,1323,-3371,597
-318,2114,346,1620,-3962,1115
-263,2063,383,1893,-2445,1334
-251,2015,370,1925,-2264,1362
-258,1991,309,1792,-2629,1543
-263,1962,235,1963,-3911,2533
-217,1926,141,1793,-4471,2804
-166,1892,100,1497,-4439,1870
-169,1871,46,1129,-4346,1307
-157,1861,-40,-181,-2893,1171
-85,1839,-100,-1272,-1084,769
3,1818,-148,-978,-142,541
101,1826,-181,-1096,2424,410
189,1868,-210,-1575,5205,-22
253,1876,-252,-550,8610,-298
201,1812,-329,544,7261,-8
86,1780,-411,823,4497,528
26,1745,-470,1043,6497,420
11,1750,-464,1362,8380,135
32,1810,-431,2081,7267,335
60,1884,-385,1788,6618,743
45,1958,-340,1572,6642,815
-12,1974,-359,1485,6265,1082
-136,1980,-356,1865,1558,1510
-176,2057,-309,1059,1967,1014
-144,2108,-292,161,1992,354
-73,2148,-252,-370,1858,53
-32,2163,-204,-1204,2281,373
-50,2141,-223,-1232,865,640
-88,2119,-232,-1808,1165,264
-143,2089,-255,-1990,-35,-257
-207,2078,-283,-2073,-2818,-88
-228,2061,-293,-2364,-5285,-84
-174,2084,-318,-2860,-6123,-705
-76,2137,-255,-3304,-1265,-737
-91,2133,-269,-3237,-3176,-69
-103,2093,-339,-3154,-5353,-556
-144,2104,-314,-3395,-4337,-536
-159,2075,-286,-3280,-5688,-162
-102,1976,-350,-2774,-5924,-154
-23,1946,-346,-3060,-3208,-175
-30,1995,-218,-3129,-3939,365
-99,2015,-192,-2023,-8667,780
-2,1914,-438,-1866,-4842,318
93,1914,-311,-3118,-1632,140
44,2071,-8,-1986,-5239,534
3,2130,-164,6,-2594,254
38,1946,-303,-1703,-308,678
79,1903,-97,-2443,-405,641
37,2032,92,-459,-2128,142
-19,2085,11,3,-178,25
-83,1984,-75,-390,782,352
1,1941,-15,-546,805,355
124,1992,80,209,923,-132
112,2009,75,244,705,-276
18,1981,67,-411,557,-882
-53,1941,178,-642,-576,-1403
-91,1913,221,-655,-1594,-1126
-66,1936,277,-1623,-1057,-782
-58,1980,356,-2180,-818,-964
-70,1961,435,-2480,-998,-707
-93,1884,464,-3098,-1413,-25
-95,1820,491,-3760,-1356,380
-78,1751,492,-3750,-1883,464
-61,1677,509,-4008,-3031,504
-131,1623,437,-3493,-3039,351
-137,1627,310,-3898,-1042,301
-44,1633,267,-4362,2895,-467
-27,1731,210,-5404,6495,-997
-89,1946,85,-6316,7817,-539
-204,2163,-44,-2934,6711,585
-388,2343,-176,152,-76,1166
-404,2447,-200,1290,-764,1092
-330,2476,-185,2575,-1407,647
-286,2480,-205,3829,-2495,-561
-306,2438,-210,4095,-3376,-963
-329,2391,-172,4086,-3572,-423
-340,2344,-169,3157,-2905,-36
-373,2292,-229,2380,-306,-278
-531,2347,-377,4405,1186,109
-666,2416,-526,6118,-1972,-117
-495,2327,-620,7181,-4118,176
-124,2208,-650,7615,601,496
91,2086,-630,8225,4355,-762
5,1966,-623,8385,3892,-1944
-301,1876,-579,7742,-230,-1826
-533,1846,-491,6964,-4019,-1138
-509,1868,-396,6008,-3994,-536
-352,1901,-354,4978,-1461,-467
-203,1925,-369,4060,-905,-818
-124,1963,-378,3326,-1236,-809
-116,2010,-393,2770,-322,-718
-133,2043,-467,2333,2420,-311
-157,2050,-566,2068,3074,-59
-180,2053,-622,1570,2308,-42
-210,2073,-636,1217,1806,-306
-246,2062,-637,842,1165,-509
-260,2050,-601,244,1269,-462
-279,2065,-566,-251,1178,-436
-293,2065,-532,-805,353,-411
-296,2058,-541,-2072,-114,-395
-295,2062,-503,-2499,-1820,23
-279,2032,-456,-1127,-3205,-38
-248,1997,-451,-1187,-1973,2
-232,1967,-449,-1092,-858,-30
-242,1960,-452,-950,-1077,139
-242,1967,-442,-903,-1172,168
-234,1970,-429,-1024,-904,187
-229,1972,-407,-960,-527,228
-236,1974,-413,-1002,-392,209
-245,1973,-421,-849,31,191
-248,1985,-402,-840,-14,140
-250,2006,-384,-679,-247,132
-247,2021,-384,-492,-231,154
-249,2022,-368,-347,-415,177
-240,2025,-362,-274,-64,142
-231,2030,-362,-158,13,132
-225,2026,-368,31,53,165
-223,2020,-376,-28,402,168
-231,2013,-375,49,422,214
-221,2014,-370,70,690,122
-210,2016,-366,55,1058,44
-217,2008,-364,13,1296,26
-230,1999,-371,116,1003,12
-226,1999,-373,16,1740,-35
-238,2005,-369,-75,2046,-114
-249,2008,-381,-93,1851,-58
-250,2012,-384,-114,1485,0
-252,2020,-379,-256,1350,-80
-256,2022,-385,-402,1480,-202
-262,2011,-384,-465,1229,-210
-264,2009,-380,-474,811,-164
-266,2019,-390,-763,460,-117
-269,2018,-389,-634,368,-131
-270,2016,-385,-693,201,-134
-264,2021,-387,-757,-31,-115
-255,2027,-382,-699,-186,-93
-257,2027,-368,-683,-216,-14
-263,2026,-368,-746,-245,38
-262,2027,-359,-790,-75,52
-254,2022,-347,-772,-7,41
-254,2022,-347,-648,-280,97
-253,2020,-349,-546,-173,186
-249,2019,-342,-543,125,207
-251,2023,-337,-518,38,211
-254,2026,-341,-424,-115,202
-250,2020,-337,-361,-101,222
-246,2020,-332,-350,40,199
-246,2024,-330,-356,-41,224
-242,2021,-328,-320,54,154
-239,2013,-326,-205,159,103
-241,2014,-331,-149,-142,141
-237,2022,-329,-77,86,146
-239,2024,-321,-96,300,99
-247,2018,-327,-103,184,61
-241,2010,-329,50,171,84
-234,2011,-322,43,473,51
-242,2013,-320,115,378,20
-254,2011,-326,203,237,73
-249,2005,-333,230,498,30
-238,2010,-330,275,543,-1
-239,2019,-333,376,373,38
-244,2010,-340,453,731,54
-248,1999,-349,479,714,33
-243,2005,-343,551,484,32
-243,2016,-344,678,524,51
-247,2013,-358,656,644,80
-246,2011,-363,625,923,32
-250,2014,-367,600,866,16
-251,2011,-373,667,716,47
-244,2008,-380,666,897,93
-243,2016,-381,667,792,92
-249,2027,-387,650,959,42
-254,2018,-398,630,888,50
-248,2013,-400,503,830,39
-245,2019,-401,492,666,53
-253,2019,-404,454,528,95
-259,2015,-411,383,662,76
-251,2008,-416,361,880,39
-244,2009,-411,299,867,32
-250,2011,-418,304,193,69
-255,2008,-429,293,147,129
-251,2007,-425,157,501,52
-243,2011,-415,253,654,17
-244,2014,-417,185,515,95
-252,2011,-422,164,403,114
-258,2008,-426,82,256,86
-255,2012,-425,13,119,46
-252,2010,-429,-71,16,72
-248,2006,-425,-67,71,103
-248,2008,-423,-88,-79,92
-249,2012,-427,-139,77,46
-245,2007,-432,-128,63,37
-244,2006,-429,-60,-38,67
-246,2008,-425,-67,60,66
-248,2010,-429,-54,113,59
-249,2007,-425,-83,120,21
-253,2008,-425,-152,-122,68
-250,2008,-425,-153,-97,71
-245,2005,-422,-36,7,60
-245,2003,-418,-14,125,57
-247,2003,-418,0,231,62
-247,2004,-417,-63,159,58
-239,2008,-417,-60,310,26
-234,2004,-418,74,338,14
-238,1999,-420,-21,472,51
-248,2002,-419,-20,381,57
-244,2008,-419,-26,580,21
-237,2002,-422,9,758,1
-240,1998,-432,-65,542,-27
-240,2009,-437,-19,373,-8
-241,2017,-435,-36,549,-4
-243,2011,-433,-68,832,12
-243,2003,-433,-43,793,9
-249,1998,-434,-25,631,46
-253,1997,-432,-32,639,64
-254,2001,-431,-93,840,76
-253,2008,-437,-135,1128,29
-253,2014,-427,-325,1689,-8
-258,2023,-412,-575,2404,-20
-262,2041,-427,-565,1641,43
-264,2058,-447,-534,421,-31
-263,2060,-452,-739,-350,90
-267,2058,-490,-1064,-1574,482
-297,2053,-548,-1614,-2262,751
-339,2023,-620,-1588,-3978,897
-344,1976,-665,-2033,-4849,1416
-333,1936,-676,-2538,-2953,1770
-347,1913,-699,-3053,-2087,1721
-380,1902,-732,-3332,-2722,1817
-382,1903,-773,-4618,-1026,1745
-385,1906,-813,-5327,-621,2271
-394,1939,-791,-5503,-561,2156
-385,1983,-734,-5003,832,1681
-375,2013,-720,-4821,1357,1407
-359,2039,-697,-3952,2740,983
-341,2096,-664,-3418,4405,407
-308,2165,-648,-2295,5122,-318
-274,2209,-621,-1022,5950,-1132
-268,2219,-617,488,6560,-1660
-313,2237,-596,2177,4467,-2328
-306,2300,-564,2671,6150,-2813
-318,2338,-479,3522,5665,-2727
-322,2351,-337,2550,5165,-2424
-330,2299,-149,2642,4236,-2127
-372,2226,21,2165,3536,-1549
-391,2184,208,1434,2828,-878
-393,2143,350,1187,1093,-226
-354,2103,427,1076,1110,622
-322,2057,441,913,43,1663
-318,2031,439,1162,-2480,2591
-297,2010,377,1183,-2244,3011
-274,1966,301,860,-2702,3061
-235,1937,234,489,-2956,2888
-227,1931,157,435,-3494,2995
-190,1912,59,429,-3071,2773
-107,1859,-43,-83,-2118,2477
12,1831,-120,-336,28,2024
122,1861,-122,-776,3064,1418
157,1922,-129,-551,4758,1067
150,1911,-242,-871,5753,599
145,1870,-321,-1056,5682,44
95,1910,-294,-303,5030,113
-35,1908,-326,-425,2336,348
-130,1829,-377,-32,918,-91
-114,1849,-312,-66,3454,-743
-146,1914,-245,347,1661,-586
-136,1917,-244,-657,1127,-569
-83,1937,-231,-1343,3307,-493
-78,1973,-218,-883,2092,-247
-106,2002,-224,-784,-550,-42
-109,2017,-173,-1163,941,249
-141,2054,-114,-1114,1014,-31
-185,2077,-84,-1129,-144,-49
-222,2079,-93,-759,-2948,270
-194,2086,-96,-509,-3508,109
-137,2120,-81,-623,-2573,-291
-104,2135,-79,-878,-2385,-176
-81,2126,-102,-1248,-1685,145
-97,2130,-116,-1356,-1909,323
-68,2125,-152,-1457,-879,47
-98,2134,-163,-1688,-1081,-55
-142,2116,-165,-1650,-2206,333
-159,2092,-159,-2154,-2875,306
-111,2031,-207,-1787,-2047,-65
-122,2048,-207,-1433,-2983,299
-123,2004,-262,-1654,-6836,681
-45,1995,-297,-1243,-5847,304
9,2018,-245,-1894,-3546,-101
-43,2041,-100,-1312,-4421,565
-32,2028,-231,-524,-6039,613
68,1963,-332,-1145,524,234
5,1958,-116,-1178,-3796,578
-39,2039,27,64,-4239,1006
15,2007,-114,-566,-765,574
33,1915,-91,-1710,97,660
69,1965,87,-380,-812,410
108,2040,69,-332,2968,-559
27,1983,54,-818,1904,-328
-15,1964,81,-315,219,167
33,2003,131,-2,851,-310
7,2010,178,-171,1557,-786
-117,1992,217,530,-3147,-645
-160,2033,254,-376,-3271,-750
-177,2041,292,-882,-2430,-1115
-157,2008,373,-1234,-3111,-1257
-125,1971,443,-1271,-3441,-581
-53,1949,492,-2061,-2470,139
-17,1904,521,-2552,-1808,545
-47,1823,516,-2555,-2613,1152
-58,1743,515,-2652,-2872,1402
-74,1687,432,-2808,-2311,1268
-5,1667,358,-3502,-875,1102
89,1665,354,-3717,424,465
100,1718,327,-4193,3052,-165
-3,1797,188,-3186,4058,288
-143,1920,34,-4457,5198,1480
-321,2071,-77,-1351,2072,1464
-344,2202,-94,335,863,568
-273,2255,-123,1827,891,496
-264,2295,-160,3181,548,379
-314,2310,-203,4559,-930,52
-355,2330,-207,4606,-2154,188
-347,2355,-201,4538,-2224,416
-422,2540,-259,8688,2892,1493
-675,2826,-531,10587,-2375,11
-542,2571,-759,10730,-10059,-2339
-21,2314,-851,9137,2226,-824
293,2141,-915,7968,10659,-920
187,1927,-961,8611,6702,-3205
-304,1747,-934,8853,-4524,-3849
-667,1728,-797,7649,-7274,-2065
-674,1826,-655,6046,-4915,-1559
-497,1931,-538,4456,-2460,-1752
-294,1962,-440,4248,-2140,-2140
-131,1938,-411,3896,-1251,-2097
-86,1913,-458,2967,2029,-1792
-161,1968,-527,2929,2776,-1385
-257,2045,-598,2709,775,-880
-288,2063,-630,2257,549,-684
-296,2072,-657,1166,1653,-837
-329,2071,-673,503,932,-736
-366,2049,-645,111,-499,-489
-375,2036,-573,-344,-783,-192
-349,2041,-530,-830,-732,46
-302,2050,-527,-1621,403,162
-257,2052,-534,-2834,2018,-158
-249,2053,-533,-3411,1610,-284
-238,2027,-536,-2792,1441,-2
-239,1988,-514,-1572,112,172
-256,1984,-519,-1873,-75,12
-271,1985,-523,-1160,-136,90
-273,1988,-500,-1223,-316,315
-274,1997,-467,-1316,-401,428
-274,1997,-449,-1214,-572,315
-267,1995,-433,-1453,-411,226
-269,1989,-425,-1379,-527,375
-256,1985,-435,-989,-363,328
-241,1981,-434,-807,339,228
-249,1984,-433,-614,494,158
-257,1993,-437,-397,487,223
-257,1989,-437,-233,600,190
-265,1979,-433,-180,665,149
-273,1977,-435,32,596,29
-267,1980,-436,110,1059,-22
-267,1983,-435,178,924,-71
-278,1984,-437,254,517,-70
-274,1987,-434,175,914,-154
-267,1987,-432,138,1251,-252
-281,1983,-447,238,634,-242
-292,1976,-457,365,342,-124
-291,1976,-451,269,801,-117
-286,1981,-454,286,816,-159
-286,1986,-464,175,707,-149
-290,1992,-466,113,558,-83
-287,1998,-463,117,723,-61
-285,1992,-462,148,849,-57
-288,1986,-462,154,692,1
-288,1990,-461,123,526,97
-284,1999,-458,143,606,141
-287,1995,-466,117,685,167
-295,1997,-472,92,322,206
-289,2003,-476,112,288,231
-273,2002,-477,99,525,225
-261,2003,-478,-153,721,172
-266,2000,-475,-172,428,126
-277,1996,-478,-145,32,177
-277,1993,-475,-43,-1,205
-274,1994,-472,-91,573,139
-272,1993,-472,-53,846,69
-265,1993,-474,-47,738,118
-268,1996,-474,-36,530,199
-277,1995,-473,-44,365,250
-282,1987,-478,-45,326,221
-279,1982,-489,-219,172,185
-265,1984,-491,-79,334,135
-262,1990,-485,36,239,164
-268,1998,-479,24,308,175
-277,2001,-474,74,135,217
-280,1999,-471,84,-308,222
-272,1997,-473,27,-80,202
-262,1995,-467,19,266,134
-260,1993,-468,30,195,145
-262,1995,-471,-35,135,189
-260,1997,-466,-75,213,226
-256,1993,-465,-103,280,216
-253,1981,-470,-15,304,174
-250,1976,-476,-21,461,179
-246,1983,-474,11,646,157
-246,1984,-477,43,738,131
-249,1980,-488,108,791,95
-253,1983,-495,111,791,98
-253,1991,-498,84,756,75
-250,1988,-502,142,837,-26
-251,1985,-500,105,918,-74
-256,1987,-504,156,754,-58
-260,1991,-505,240,415,-18
-263,1995,-502,121,664,-82
-266,1996,-492,99,694,-121
-270,1994,-503,14,335,-55
-271,1991,-504,-31,49,-20
-269,1994,-488,-16,186,-26
-266,2001,-480,-21,267,-37
-270,2001,-485,-58,74,-19
-275,1997,-488,-167,-96,18
-273,1992,-486,-191,-101,34
-273,1987,-481,-68,-33,52
-274,1985,-485,-98,-13,65
-272,1986,-488,-75,-129,87
-265,1984,-490,-70,-11,93
-271,1980,-497,-110,-53,97
-272,1976,-500,-7,-22,89
-268,1979,-499,29,102,104
-267,1981,-496,77,202,70
-265,1979,-496,141,442,16
-267,1977,-495,149,516,22
-273,1985,-497,165,339,62
-275,1992,-497,49,333,61
-274,1994,-493,53,340,57
-268,1995,-497,14,380,4
-264,1994,-498,9,497,-1
-269,1990,-496,-34,505,42
-267,1989,-495,-106,436,58
-265,1991,-496,-152,515,2
-269,1986,-493,-137,453,40
-276,1985,-500,-227,105,75
-275,1992,-505,-231,32,46
-271,1992,-498,-218,347,40
-269,1988,-492,-241,427,58
-273,1990,-494,-169,249,42
-276,1988,-497,-155,262,23
-277,1986,-493,-182,316,34
-281,1988,-495,-225,106,71
-282,1989,-499,-254,159,70
-278,1988,-497,-179,245,62
-279,1990,-492,-143,233,104
-281,1992,-490,-188,267,104
-282,1994,-488,-247,106,112
-278,1996,-487,-282,170,119
-275,1995,-486,-284,280,131
-278,1991,-486,-359,355,127
-286,1991,-493,-558,157,178
-285,1998,-484,-695,387,166
-283,2007,-472,-878,496,187
-280,2015,-469,-1136,449,171
-276,2023,-472,-1147,435,99
-268,2033,-480,-959,-192,-13
-260,2034,-507,-1255,-896,170
-275,2018,-541,-1258,-1687,415
-280,1996,-583,-1594,-1550,478
-300,1958,-655,-1488,-3887,882
-289,1919,-677,-1696,-3484,1357
-289,1891,-686,-1987,-1565,1311
-295,1870,-717,-2478,-613,1226
-291,1873,-736,-2646,-8,1273
-281,1910,-729,-3348,893,1475
-293,1949,-713,-3972,2094,1271
-329,1948,-719,-5341,2596,1393
-375,1944,-706,-6103,4131,1338
-428,1975,-657,-5078,3505,1235
-456,2020,-644,-4603,2659,1246
-440,2035,-657,-3577,2809,1146
-395,2043,-654,-2541,3746,1033
-359,2060,-634,-1995,4419,510
-374,2081,-619,-571,2586,114
-347,2104,-605,330,4362,-413
-331,2134,-583,1612,4071,-1169
-327,2186,-575,3068,3594,-1963
-319,2228,-550,3666,3979,-2630
-337,2247,-479,4136,4295,-2631
-382,2238,-342,3828,3307,-2212
-396,2234,-157,3615,3017,-2033
-402,2261,14,3776,2047,-1484
-373,2266,148,3723,1320,-455
-337,2254,238,3372,904,-75
-315,2233,286,2792,518,208
-310,2185,266,2156,645,889
-342,2164,254,2369,-1472,1859
-346,2167,175,2474,-1592,2909
-325,2098,72,2596,-3015,3282
-272,2023,-9,2229,-3581,3245
-222,1979,-106,1808,-3451,3075
-195,1951,-174,1287,-3249,2532
-151,1910,-203,949,-2622,1829
-19,1873,-258,99,19,1524
140,1847,-274,-580,2070,1521
205,1881,-317,-787,3336,973
213,1919,-392,-1723,5974,-49
199,1927,-449,-2735,8936,-737
87,1887,-492,-1144,4890,-459
-12,1825,-518,-773,3103,83
-82,1795,-542,-785,2344,34
-51,1802,-483,-1439,4035,18
-29,1839,-419,-1069,4360,56
-48,1860,-445,-1536,2927,63
-24,1887,-445,-2436,5490,-152
-84,1869,-531,-2085,-586,678
-80,1896,-489,-972,-3715,998
3,1992,-328,-1608,3306,-168
11,2053,-239,-1895,5296,-336
-68,2084,-201,-1506,3097,684
-178,2089,-194,-1570,587,1148
-199,2063,-238,-1336,488,401
-194,2063,-240,-1268,-1133,-18
-192,2083,-228,-1467,-2673,-43
-187,2100,-215,-1652,-3898,305
-118,2099,-236,-2072,-2323,1
-83,2102,-228,-3124,64,81
-128,2051,-206,-3133,304,411
-285,2037,-231,-3077,-8130,902
-261,2003,-352,-2211,-11128,744
-79,2041,-328,-2623,-4612,-31
-4,2126,-169,-4188,-1146,-173
-109,2106,-245,-2243,-6877,159
-64,2025,-463,-2887,-5747,-436
16,2027,-321,-3172,-2663,-460
8,2102,-64,-2243,-4472,624
43,2060,-326,-1204,-2936,919
90,1927,-383,-2699,-301,623
50,1920,-162,-2444,-1655,503
-13,2012,47,-1388,-3553,665
60,2027,-146,-939,509,790
67,1942,-103,-1921,107,415
64,1984,22,-1658,225,-56
86,2062,105,-1513,-115,-230
73,2059,101,-1780,1622,-180
-8,1977,157,-1034,-772,-379
-30,1962,163,-1060,-534,-367
-39,1975,177,-995,-209,-787
-60,1969,218,-2035,271,-952
-110,1970,321,-1863,-2254,-606
-130,1994,375,-2189,-3128,-125
-121,1976,440,-2318,-3384,-277
-95,1912,503,-2290,-3470,-307
-46,1847,551,-2639,-2670,-105
-12,1821,552,-2558,-2207,71
-20,1816,532,-2423,-2464,236
-29,1765,514,-2314,-2855,497
-18,1696,500,-2568,-1200,427
-52,1674,395,-1986,-2621,362
56,1661,348,-2075,1948,-468
69,1671,283,-2343,5080,-1258
-30,1782,218,-2705,5952,-1251
-180,1980,160,-1517,5142,71
-309,2142,55,436,1490,1164
-319,2235,-15,1583,1165,1111
-333,2316,-108,3069,923,891
-350,2354,-182,4294,-931,431
-354,2341,-196,4875,-2889,160
-330,2314,-195,5266,-2084,-211
-341,2304,-235,5458,-1514,-122
-333,2340,-294,6782,2157,389
-462,2545,-472,10138,2957,1261
-546,2630,-603,12083,-1105,-522
-389,2445,-731,10618,-4161,-953
-118,2251,-811,8722,-719,-642
23,2083,-823,7107,4500,-2029
-128,1892,-783,6363,2789,-3130
-413,1749,-693,5844,-3292,-2340
-528,1731,-583,5444,-4320,-1158
-431,1819,-509,4147,-822,-871
-288,1911,-487,3280,1386,-1153
-190,1934,-502,3279,-3,-1374
-141,1920,-545,2752,262,-1463
-134,1933,-598,1867,2347,-1355
-137,1988,-646,1220,3417,-1145
-155,2030,-673,934,3704,-1120
-180,2053,-691,-126,5017,-1339
-225,2062,-688,-840,5445,-1356
-309,2065,-646,-460,3644,-1083
-389,2048,-601,-256,1622,-888
-405,2041,-587,-792,217,-570
-368,2058,-572,-1214,13,-591
-341,2088,-524,-1478,-2162,-144
-323,2096,-480,-2140,-4581,102
-268,2064,-439,-1549,-2501,-113
-241,2019,-438,-1764,-516,-186
-251,1996,-466,-1809,-906,-26
-253,1976,-460,-1367,-1093,124
-254,1963,-431,-1355,-1228,207
-267,1960,-413,-1055,-1338,362
-289,1968,-404,-868,-1240,506
-297,1967,-385,-740,-859,468
-285,1965,-381,-636,-454,470
-259,1983,-392,-858,-89,428
-238,2003,-387,-530,23,329
-243,2005,-386,-368,-208,318
-251,1986,-386,-171,-173,308
-249,1979,-389,-36,258,222
-238,1980,-395,198,579,150
-231,1974,-401,309,823,96
-242,1978,-410,444,1134,60
-258,1994,-420,565,1092,67
-255,2005,-419,633,985,-39
-247,2006,-418,660,796,-119
-254,2004,-429,766,992,-143
-268,1998,-438,754,1159,-222
-274,1998,-439,602,1045,-283
-272,2001,-438,673,990,-294
-268,1997,-442,704,1162,-254
-272,1991,-449,764,912,-252
-262,1991,-462,742,1296,-353
-254,1981,-476,830,1546,-404
-258,1980,-485,828,1609,-354
-269,1991,-509,704,1297,-313
-274,1995,-518,747,1582,-287
-285,1997,-514,649,1499,-313
-286,1996,-512,586,1215,-241
-285,1996,-509,398,971,-188
-295,1997,-525,-51,615,-130
-303,1993,-537,-371,436,-65
-302,1987,-537,-184,244,6
-297,1987,-543,-422,-668,46
-277,1991,-542,-398,-600,79
-262,1991,-524,-252,32,106
-265,1996,-511,-334,685,148
-286,1994,-503,-340,171,137
-302,1983,-494,-217,-411,204
-298,1977,-491,-371,-3,275
-284,1983,-487,-452,144,271
-273,1991,-483,-350,180,250
-276,1988,-484,-320,88,261
-278,1987,-487,-227,20,224
-279,1993,-491,-294,-88,220
-275,1996,-489,-275,124,203
-281,1995,-489,-380,-100,210
-282,1990,-495,-404,-129,130
-281,1983,-497,-318,-269,131
-274,1990,-487,-340,-147,166
-276,2001,-479,-287,-160,123
-272,2001,-476,-285,122,53
-278,1993,-470,-331,-89,79
-280,1992,-469,-377,-327,101
-275,1996,-470,-319,-549,70
-273,1991,-468,-329,-14,62
-278,1982,-466,-340,110,-6
-271,1979,-464,-301,235,57
-269,1982,-455,-268,325,58
-275,1986,-455,-279,290,29
-281,1986,-459,-278,150,16
-274,1986,-462,-287,427,-61
-270,1986,-460,-210,407,-60
-276,1992,-459,-160,411,-41
-283,1989,-462,-123,490,7
-288,1990,-456,-135,597,-11
-294,1996,-457,-87,247,-6
-296,1997,-463,-3,178,7
-300,1992,-461,-160,215,11
-303,1995,-467,-39,-88,23
-299,2006,-463,-37,-5,71
-295,2012,-456,-75,79,50
-299,2008,-458,-186,-130,62
-301,2002,-454,-241,-250,103
-299,2003,-449,-338,-198,125
-302,1997,-446,-414,-269,91
-303,1985,-442,-387,-243,87
-292,1983,-441,-376,-43,134
-286,1986,-437,-437,141,147
-290,1989,-439,-436,-24,112
-284,1991,-441,-296,194,98
-280,1990,-440,-333,451,57
-292,1990,-445,-220,187,111
-297,1989,-451,-136,-67,144
-288,1989,-445,-157,318,136
-286,1994,-436,-133,380,108
-287,1996,-439,-104,245,131
-293,1991,-441,-76,157,114
-293,1990,-439,-30,189,94
-288,1996,-443,-38,163,121
-284,1998,-447,-10,276,85
-282,1997,-451,-60,349,78
-290,1997,-448,-57,157,104
-292,2003,-442,-65,300,100
-291,2005,-441,-96,535,68
-292,2003,-440,-70,433,43
-291,2001,-440,-112,300,80
-291,2001,-437,-105,307,132
-293,1999,-439,-123,385,125
-291,1997,-438,-68,503,105
-289,1999,-434,-111,442,143
-287,1996,-438,16,496,142
-280,1987,-441,54,705,160
-278,1986,-442,88,692,159
-285,1993,-440,153,445,175
-292,1993,-445,169,469,197
-291,1988,-452,205,597,132
-282,1988,-451,184,783,109
-282,1996,-451,163,605,144
-281,2008,-446,45,861,89
-284,2013,-428,-236,1214,38
-299,2019,-425,-404,806,80
-300,2022,-441,-485,196,159
-292,2019,-435,-561,97,132
-280,2021,-437,-514,7,164
-273,2023,-482,-759,-556,692
-279,2012,-526,-747,-730,1055
-289,1991,-578,-906,-781,1146
-295,1948,-645,-782,-1555,1421
-301,1884,-718,-360,-2227,1845
-316,1824,-771,-250,-1830,2088
-326,1800,-805,-491,-897,2076
-324,1805,-817,-934,-454,1991
-336,1816,-798,-1299,1022,1681
-339,1836,-798,-1946,2743,1384
-339,1866,-810,-2059,2948,1143
-359,1910,-837,-1655,3596,745
-416,1961,-894,-1165,3806,304
-424,2006,-978,-1523,4746,-241
-418,2038,-1028,-888,4794,-481
-422,2077,-1009,339,3785,-1035
-430,2129,-975,792,2863,-1782
-437,2177,-932,2132,2379,-2255
-446,2253,-871,4153,1627,-2752
-420,2359,-814,4356,2427,-3494
-369,2414,-667,4730,1494,-3290
-307,2379,-521,3039,1381,-2753
-304,2299,-325,2146,1434,-2688
-318,2280,-132,956,2514,-2575
-337,2254,43,7,1494,-2279
-338,2224,189,-330,707,-1506
-346,2184,263,-50,-162,20
-351,2157,249,248,-869,1381
-328,2158,193,-138,578,1911
-302,2126,107,-561,426,2302
-266,2061,9,-998,-2007,2740
-211,2001,-72,-2054,-2353,2693
-223,1943,-118,-2592,-2757,2551
-253,1905,-131,-2913,-2374,2932
-226,1880,-216,-3466,-776,2951
-78,1843,-236,-4169,3389,2229
63,1860,-222,-4405,6561,1285
137,1904,-241,-3433,8878,1024
113,1864,-368,-2873,7813,1086
75,1807,-449,-2478,8217,847
-2,1785,-444,-1235,8161,633
-88,1732,-486,142,5269,475
-94,1742,-486,960,5423,345
-59,1791,-444,904,7149,26
-118,1809,-400,1420,3285,615
-109,1857,-412,842,2966,864
-71,1904,-368,698,5442,779
-82,1966,-320,313,5322,826
-156,2012,-273,-74,2373,910
-214,2034,-231,-386,1423,722
-257,2104,-223,-664,-2389,642
-235,2157,-180,-894,-2325,490
-201,2171,-153,-1661,-851,129
-194,2150,-211,-1572,-2448,29
-200,2139,-262,-1199,-5106,-133
-182,2179,-236,-1943,-4830,-439
-141,2175,-256,-2685,-4020,-877
-128,2157,-249,-3202,-3567,-864
-165,2133,-234,-3101,-4623,-611
-199,2082,-264,-2807,-6840,-541
-173,2035,-307,-2641,-8002,-674
-71,2045,-200,-3722,-754,-527
-68,2025,-219,-3246,-1576,-221
-47,2002,-313,-3062,-4085,-200
61,1960,-372,-2594,989,-307
39,1985,-201,-3906,3655,94
-110,2021,-138,-1807,-4375,890
-55,1964,-367,-1380,-3908,702
56,1932,-321,-2991,1439,207
35,2022,-31,-2503,635,761
-32,2114,6,-912,-2154,1579
-13,2025,-179,-899,1526,817
-19,1895,-106,-1669,1791,562
8,1933,36,-1539,238,888
39,1995,109,-639,-689,768
-35,1970,104,-615,-687,444
-115,1912,159,-908,-1160,493
-108,1901,190,-979,-1080,365
-88,1906,215,-1024,-3081,207
-63,1939,260,-1726,-3206,76
-67,1956,323,-1984,-2770,-191
-91,1927,367,-2390,-2131,-284
-123,1874,383,-2846,-3856,327
-116,1857,437,-2854,-5230,853
-47,1847,456,-2751,-3922,592
6,1793,472,-2445,-2505,68
32,1723,449,-2663,-1129,-299
27,1646,490,-3355,-1075,-442
-88,1591,463,-2358,-2630,-284
-87,1632,376,-3543,1392,-112
-57,1703,338,-3913,3643,-544
-118,1794,252,-3612,2755,-923
-162,1925,197,-2395,5637,-756
-278,2171,77,-296,4840,-201
-423,2489,-49,1673,2291,-100
-469,2631,-94,2191,-356,-181
-393,2630,-100,2928,-1497,155
-321,2604,-136,4283,-1672,-418
-352,2537,-283,3491,-3260,-1161
-382,2424,-321,4398,-3979,-1132
-375,2339,-307,4364,-2800,-429
-416,2280,-310,4822,-4015,-190
-460,2240,-281,5133,-4036,-482
-525,2205,-341,5683,-5231,-249
-535,2113,-429,6210,-8637,-17
-349,2043,-416,6956,-5454,215
-86,2030,-453,6920,-1962,105
41,1982,-502,7482,-1062,-328
27,1978,-536,6743,1831,-412
-67,2010,-557,5998,2750,74
-143,2018,-506,5058,2949,127
-187,2001,-454,4016,3858,124
-194,1965,-427,2817,4050,258
-197,1917,-489,1596,4583,-7
-206,1909,-516,1041,4987,210
-232,1929,-486,2591,2843,425
-213,1963,-494,2189,2478,551
-177,1990,-494,2242,4143,426
-181,2015,-486,2346,4333,16
-222,2030,-490,2246,2443,45
-239,2029,-480,2396,2065,201
-217,2011,-482,1899,3097,23
-205,1996,-497,1645,2918,-197
-219,2003,-507,1670,2000,-69
-227,2029,-538,1319,1214,112
-215,2053,-558,869,172,113
-161,2060,-554,596,354,-4
-115,2052,-549,137,1329,-259
-114,2047,-547,-363,840,-257
-133,2046,-541,-467,-40,-162
-150,2037,-525,-590,69,-49
-152,2013,-516,-366,742,-156
-161,1984,-541,58,-63,-271
-153,1977,-536,-21,-152,-274
-134,1984,-515,-91,382,-335
-131,1988,-505,-67,531,-356
-138,1984,-504,132,1071,-373
-150,1984,-525,96,947,-407
-149,1986,-540,-8,1471,-367
-157,1987,-546,84,1346,-188
-171,1992,-542,-110,680,-126
-183,1995,-534,-194,77,-274
-189,1991,-523,-43,-130,-365
-175,1998,-525,-338,-56,-428
-172,2012,-518,-901,319,-373
-179,2011,-504,-748,595,-346
-182,1997,-505,-827,931,-235
-181,2000,-503,-900,823,-212
-184,2011,-485,-666,204,-288
-192,2012,-478,-404,261,-199
-201,2005,-494,-674,-66,-156
-206,2013,-487,-904,-414,-193
-210,2015,-470,-813,-609,-151
-209,2007,-465,-905,-492,-36
-214,1997,-459,-815,-847,1
-219,1994,-479,-844,-2009,30
-202,1996,-478,-1072,-1342,15
-188,1995,-466,-1100,-607,-71
-181,1994,-455,-847,-429,-92
-179,1990,-461,-696,-272,30
-189,1988,-451,-642,-117,54
-206,1992,-433,-412,-392,-23
-215,1992,-433,-406,-511,61
-203,1995,-430,-389,-85,51
-195,2004,-419,-557,-10,-21
-196,2004,-425,-481,70,-47
-196,1997,-433,-370,317,13
-198,1999,-431,-366,350,1
-208,2004,-424,-350,219,10
-214,1998,-422,-98,128,11
-199,1989,-430,-107,576,-18
-189,1990,-424,-111,722,-71
-198,1996,-426,-10,398,-74
-207,1995,-434,-1,244,21
-207,1999,-427,-77,558,44
-210,2006,-425,-101,638,-51
-203,2006,-432,-78,922,0
-199,2002,-434,-80,842,6
-207,2010,-429,-52,411,-27
-214,2016,-430,35,219,-12
-210,2013,-434,54,328,-20
-202,2011,-429,16,428,-48
-210,2012,-425,28,254,-18
-219,2009,-431,22,241,58
-217,2008,-430,-18,604,66
-212,2016,-429,-21,378,-12
-215,2013,-436,9,-13,33
-215,2002,-441,-1,136,56
-211,2000,-440,-65,292,28
-211,2007,-438,-97,331,7
-218,2010,-439,-60,93,12
-218,2005,-444,-84,120,55
-209,2001,-445,-131,317,57
-211,2010,-448,-184,100,-11
-218,2016,-455,-230,4,3
-221,2012,-456,-156,-22,3
-218,2009,-452,-197,-4,-14
