40,1840,-975,166,86,-34
52,1834,-982,219,70,-75
62,1835,-993,282,194,-155
57,1833,-1001,294,375,-173
38,1835,-997,262,471,-126
27,1840,-985,233,384,-45
33,1843,-976,243,145,-5
50,1844,-976,226,37,-101
56,1841,-982,288,312,-182
44,1838,-987,312,412,-150
32,1837,-989,273,198,-92
32,1841,-983,214,255,-27
43,1842,-976,197,338,-60
52,1841,-977,207,373,-86
54,1838,-982,283,351,-121
46,1837,-987,327,398,-206
35,1840,-985,273,409,-182
31,1840,-978,276,358,-83
34,1844,-977,267,304,-48
38,1841,-982,232,255,-65
44,1837,-983,265,313,-115
47,1837,-985,306,317,-97
44,1839,-985,277,415,-110
42,1836,-982,342,429,-86
41,1837,-982,340,440,-123
44,1840,-981,279,419,-72
50,1840,-981,337,287,-74
55,1837,-984,373,330,-156
52,1838,-987,376,578,-253
45,1838,-985,308,469,-111
40,1839,-984,332,435,-87
40,1839,-984,285,345,-83
45,1835,-989,382,335,-137
53,1837,-991,333,629,-152
54,1839,-990,275,561,-102
47,1841,-986,310,591,-86
42,1843,-982,227,418,-90
41,1837,-984,339,173,-48
42,1830,-995,419,134,-126
43,1823,-1006,509,309,-231
49,1821,-1013,599,532,-237
60,1828,-1016,570,597,-207
63,1838,-1011,485,765,-212
54,1837,-1002,386,838,-207
40,1837,-991,416,652,-135
32,1837,-991,404,183,-80
36,1830,-992,422,58,-149
52,1828,-995,503,329,-218
65,1836,-1002,348,518,-246
71,1838,-998,187,663,-144
66,1833,-988,170,763,-106
56,1829,-989,295,541,-169
53,1825,-998,418,483,-268
50,1823,-1009,522,535,-308
48,1823,-1014,467,675,-312
47,1830,-1012,369,665,-287
52,1834,-1005,262,660,-175
59,1833,-998,201,565,-139
51,1828,-999,248,548,-167
33,1822,-1012,346,299,-205
22,1818,-1022,415,253,-241
23,1819,-1021,354,403,-195
32,1820,-1018,371,360,-170
44,1828,-1015,268,471,-174
52,1835,-1011,157,610,-145
53,1835,-1002,180,551,-96
46,1832,-1000,230,377,-92
32,1827,-1004,278,271,-107
20,1827,-1005,289,86,-87
20,1827,-1003,170,27,-23
32,1830,-1003,253,-97,67
51,1831,-1019,205,85,-40
61,1821,-1029,309,388,-114
61,1818,-1035,304,628,-156
51,1823,-1029,289,693,-113
41,1832,-1017,154,630,-49
31,1829,-1005,166,418,27
25,1826,-1002,295,106,31
30,1829,-1005,243,-192,13
46,1830,-1005,193,-43,-9
61,1827,-1003,176,141,-8
67,1826,-1012,178,258,-5
71,1824,-1013,230,363,-72
70,1827,-1012,234,506,-103
61,1822,-1010,307,346,-71
51,1821,-1010,301,205,-84
48,1825,-1010,302,264,-99
52,1829,-1005,215,274,-68
55,1831,-1004,168,185,-60
52,1827,-1008,235,110,-50
45,1820,-1018,351,47,-64
42,1820,-1024,344,197,-130
41,1825,-1020,252,358,-50
46,1829,-1011,116,236,63
50,1825,-1009,188,-29,68
51,1824,-1016,261,101,-32
45,1824,-1021,263,254,-128
34,1824,-1020,231,91,-32
32,1821,-1020,236,-40,15
42,1821,-1023,293,98,12
54,1824,-1022,272,376,-23
61,1825,-1015,210,428,-42
59,1823,-1012,256,320,-69
50,1823,-1020,302,324,-126
44,1824,-1018,277,442,-117
41,1825,-1016,279,333,-28
41,1825,-1017,284,218,-20
47,1823,-1019,313,268,-38
56,1820,-1020,319,439,-59
66,1821,-1019,316,546,-76
64,1827,-1016,212,498,-124
53,1824,-1015,312,365,-108
46,1823,-1014,320,366,-66
46,1828,-1012,258,313,-3
53,1828,-1007,266,100,3
63,1826,-1014,225,159,-35
68,1821,-1017,285,315,-73
68,1824,-1022,248,341,-41
62,1820,-1023,255,279,-59
55,1818,-1023,298,333,-72
49,1821,-1024,291,316,-76
48,1823,-1026,247,125,-56
53,1821,-1024,228,172,-39
57,1822,-1027,254,187,-57
57,1826,-1029,193,379,-87
56,1831,-1021,175,417,-25
55,1835,-1013,-58,307,59
50,1826,-1011,60,-258,143
53,1821,-1019,52,-182,37
53,1815,-1023,173,-24,12
56,1814,-1026,200,-80,6
61,1816,-1030,130,-70,-35
66,1814,-1032,99,203,-83
62,1812,-1034,196,283,-70
55,1811,-1034,285,239,-110
53,1813,-1031,250,284,-164
54,1812,-1029,303,361,-190
55,1816,-1030,319,401,-180
53,1825,-1025,195,424,-134
53,1832,-1010,126,480,-82
51,1832,-1000,138,252,-21
49,1826,-1007,278,-2,-116
53,1825,-1016,257,245,-167
58,1824,-1016,262,414,-144
61,1824,-1016,179,372,-91
58,1826,-1017,229,412,-76
57,1831,-1017,192,381,-96
58,1826,-1013,224,288,-99
58,1828,-1014,207,355,-153
56,1830,-1014,54,339,-119
58,1823,-1012,118,77,-51
63,1821,-1017,164,135,-56
63,1821,-1023,168,246,-129
59,1817,-1024,224,267,-130
53,1816,-1028,267,200,-124
52,1820,-1031,220,173,-170
53,1821,-1028,218,293,-147
53,1826,-1025,169,419,-116
46,1830,-1021,114,291,-67
39,1825,-1020,136,52,-86
34,1817,-1026,210,35,-110
35,1811,-1028,315,100,-96
41,1819,-1028,262,48,-68
55,1829,-1021,157,260,-116
66,1829,-1007,118,538,-56
63,1830,-1005,128,361,-84
54,1825,-1009,200,165,-102
44,1823,-1012,185,180,-158
36,1822,-1013,227,151,-125
42,1828,-1013,130,142,-63
55,1829,-1012,67,206,-17
64,1826,-1011,142,361,-68
59,1824,-1016,165,310,-111
48,1824,-1015,182,215,-100
39,1823,-1015,190,90,-85
39,1822,-1018,172,110,-91
44,1823,-1015,147,285,-58
47,1823,-1014,139,140,-36
53,1823,-1013,150,137,-74
57,1823,-1012,165,325,-128
57,1822,-1014,266,353,-145
53,1826,-1019,205,312,-153
50,1825,-1016,160,399,-134
44,1823,-1013,177,356,-67
41,1822,-1015,201,131,-104
44,1824,-1016,201,198,-149
49,1823,-1011,235,394,-134
47,1823,-1015,253,340,-171
41,1817,-1026,440,208,-181
41,1818,-1033,432,571,-300
41,1829,-1022,321,741,-191
47,1839,-1000,42,633,-22
56,1838,-991,158,187,-23
61,1835,-994,145,386,-158
54,1829,-996,225,468,-155
38,1827,-1005,261,184,-97
29,1821,-1014,301,-49,-104
37,1821,-1022,291,234,-149
53,1829,-1022,181,489,-107
61,1830,-1012,86,447,-24
58,1826,-1008,162,342,-39
49,1824,-1010,225,413,-119
43,1825,-1011,246,309,-164
38,1824,-1009,225,177,-129
37,1825,-1008,236,125,-49
39,1826,-1017,194,33,-33
47,1826,-1016,158,132,-3
54,1825,-1015,241,298,-84
54,1826,-1020,214,332,-138
48,1822,-1022,316,352,-140
47,1828,-1018,252,539,-101
48,1831,-1008,151,321,-44
44,1828,-1010,123,30,-96
39,1825,-1016,147,181,-95
34,1820,-1018,202,244,-70
32,1820,-1019,232,86,-14
35,1822,-1019,259,45,-58
47,1824,-1021,236,277,-76
54,1827,-1018,167,432,-55
52,1829,-1011,115,355,-50
44,1827,-1007,160,194,-28
40,1825,-1005,203,216,-69
39,1822,-1004,284,188,-46
46,1824,-1006,320,165,-92
52,1823,-1009,285,223,-107
58,1825,-1015,299,455,-108
57,1828,-1015,187,579,-113
51,1826,-1014,235,408,-84
44,1827,-1014,243,415,-80
39,1828,-1012,221,363,-63
40,1827,-1008,199,274,10
41,1827,-1005,215,175,-26
41,1826,-1013,242,21,-79
49,1825,-1018,242,184,-91
55,1831,-1016,119,482,-41
54,1828,-1010,128,249,57
52,1824,-1015,240,-17,-47
52,1823,-1023,173,353,-102
48,1822,-1015,206,231,-59
43,1822,-1013,199,60,-43
41,1821,-1015,182,155,-77
44,1822,-1017,238,117,-61
51,1826,-1020,216,171,-54
54,1823,-1016,220,286,-52
52,1823,-1017,249,233,-61
50,1826,-1019,192,335,-106
46,1824,-1012,224,301,-97
44,1824,-1009,206,211,-52
41,1823,-1010,232,186,-66
42,1827,-1010,226,94,-66
49,1827,-1012,232,144,-108
59,1827,-1013,233,349,-109
58,1827,-1014,197,402,-124
51,1823,-1016,232,295,-85
45,1824,-1018,215,339,-114
36,1824,-1012,234,347,-73
34,1826,-1007,274,212,-68
37,1828,-1010,266,134,-63
39,1828,-1015,237,158,-102
44,1824,-1014,225,289,-52
49,1826,-1012,257,344,-18
51,1830,-1012,226,342,-72
49,1829,-1008,183,440,-87
44,1825,-1007,252,316,-33
45,1827,-1013,206,128,-24
48,1828,-1011,171,333,-56
46,1825,-1009,193,346,-54
42,1825,-1017,174,134,-13
45,1823,-1023,171,27,-42
50,1823,-1022,213,277,-80
49,1822,-1020,207,293,-43
47,1821,-1018,201,170,-36
42,1821,-1017,237,278,-101
41,1824,-1015,182,198,-70
43,1823,-1012,188,149,-43
46,1823,-1012,257,116,-41
51,1824,-1019,221,113,-60
58,1824,-1021,201,326,-133
55,1824,-1022,250,430,-124
46,1828,-1016,160,479,-119
41,1824,-1010,181,185,-57
46,1827,-1013,225,137,-83
51,1832,-1014,114,356,-126
49,1825,-1008,157,298,-47
45,1823,-1011,255,155,-79
45,1824,-1015,167,244,-126
48,1824,-1012,192,303,-126
52,1824,-1011,206,301,-98
52,1825,-1015,176,279,-94
50,1824,-1018,185,301,-105
47,1822,-1019,193,285,-126
44,1826,-1019,202,259,-131
44,1824,-1014,138,242,-91
47,1824,-1011,160,205,-79
48,1823,-1015,194,139,-127
49,1824,-1018,200,199,-126
48,1824,-1015,198,404,-133
42,1823,-1016,172,233,-94
41,1822,-1016,181,157,-85
47,1823,-1011,183,272,-118
48,1825,-1010,231,298,-191
42,1825,-1008,243,284,-198
42,1830,-1007,215,362,-155
42,1833,-1012,140,241,-149
46,1830,-1014,168,254,-154
45,1824,-1015,233,516,-189
39,1823,-1017,236,401,-188
39,1827,-1015,182,303,-166
44,1830,-1010,176,337,-166
41,1829,-1005,139,319,-139
34,1827,-1004,155,191,-94
34,1828,-1005,167,67,-120
45,1830,-1002,125,240,-130
54,1827,-1004,199,309,-162
56,1825,-1009,259,393,-213
53,1826,-1012,187,448,-209
44,1823,-1013,219,470,-235
33,1825,-1013,237,466,-205
29,1822,-1014,324,160,-169
37,1823,-1017,282,344,-205
42,1826,-1014,188,556,-217
39,1827,-1013,197,351,-171
39,1826,-1013,214,442,-215
40,1825,-1007,323,511,-191
38,1831,-1009,188,538,-230
35,1833,-1000,101,457,-161
31,1830,-999,142,268,-108
31,1827,-1004,192,253,-130
34,1826,-1011,211,331,-184
35,1824,-1014,255,403,-222
36,1827,-1017,161,412,-155
31,1826,-1015,200,412,-99
30,1827,-1013,126,407,-92
29,1826,-1006,209,490,-78
30,1828,-1002,214,388,-101
32,1828,-1003,221,257,-112
39,1828,-1000,190,413,-107
43,1830,-999,179,461,-44
40,1831,-998,209,384,-63
37,1831,-1002,207,333,-115
35,1825,-1005,253,393,-115
33,1825,-1007,266,463,-109
33,1830,-1006,286,350,-84
40,1836,-1007,231,318,-127
44,1837,-1003,134,487,-152
35,1828,-1002,237,433,-29
25,1825,-1013,313,51,-69
26,1827,-1017,210,182,-109
34,1825,-1009,264,275,-46
43,1828,-1009,249,225,-26
47,1827,-1010,199,282,-34
43,1825,-1010,225,347,-81
39,1825,-1009,233,249,-107
37,1825,-1011,255,157,-81
39,1826,-1013,262,266,-69
39,1823,-1015,227,313,-65
38,1826,-1014,184,264,-46
39,1826,-1012,216,192,-45
39,1826,-1013,285,286,-106
35,1829,-1013,245,408,-96
30,1832,-1009,188,220,-50
27,1828,-1004,149,71,15
32,1827,-1005,274,28,15
36,1829,-1016,264,137,-81
36,1826,-1019,301,167,-125
34,1830,-1015,180,324,-27
31,1827,-1009,211,28,79
39,1827,-1011,186,-161,8
48,1826,-1013,250,202,-123
48,1827,-1009,195,352,-69
42,1825,-1010,196,-88,20
44,1827,-1009,105,70,-57
47,1827,-1009,199,163,-44
51,1828,-1007,197,159,-59
49,1828,-1009,163,128,-61
44,1825,-1013,183,157,-73
43,1826,-1016,193,208,-68
40,1825,-1015,182,141,-85
38,1824,-1012,244,209,-93
35,1827,-1014,160,178,-109
33,1827,-1015,140,157,-73
37,1826,-1012,187,232,-98
37,1827,-1011,216,274,-107
33,1828,-1009,184,285,-122
30,1829,-1007,132,225,-112
32,1830,-1005,166,227,-71
34,1827,-1005,164,259,-77
37,1827,-1006,227,313,-92
40,1830,-1005,188,380,-143
40,1828,-1003,222,397,-127
35,1827,-1005,210,449,-140
30,1827,-1009,236,351,-131
32,1829,-1006,221,340,-102
40,1830,-1001,224,443,-110
43,1834,-1001,169,495,-135
39,1830,-1001,190,533,-120
32,1829,-1007,283,380,-122
24,1825,-1013,304,235,-159
25,1825,-1015,267,415,-114
29,1829,-1015,248,431,-58
31,1828,-1013,197,335,-45
34,1829,-1010,205,432,-65
34,1828,-1010,217,338,-23
32,1829,-1007,232,197,-43
33,1828,-1007,212,192,-38
36,1829,-1004,173,315,-60
42,1829,-1004,173,205,-13
48,1829,-1004,192,175,-67
50,1827,-1006,260,340,-107
45,1827,-1010,270,386,-132
36,1825,-1012,275,361,-127
34,1829,-1008,203,370,-113
35,1832,-1007,190,251,-57
39,1832,-1004,183,243,-74
36,1828,-1008,192,193,-84
34,1827,-1009,241,154,-87
34,1829,-1011,227,170,-86
37,1833,-1010,169,207,-116
39,1831,-1009,145,245,-76
41,1831,-1009,211,226,-47
40,1832,-1010,156,190,-103
39,1832,-1009,120,245,-98
38,1826,-1006,159,156,-71
43,1827,-1008,206,251,-47
47,1827,-1010,178,245,-97
51,1828,-1011,190,234,-174
50,1827,-1014,200,295,-158
38,1829,-1017,209,389,-166
25,1828,-1017,145,286,-147
23,1827,-1012,167,106,-87
32,1828,-1009,137,149,-64
40,1828,-1006,142,197,-116
41,1828,-1007,187,304,-135
34,1829,-1006,165,237,-124
27,1830,-1005,127,172,-111
25,1830,-1003,85,135,-118
28,1829,-1003,180,117,-79
36,1831,-1003,126,253,-94
41,1831,-1003,112,272,-73
38,1831,-1004,105,235,-102
35,1830,-1004,149,253,-119
29,1830,-1000,158,338,-75
26,1832,-997,122,154,-64
30,1834,-992,105,15,-57
41,1836,-990,56,211,-101
44,1833,-995,120,314,-97
36,1828,-1004,233,346,-141
27,1829,-1006,173,373,-160
24,1831,-1003,188,327,-111
29,1834,-1000,112,395,-99
29,1833,-996,112,399,-87
28,1832,-996,181,369,-83
26,1834,-995,174,350,-95
24,1838,-995,179,239,-104
21,1837,-993,123,233,-38
17,1835,-994,118,360,81
13,1833,-997,154,7,78
23,1838,-993,63,-4,51
38,1840,-985,36,154,76
46,1839,-982,29,267,71
46,1830,-991,205,44,4
41,1829,-1004,225,188,-116
33,1829,-1007,164,429,-119
24,1828,-1003,203,360,-29
26,1837,-996,152,254,-4
36,1837,-994,199,210,15
38,1836,-995,234,393,-75
25,1834,-998,246,249,-49
13,1835,-996,188,99,11
17,1835,-988,200,45,72
30,1836,-982,243,137,21
42,1839,-984,247,164,8
46,1841,-984,143,246,-19
41,1839,-981,157,191,86
32,1837,-980,155,41,96
30,1834,-981,213,-172,105
39,1837,-974,194,28,84
48,1839,-971,198,-244,131
53,1841,-979,113,-351,111
52,1833,-990,229,-312,36
44,1830,-998,321,-47,-6
35,1835,-999,252,-3,-27
37,1841,-989,146,-170,49
49,1835,-984,153,-396,104
68,1836,-991,148,-73,47
65,1826,-1002,402,-14,-101
52,1829,-1010,263,139,-189
38,1825,-1010,337,91,-143
35,1829,-1016,346,362,-77
32,1830,-1016,305,245,-106
33,1832,-1011,330,250,-115
32,1831,-1013,346,378,-136
23,1829,-1014,330,460,-170
19,1829,-1014,381,407,-180
23,1832,-1014,371,469,-158
32,1837,-1008,265,599,-142
33,1836,-1002,279,496,-159
30,1832,-1005,290,531,-176
25,1829,-1004,341,585,-195
22,1827,-1006,384,483,-190
25,1827,-1009,473,523,-234
31,1830,-1008,400,700,-230
36,1829,-1006,390,754,-191
38,1832,-1000,398,772,-193
39,1840,-992,277,578,-167
42,1837,-982,264,479,-137
46,1839,-976,218,523,-118
41,1835,-983,179,160,-166
42,1829,-994,278,279,-177
40,1827,-1007,295,503,-179
34,1828,-1013,272,501,-127
28,1830,-1015,233,359,-91
22,1829,-1020,183,239,-141
16,1824,-1023,259,374,-138
12,1824,-1021,262,308,-104
17,1827,-1018,289,221,-29
26,1830,-1014,245,411,-56
29,1829,-1004,180,524,-30
28,1829,-999,251,357,41
30,1830,-998,254,134,-2
33,1827,-1000,335,203,-84
35,1827,-1006,364,425,-83
34,1827,-1010,361,427,-32
36,1831,-1010,343,348,-43
40,1834,-1005,238,408,-78
42,1828,-1000,375,404,-97
44,1834,-1001,325,416,-57
43,1833,-1002,287,151,-7
37,1829,-1007,256,134,-45
28,1825,-1013,314,-52,-16
31,1822,-1018,297,185,25
38,1826,-1016,358,203,12
43,1827,-1017,264,55,0
49,1831,-1014,219,282,-21
46,1827,-1012,225,171,19
42,1823,-1017,276,44,3
37,1822,-1022,263,48,-50
37,1817,-1023,338,52,-19
41,1824,-1023,275,183,-4
45,1826,-1017,184,213,-3
48,1825,-1011,216,114,-21
47,1825,-1015,246,193,-61
42,1827,-1018,255,303,-79
34,1824,-1020,248,123,-57
33,1824,-1018,210,98,-19
39,1820,-1017,227,167,45
45,1822,-1019,301,50,-33
50,1824,-1020,241,237,-153
50,1825,-1016,232,442,-132
46,1826,-1009,175,420,-57
42,1825,-1008,192,167,-79
45,1824,-1012,242,224,-145
50,1825,-1016,256,363,-168
48,1826,-1016,180,442,-142
44,1824,-1020,172,291,-106
38,1823,-1025,168,187,-127
32,1820,-1024,262,275,-185
30,1824,-1022,214,416,-111
24,1826,-1019,150,252,-47
25,1827,-1016,117,-33,5
32,1826,-1014,125,84,-5
37,1825,-1011,199,285,-64
37,1826,-1011,214,224,-56
33,1829,-1010,251,169,-71
32,1831,-1012,146,127,-60
39,1830,-1006,84,178,54
42,1825,-1001,158,191,67
43,1823,-1007,247,70,-54
44,1822,-1013,273,212,-139
46,1823,-1014,215,405,-109
45,1829,-1010,119,312,-12
43,1827,-1008,170,44,-47
44,1826,-1012,238,283,-131
41,1822,-1016,257,381,-117
36,1821,-1020,231,225,-88
35,1823,-1024,216,261,-96
36,1823,-1021,199,351,-100
37,1823,-1018,235,400,-71
30,1825,-1018,236,304,-75
26,1823,-1021,248,61,-94
24,1819,-1026,321,158,-98
27,1817,-1025,344,286,-58
35,1826,-1022,275,266,-36
43,1837,-1015,138,293,-86
33,1837,-1024,42,156,-86
-8,1821,-1038,137,265,13
-48,1806,-1032,218,168,140
-48,1782,-1028,528,-825,186
-15,1745,-1046,777,-195,-459
-46,1726,-1026,1171,1046,-1736
-101,1748,-999,1257,-572,-2701
-21,1757,-983,2661,-2056,-2893
218,1778,-945,3568,-1221,-2591
533,1914,-803,1999,4016,-2190
734,2044,-582,-254,7355,-933
747,2051,-390,-1140,5904,-426
608,2001,-318,-1778,2036,-1146
417,1903,-361,-1179,-3253,-1922
295,1783,-534,1062,-7231,-2843
271,1736,-835,4334,-6350,-4449
362,1890,-989,5852,3224,-5660
507,2147,-944,2911,9736,-4414
602,2459,-919,-1846,8909,-3319
673,2683,-625,-4729,11030,-4652
753,2731,-195,-7258,10125,-4094
835,2810,67,-13360,14579,-1100
553,2909,136,-23701,17282,-1058
45,2887,202,-23618,17695,-5378
-357,2990,123,-32768,7743,-2995
-345,3011,168,-32768,-8271,6291
158,3612,-121,-32768,-4667,15637
806,4215,-455,-32768,25503,17278
1246,4598,-536,-32768,32767,13136
1250,4841,-561,-32768,32767,4293
764,4786,-530,-32768,32767,-6451
75,4546,-443,-32768,30677,-14357
-575,4254,-235,-32768,11625,-16961
-870,3837,-47,-32768,-3075,-12640
-750,3353,128,-32768,-12391,-5168
-420,2842,155,-32768,-15653,1123
3,2437,110,-32768,-10424,4570
326,2081,8,-32768,-726,4962
453,1682,-101,-32768,9984,3041
384,1204,-164,-32768,16220,154
229,729,-131,-32768,19531,-1875
-33,288,-114,-32768,20679,-2409
-381,-119,-97,-32768,16874,-1843
-667,-492,-51,-30955,8938,-3113
-701,-805,-56,-24874,5394,-5518
-685,-1027,-146,-22140,7908,-5605
-709,-1253,-168,-17372,6985,-5478
-759,-1459,-56,-11301,-2619,-3569
-649,-1595,45,-5858,-6348,-2753
-442,-1613,118,-2163,-5570,-2454
-249,-1562,193,-62,-3298,-1284
-179,-1608,296,3000,-205,1535
-214,-1709,362,6532,820,3821
-294,-1762,366,10245,1594,4909
-412,-1775,333,14138,351,5473
-510,-1756,347,18434,-3058,5647
-516,-1724,376,24976,-5348,5844
-426,-1560,331,30162,-6680,5774
-313,-1293,219,32767,-8314,4406
-291,-1075,0,32767,-9029,3119
-337,-811,-110,32767,-6896,2633
-373,-444,-45,32767,-7695,3028
-359,-38,102,32767,-7510,3504
-288,391,204,32767,-6592,2439
-234,739,211,32767,-7960,329
-178,1077,284,32767,-6099,935
-60,1477,563,32767,-613,2774
84,2048,759,32767,292,4549
216,2687,1042,32767,8175,2311
52,2839,1054,32767,5845,1051
-197,2576,943,32767,1246,1213
-409,2641,937,32767,857,4020
-563,3071,924,32767,-5700,7077
-536,3530,853,32767,-15210,7188
-446,3568,826,32767,-21689,4935
-372,3284,667,32767,-30047,1681
-258,3014,368,32767,-32768,-879
-123,2889,102,30674,-24776,-2450
-84,3019,-82,26663,-18072,-3727
-70,3176,-164,21108,-17555,-4523
96,3022,-177,18506,-15412,-5113
366,2759,-262,17727,-7326,-5083
492,2554,-409,15575,1516,-4834
423,2456,-512,13477,1768,-4174
325,2332,-561,12654,-2832,-1412
229,2135,-529,14169,-3160,1208
104,2004,-499,14053,3817,3018
-25,1992,-532,10956,11943,4426
-92,2043,-586,5206,15362,4756
-112,2042,-605,2915,15909,2743
-368,1884,-695,6113,3681,932
-661,1728,-945,8981,-19050,559
-761,1752,-1127,7909,-28137,460
-513,1845,-1220,9736,-29982,2906
57,2121,-1266,5453,-17031,1783
586,2146,-1053,2408,7269,1006
619,1895,-906,7702,10022,4540
464,1854,-1100,6751,1343,4843
307,2024,-1259,1278,6671,463
36,2093,-1122,-1508,8470,-1960
-188,2101,-906,-1550,1224,-911
-255,2045,-852,-1577,-3380,2111
-175,1874,-950,1105,-4291,4261
-13,1736,-1155,2716,-2605,4698
121,1706,-1337,695,-512,2803
140,1731,-1326,-802,-1025,280
73,1839,-1202,-1556,-1471,-629
20,1913,-1137,-2415,1415,313
-35,1810,-1139,-150,2468,1702
-37,1715,-1235,688,1183,1874
23,1689,-1333,-316,1646,990
45,1646,-1334,-211,3150,536
-21,1624,-1259,-362,2918,401
-104,1624,-1197,-334,-472,1028
-102,1631,-1192,907,-3171,1743
-32,1671,-1272,1665,-3632,1112
40,1775,-1332,999,-1558,31
61,1829,-1285,-95,451,247
36,1811,-1218,-549,713,1001
-25,1777,-1173,-620,758,1128
-79,1748,-1187,-730,-1540,1142
-40,1723,-1220,-684,-2906,1124
52,1711,-1241,-1033,-1524,932
98,1684,-1223,-1245,540,882
72,1664,-1193,-1085,717,898
37,1666,-1203,-1014,-777,861
31,1679,-1247,-1141,-1101,716
45,1699,-1237,-1281,1124,715
43,1715,-1179,-1234,1421,829
51,1733,-1177,-1341,670,887
65,1743,-1191,-1977,2278,595
68,1730,-1178,-2128,3075,403
62,1714,-1146,-1709,2601,343
53,1722,-1116,-1002,1792,388
44,1768,-1115,-423,499,326
20,1787,-1171,645,-2011,110
-15,1736,-1232,848,-3473,-55
-17,1734,-1212,251,-2449,116
1,1755,-1179,-157,-2003,547
36,1765,-1181,-649,-1725,537
74,1756,-1174,-551,58,396
99,1730,-1160,-157,667,231
115,1720,-1167,273,18,145
103,1731,-1154,415,734,-237
48,1748,-1126,549,421,-387
-8,1759,-1120,444,-1171,-161
-15,1765,-1134,-189,-1254,69
12,1761,-1135,-154,-159,208
47,1750,-1138,167,314,93
77,1746,-1150,157,285,-139
95,1745,-1161,-54,823,-310
73,1745,-1154,142,1496,-371
22,1750,-1150,183,711,-276
-11,1754,-1147,146,-333,-33
-3,1755,-1147,231,-341,80
24,1754,-1159,196,-217,-30
44,1746,-1172,167,147,-155
47,1739,-1170,220,707,-236
40,1744,-1172,231,646,-229
38,1756,-1171,66,810,-251
35,1756,-1167,39,744,-238
22,1748,-1166,127,1066,-166
8,1743,-1168,127,966,-74
13,1749,-1170,48,627,-79
40,1757,-1161,-203,1194,-156
60,1759,-1144,-233,1901,-127
59,1761,-1139,-358,2231,-68
42,1760,-1129,-322,2200,28
22,1760,-1118,-268,1241,11
14,1760,-1123,273,-313,18
12,1753,-1155,784,-882,-94
8,1749,-1175,645,-610,-267
5,1755,-1173,274,-392,-126
-1,1759,-1167,117,-29,208
-4,1766,-1154,117,-360,264
12,1764,-1149,532,-1168,229
38,1750,-1172,1084,-1070,-44
38,1757,-1185,1024,-321,-161
19,1799,-1155,-4,-108,58
8,1804,-1115,-639,-821,550
11,1775,-1111,-254,-1488,730
30,1757,-1127,42,-1240,486
54,1740,-1164,393,-1641,156
69,1726,-1186,575,-650,-105
59,1739,-1181,423,456,-109
38,1760,-1171,-58,122,59
36,1754,-1159,-179,-210,256
48,1741,-1145,42,112,324
49,1742,-1147,186,-17,183
38,1750,-1151,144,-79,-5
28,1751,-1150,272,-231,-113
28,1747,-1160,393,-138,-74
36,1749,-1156,245,252,52
57,1764,-1141,27,144,75
71,1763,-1138,66,235,47
64,1749,-1145,330,415,-96
40,1742,-1163,399,363,-205
22,1743,-1172,387,347,-307
24,1750,-1158,270,571,-214
34,1761,-1137,283,503,-151
39,1769,-1134,254,334,-141
38,1762,-1138,335,325,-186
34,1755,-1145,370,276,-176
29,1755,-1154,318,193,-190
22,1753,-1158,247,274,-203
17,1745,-1163,250,316,-115
19,1738,-1161,424,599,-39
25,1746,-1162,329,451,-109
26,1752,-1165,392,152,-240
17,1754,-1165,336,399,-293
4,1760,-1159,103,565,-192
-3,1766,-1148,13,257,-41
2,1769,-1145,97,-167,-17
12,1768,-1158,146,-106,-148
18,1760,-1169,111,383,-115
14,1752,-1167,140,309,51
11,1749,-1166,112,80,53
10,1750,-1171,94,-44,-93
19,1749,-1170,167,262,-3
27,1747,-1164,230,437,20
29,1749,-1159,217,391,74
28,1751,-1154,203,139,-93
30,1751,-1152,257,70,-161
36,1756,-1143,244,306,-174
38,1763,-1135,288,491,-131
37,1770,-1135,118,380,11
31,1764,-1134,151,220,22
27,1753,-1141,258,-26,-60
29,1750,-1154,270,129,-110
29,1750,-1157,266,469,-206
20,1750,-1159,257,399,-168
15,1752,-1163,213,211,-36
16,1755,-1160,257,431,-43
15,1759,-1157,304,333,-120
11,1760,-1163,232,120,-60
11,1751,-1165,342,135,-2
11,1749,-1168,301,187,-59
15,1750,-1169,258,229,-150
24,1753,-1168,350,336,-165
30,1754,-1158,304,592,15
28,1753,-1146,340,274,9
26,1755,-1150,470,13,-122
25,1754,-1160,356,384,-197
24,1750,-1150,248,530,-81
25,1752,-1139,287,14,54
31,1754,-1144,272,-39,-44
36,1758,-1154,295,271,-186
31,1758,-1158,247,457,-153
21,1752,-1160,382,276,-29
19,1747,-1164,296,-47,71
31,1746,-1165,243,163,-33
37,1751,-1160,237,566,-131
32,1759,-1152,200,562,-96
23,1763,-1151,196,318,-27
18,1751,-1153,60,227,71
18,1731,-1133,-111,617,80
6,1715,-1086,-490,830,-138
-11,1687,-1027,-437,81,-407
-11,1684,-989,1077,-302,-1493
3,1733,-1022,1565,-561,-3059
83,1772,-1063,1529,-557,-3211
237,1806,-1049,906,-174,-1723
398,1874,-959,336,2384,-745
480,1990,-804,-974,5219,-855
453,1995,-695,-875,1704,-742
387,1929,-769,506,-5700,-1671
367,1956,-896,1038,-6002,-3852
423,2124,-816,436,-63,-5019
508,2326,-671,-2709,3318,-3946
518,2382,-457,-5336,5509,-2156
571,2478,-242,-8176,69,-1543
878,2691,5,-12719,1683,-1725
1095,2823,177,-20849,6999,-780
989,2806,328,-23392,13586,-1852
676,2827,372,-29415,22926,-2538
409,2898,353,-32768,19736,2003
423,3457,38,-32768,16947,8164
544,4265,-507,-32768,31236,8639
570,4579,-629,-32768,32767,5015
502,4778,-453,-32768,32767,4299
410,4942,-254,-32768,32767,-243
-12,4915,-216,-32768,22894,-8199
-494,4412,-149,-32768,12680,-14315
-770,3906,-83,-32768,-1694,-14803
-710,3437,65,-32768,-11241,-9352
-375,2981,198,-32768,-10920,-4377
-30,2610,248,-32768,-2631,-1590
224,2274,203,-32768,3587,-302
414,1977,210,-32768,5926,478
510,1693,134,-32768,8823,432
440,1321,-25,-32768,12927,-928
186,930,-95,-32768,15026,-2768
-169,463,-117,-32768,13160,-1482
-429,-90,-79,-32768,10447,422
-540,-662,-45,-28631,4036,252
-492,-970,9,-24474,1342,-1654
-456,-1048,3,-21263,5316,-3076
-518,-1092,-99,-18892,8710,-4219
-717,-1244,-117,-14125,5130,-2983
-812,-1465,-40,-6771,-3120,-1601
-714,-1603,-3,-1042,-7304,-1196
-518,-1653,11,3811,-6822,-733
-382,-1656,36,7448,-4065,839
-386,-1689,108,11526,-2833,2954
-407,-1696,236,15179,-3596,4639
-374,-1626,375,18458,-4260,5328
-357,-1487,483,20183,-2491,4692
-416,-1272,575,21462,-3288,3857
-475,-1030,667,22534,-3679,3834
-555,-870,779,24475,-3764,4539
-592,-822,884,27817,-7464,5687
-528,-798,993,30909,-8092,6205
-408,-706,1007,32767,-9324,5296
-292,-539,914,32767,-8277,3341
-250,-375,805,32767,-6838,1504
-248,-161,821,32767,-3694,1004
-232,100,951,32767,-609,1157
-205,390,927,32767,-3194,1217
-179,749,795,32767,-5573,405
-131,1206,782,32767,-3799,1401
-123,1583,853,32767,-2401,4391
-92,1794,861,32767,-2950,6578
-27,1995,1066,32767,1478,4773
28,2055,1052,32767,-8311,2617
173,2151,980,32767,-7796,2622
163,2413,875,32767,1305,3530
-35,2687,780,32767,1980,4182
-355,2917,744,32767,-9935,4515
-507,3087,839,32767,-25553,2717
-382,3198,584,32767,-32768,1876
-28,3349,10,32600,-32768,1829
369,3244,-178,27465,-13599,793
495,3018,-213,24742,-2572,-2030
463,2950,-347,19426,-3726,-6597
445,2952,-440,17291,2417,-9498
265,2860,-403,16448,8356,-8188
-127,2620,-343,16334,2651,-5670
-392,2380,-304,16311,-5935,-1057
-459,2159,-335,15337,-16862,4259
-307,1989,-473,12674,-26473,6897
-29,1877,-582,9676,-22503,5166
180,1893,-577,6984,-7097,474
182,2070,-643,4199,-1392,-2860
97,2145,-729,5471,-12410,-2153
208,2073,-804,9959,-22826,2292
530,2041,-984,9294,-16537,5867
648,1999,-1136,7158,3432,5314
412,2004,-1193,5637,16777,1647
-20,2055,-1148,2574,17901,-1354
-371,2088,-1004,-829,9926,-1400
-428,2104,-808,-2777,1531,478
-248,2085,-692,-1877,-3062,3119
5,2231,-778,352,-4357,4465
163,2267,-942,-2777,1409,4310
130,2096,-892,-3549,7533,2990
-51,1864,-866,-1030,-796,3105
-144,1671,-1034,990,-13328,3399
30,1676,-1275,-650,-11763,1340
252,1771,-1288,-2829,52,-867
289,1790,-1158,-2283,6742,-595
218,1770,-1102,-1330,7905,1204
157,1784,-1112,-2315,7803,1994
117,1807,-1069,-2907,8511,940
19,1796,-996,-2497,7236,-178
-106,1793,-985,-2068,-21,8
-134,1782,-1020,-1216,-4966,1105
-31,1779,-1046,-903,-2498,1761
74,1788,-1042,-1093,313,1513
134,1793,-1064,-1544,-1110,842
177,1784,-1071,-1560,-1965,153
189,1774,-1066,-1112,-1492,-256
149,1771,-1059,-646,61,-223
67,1772,-1051,-91,444,174
15,1781,-1068,-81,-641,263
25,1786,-1066,-103,267,-2
59,1799,-1039,-126,1982,-222
82,1809,-1048,-167,1651,-169
90,1810,-1050,-83,1291,-190
95,1838,-1033,-365,1690,1
89,1842,-993,-424,3304,53
37,1841,-952,-644,2759,3
-16,1855,-928,-904,-629,283
-8,1866,-937,-1423,-3062,505
33,1843,-945,-1088,-2232,502
48,1810,-963,-379,-1347,306
52,1791,-1014,112,-1758,143
86,1803,-1041,-284,-912,52
141,1821,-1027,-384,338,-1
156,1823,-1004,-168,1748,-65
108,1820,-993,151,1618,-168
40,1821,-994,258,-251,-44
1,1822,-994,649,-1780,121
-13,1814,-1004,1376,-3165,241
-9,1797,-1046,2152,-4427,245
11,1789,-1097,2285,-4398,2
54,1813,-1101,1330,-1534,-308
70,1834,-1060,752,284,-108
50,1835,-1017,623,-205,198
26,1839,-995,640,-1060,216
17,1845,-997,395,-1310,119
17,1836,-998,565,-1045,136
13,1834,-1025,705,-744,124
5,1830,-1054,211,-581,215
5,1811,-1049,399,-947,272
32,1809,-1049,171,-756,119
63,1812,-1062,-32,229,-43
68,1808,-1068,-42,1282,-108
44,1804,-1050,201,1504,-47
9,1808,-1048,133,386,113
-3,1814,-1059,10,161,77
3,1812,-1052,-37,896,-23
13,1814,-1040,-93,834,7
26,1819,-1043,-221,1234,88
30,1820,-1049,-185,2057,114
22,1820,-1055,-368,2502,63
10,1811,-1034,-214,1828,92
15,1814,-1014,-115,265,225
48,1825,-1009,-111,-58,117
66,1817,-995,314,711,15
65,1819,-984,291,171,65
73,1833,-976,53,-672,151
86,1841,-968,51,-467,100
75,1825,-972,538,-436,24
57,1810,-1005,643,-1325,-199
61,1812,-1032,398,-739,-318
61,1812,-1033,423,209,-275
48,1807,-1035,779,-336,-142
54,1811,-1050,564,334,-206
62,1812,-1047,563,1606,-399
58,1812,-1040,580,1246,-384
52,1821,-1028,436,859,-226
38,1827,-1016,379,899,-202
18,1829,-1001,285,404,-55
11,1827,-998,372,-999,146
19,1817,-1020,608,-1488,56
26,1809,-1048,614,-855,-103
25,1807,-1060,684,-424,-135
23,1804,-1061,717,-605,-24
38,1813,-1063,547,-623,-29
54,1820,-1056,249,254,-28
53,1816,-1050,251,739,-21
39,1812,-1046,226,1050,-18
13,1805,-1041,400,265,12
1,1804,-1056,431,-902,10
9,1802,-1062,405,-552,-13
17,1803,-1060,461,-34,28
19,1806,-1066,424,-330,41
25,1801,-1073,539,-293,-5
32,1792,-1078,594,-14,-67
39,1796,-1081,510,406,-124
33,1801,-1075,451,740,-112
21,1809,-1057,360,707,-51
13,1811,-1046,414,244,49
10,1806,-1049,582,-400,98
18,1804,-1060,462,-308,-8
22,1801,-1056,508,-25,-55
27,1804,-1060,468,-385,-22
39,1804,-1064,436,-117,-35
48,1809,-1058,317,637,-83
46,1810,-1060,230,697,-20
32,1803,-1063,260,385,18
18,1797,-1067,254,36,-2
10,1794,-1071,442,-239,-50
12,1790,-1081,540,-228,-50
30,1792,-1083,542,311,-130
46,1798,-1078,285,636,-114
55,1803,-1062,177,634,-62
59,1808,-1050,139,452,-87
56,1805,-1052,256,393,-117
41,1803,-1058,232,477,-144
23,1802,-1064,219,315,-101
12,1798,-1072,333,214,-19
12,1793,-1078,264,21,-29
26,1795,-1080,183,-178,-11
40,1793,-1084,185,17,-90
45,1794,-1086,284,643,-84
32,1796,-1085,257,743,-59
18,1793,-1079,321,179,-42
15,1797,-1078,261,-15,-38
20,1801,-1077,141,60,-52
25,1799,-1075,171,8,1
29,1795,-1077,218,257,-3
28,1792,-1078,279,227,-23
24,1793,-1087,349,-82,-94
26,1794,-1091,258,453,-102
25,1793,-1083,262,382,-23
26,1797,-1079,244,33,37
30,1800,-1071,229,324,0
29,1800,-1068,219,292,0
29,1799,-1069,200,193,7
27,1798,-1068,121,105,28
25,1796,-1068,176,173,12
24,1789,-1076,253,-35,10
22,1784,-1090,406,-116,-24
13,1774,-1105,167,271,-176
-67,1761,-1060,-505,-312,-1101
-159,1760,-953,-81,-2030,-1162
-109,1800,-882,828,-3737,-351
107,1834,-935,465,-4010,-768
318,1807,-987,58,-2156,-2308
418,1809,-954,612,730,-2606
432,1834,-875,581,3340,-1623
422,1852,-808,576,3846,-1465
431,1915,-727,-326,4643,-2184
418,1941,-671,212,1761,-2575
370,1936,-706,959,-5505,-3169
391,2040,-661,191,-3975,-4197
495,2282,-475,-3489,4143,-3712
587,2565,-405,-9225,8021,-2397
680,2822,-97,-12487,14931,-2199
821,3051,369,-22195,13054,-2360
989,3167,881,-27830,12324,-1056
792,3242,1171,-30964,22809,-1326
369,3417,1121,-32768,22501,54
236,3862,668,-32768,12267,4198
370,4614,-223,-32768,16113,6001
578,4718,-635,-32768,32767,3095
637,4882,-491,-32768,32767,-159
500,4954,-61,-32768,23659,-4340
75,4777,124,-32768,23735,-10400
-389,4358,99,-32768,9951,-13565
-550,4092,38,-32768,-8403,-10474
-389,3900,125,-32768,-14923,-3933
-100,3493,108,-32768,-4883,361
98,2800,-94,-32768,6872,1120
160,2152,-268,-32768,6081,203
150,1683,-340,-32768,2634,-332
22,1401,-407,-32768,3753,-526
-136,984,-475,-32768,5341,330
-225,386,-515,-32768,7533,1098
-298,-216,-458,-32768,11111,-493
-464,-727,-357,-28042,8501,-1717
-578,-1041,-237,-22558,6280,-2680
-582,-1183,-174,-18504,5875,-3001
-555,-1298,-139,-13489,4697,-1814
-604,-1403,-56,-8423,5049,33
-718,-1491,9,-2289,-998,-179
-754,-1549,21,3006,-8432,-1017
-697,-1567,76,6165,-7673,-711
-619,-1585,167,10304,-6613,36
-563,-1588,303,13348,-6250,1342
-482,-1542,514,16534,-5661,2422
-417,-1450,686,18574,-2750,3075
-364,-1336,760,20465,-2010,2740
-339,-1227,788,21810,-3590,1627
-324,-1072,849,23834,-6529,970
-275,-876,891,26930,-8196,1303
-219,-695,890,30110,-6784,2476
-189,-551,864,32767,-4275,3571
-164,-451,780,32767,-2747,3791
-146,-305,651,32767,-3486,2815
-155,-81,536,32767,-4826,1104
-136,240,501,32767,-4369,-109
-102,635,525,32767,-3642,-545
-83,1025,478,32767,-2104,-482
-119,1382,579,32767,2143,3
-169,1724,624,32767,-1644,2935
-71,2059,717,32767,-36,3534
36,2458,804,32767,1510,3364
89,2808,902,32767,635,2184
77,3072,949,32767,312,3219
-5,3220,978,32767,-1440,4866
-152,3306,953,32767,-6802,6126
-236,3338,922,32767,-8555,5340
-279,3369,792,32767,-16872,3332
-318,3320,558,32767,-30419,1155
-273,3212,293,30237,-32768,908
-159,3101,91,25709,-29130,1754
-59,3002,-93,21499,-25317,1761
38,2888,-267,17541,-21454,17
178,2714,-369,14762,-15718,-2189
325,2493,-424,13093,-7809,-3504
415,2305,-482,11940,-1426,-3200
434,2121,-575,9906,2183,-2310
419,2018,-675,5802,6892,-1216
237,2022,-567,3487,9059,-162
-166,2101,-360,6595,-3915,3122
-447,2242,-383,8508,-26957,5586
-330,2255,-606,8014,-32768,5385
191,2195,-745,6044,-17936,4205
599,2135,-681,3991,2341,3050
567,2078,-605,5227,11471,3361
309,2165,-735,4455,5299,2921
174,2400,-873,-2109,5875,2171
164,2252,-695,-2115,13824,619
117,2060,-556,-221,8761,-172
69,1947,-665,775,-1313,3519
228,1925,-860,-472,188,3780
413,1914,-889,-2484,11815,-9
201,1884,-804,-2570,9318,-1576
-76,1894,-772,-2076,-6199,240
-32,1902,-793,-1325,-8500,1895
144,1847,-813,-649,-930,2183
177,1800,-877,-195,-3171,1516
232,1796,-958,-678,-4877,785
325,1808,-945,-925,1632,418
309,1821,-929,-1063,3186,370
240,1832,-916,-1353,3615,-279
175,1839,-904,-1651,4771,-574
118,1819,-923,-837,2581,-105
97,1809,-949,-295,1119,124
86,1811,-970,257,689,31
65,1819,-1003,347,-313,-115
62,1833,-1003,-107,-1225,-275
102,1844,-967,10,-853,-220
125,1838,-950,290,-117,47
111,1830,-962,549,-326,10
81,1834,-975,436,-611,-218
40,1847,-979,55,-1079,-50
20,1850,-976,97,-2238,394
29,1843,-993,631,-3504,611
32,1818,-1035,1484,-4251,411
37,1801,-1073,1794,-4577,64
62,1802,-1091,2111,-4207,-9
102,1833,-1071,1240,-1884,43
119,1860,-1000,427,591,63
74,1864,-944,579,-51,232
5,1863,-943,466,-1893,403
-19,1860,-971,-150,-2838,469
3,1844,-980,-242,-2018,619
26,1826,-981,192,-1471,503
51,1820,-1020,188,-1807,375
84,1813,-1050,-15,-943,196
97,1802,-1053,408,-91,21
90,1799,-1062,710,-86,-40
91,1805,-1071,594,614,-140
74,1801,-1053,1063,1468,-178
39,1810,-1045,1016,1223,-115
15,1821,-1040,809,439,18
10,1829,-1024,572,426,-50
1,1832,-1002,468,249,51
2,1837,-992,381,-832,242
25,1844,-986,132,-1343,351
53,1841,-991,33,-760,355
55,1821,-1005,366,-360,252
43,1810,-1029,478,-947,46
51,1809,-1040,482,-861,-12
73,1807,-1055,562,-82,1
79,1801,-1049,681,893,-26
65,1802,-1042,841,571,-111
55,1804,-1049,1013,14,-232
53,1802,-1054,1156,-76,-225
55,1812,-1044,1029,395,-140
42,1827,-1023,654,623,-83
19,1841,-1003,271,426,-60
7,1842,-988,24,-222,127
17,1834,-1002,12,-785,232
43,1820,-1030,127,-323,154
56,1805,-1047,236,401,101
54,1802,-1055,200,350,57
47,1803,-1061,286,44,98
41,1806,-1071,367,-65,-52
41,1816,-1069,-42,335,-43
38,1810,-1055,277,318,216
30,1809,-1062,175,-167,268
22,1803,-1065,112,-83,139
19,1801,-1046,281,114,231
26,1799,-1042,372,-206,241
41,1794,-1042,495,-326,194
53,1796,-1041,615,-136,70
64,1804,-1048,660,-433,22
93,1813,-1049,311,-121,-16
116,1814,-1033,163,893,22
107,1813,-1032,233,1020,1
73,1811,-1041,294,382,-52
51,1809,-1044,222,-135,-92
44,1807,-1044,178,80,-56
35,1805,-1047,195,436,2
27,1803,-1055,278,-332,68
37,1799,-1074,299,-721,-39
54,1801,-1092,120,413,-84
45,1793,-1089,126,760,50
31,1794,-1075,407,-201,168
43,1800,-1073,275,-524,-26
66,1802,-1063,270,285,-133
71,1804,-1057,285,535,-85
56,1800,-1051,513,360,-77
37,1798,-1058,542,-263,-72
39,1796,-1062,643,-409,-113
57,1799,-1066,517,62,-222
66,1803,-1064,403,802,-275
56,1805,-1058,393,563,-125
51,1803,-1066,437,-259,-53
58,1801,-1073,325,-20,-129
59,1801,-1070,306,296,-181
51,1802,-1063,382,535,-141
41,1807,-1058,280,556,-144
38,1810,-1053,65,111,-129
48,1811,-1048,51,197,-105
58,1806,-1053,105,635,-126
54,1801,-1065,146,933,-230
40,1803,-1077,-20,922,-242
27,1796,-1082,20,1215,-121
12,1794,-1080,-65,1205,2
9,1797,-1073,24,448,-14
24,1801,-1070,172,-100,-63
42,1795,-1073,428,-148,-38
45,1798,-1072,226,567,-15
19,1804,-1072,94,394,58
5,1803,-1067,241,-267,135
17,1802,-1053,370,-301,141
42,1799,-1054,443,-393,71
59,1795,-1067,622,-391,46
63,1800,-1075,456,-27,-32
63,1814,-1058,91,445,-4
62,1820,-1036,-60,278,116
58,1812,-1037,163,-149,220
62,1802,-1045,194,88,34
63,1793,-1054,395,-10,-36
62,1793,-1065,421,-215,-40
62,1788,-1078,466,-213,-28
67,1793,-1075,334,85,-66
76,1805,-1065,229,484,-121
76,1807,-1062,74,523,-92
70,1801,-1057,201,513,-12
54,1799,-1060,359,326,-34
41,1794,-1077,327,-279,-142
39,1791,-1081,374,65,-236
37,1790,-1075,385,429,-122
37,1794,-1077,385,-40,-23
47,1797,-1089,354,-340,-71
57,1796,-1092,271,208,-140
54,1795,-1087,204,636,-157
39,1791,-1085,345,229,-95
30,1790,-1083,371,242,-66
28,1789,-1077,439,355,-123
30,1792,-1076,407,217,-73
38,1795,-1075,360,240,-105
45,1795,-1071,375,108,-106
50,1799,-1073,334,210,-157
48,1802,-1080,203,470,-127
41,1796,-1085,253,578,-71
30,1787,-1087,367,578,-27
31,1788,-1089,357,350,-76
43,1794,-1086,317,409,-146
56,1793,-1081,241,925,-116
54,1789,-1070,321,763,-73
48,1791,-1074,364,31,-113
58,1793,-1076,299,203,-212
75,1794,-1073,398,968,-198
76,1789,-1074,416,1143,-152
71,1784,-1076,529,661,-225
76,1778,-1080,533,573,-415
86,1778,-1069,523,991,-548
75,1794,-1037,-95,1026,-832
30,1785,-984,-52,-108,-1254
12,1755,-949,1602,-1364,-1119
59,1731,-1002,3232,-2142,-1167
184,1691,-1097,3125,1751,-2802
260,1687,-1176,2398,5665,-4541
224,1752,-1165,2157,6550,-4157
194,1924,-1001,-866,8816,-2158
209,2102,-683,-3864,9379,-531
262,2158,-359,-4959,5981,301
226,2045,-294,-1822,-6964,455
117,1922,-612,1303,-26255,-141
209,1968,-908,532,-23450,-3413
603,2364,-678,-4138,1932,-5253
1098,2901,-186,-11424,18935,-2172
1427,3161,422,-17996,22679,3500
1579,3166,579,-25903,4215,3673
1536,2984,787,-27109,26202,-1756
888,3014,846,-31086,32767,-7803
119,3183,565,-32768,32767,-6470
-241,3790,22,-32768,9687,-4
-64,4498,-545,-32768,5266,6870
735,4771,-520,-32768,20988,12509
1469,4998,-207,-32768,32767,9078
1383,5032,-59,-32768,32767,-2688
389,4909,-217,-32768,32767,-13779
-714,4381,-364,-32768,8452,-17035
-1187,3874,-271,-32768,-16251,-10888
-815,3320,33,-32768,-22433,-2462
-131,2738,228,-32768,-8741,3147
346,2187,34,-32768,5175,2494
468,1775,-151,-32768,11837,-271
316,1480,-190,-32768,9587,-1891
65,1169,-139,-32768,9852,-894
-93,746,-88,-32768,10232,398
-120,304,-8,-32768,8232,1140
-127,-138,79,-31803,6501,1683
-277,-480,160,-28967,8130,1510
-520,-710,158,-26484,4565,1100
-557,-897,169,-23057,2987,-157
-486,-1064,108,-20797,4558,-1685
-511,-1227,70,-18785,9736,-3203
-696,-1450,76,-13536,4442,-3272
-855,-1702,18,-7519,-2270,-2290
-848,-1828,-67,-2699,-5614,-1750
-690,-1821,-114,1186,-7852,-1742
-491,-1801,-92,5708,-6491,-1116
-277,-1796,-11,9180,-683,1151
-182,-1804,32,14003,1880,4121
-188,-1761,56,18415,341,5762
-247,-1651,120,23298,-2663,6111
-332,-1465,185,28213,-6404,6530
-381,-1245,182,32423,-8092,7222
-369,-1014,157,32767,-6750,7177
-319,-797,113,32767,-8658,6375
-292,-595,183,32767,-10316,4338
-311,-389,298,32767,-7524,2276
-322,-118,499,32767,-4266,728
-316,184,691,32767,-4107,94
-303,547,739,32767,-4000,-316
-283,942,663,32767,-6912,710
-144,1370,733,32767,-5884,2566
52,1857,919,32767,-1631,3582
178,2284,1075,32767,2588,3019
130,2372,1054,32767,2462,2700
-44,2317,1100,32767,2238,4120
-153,2453,1149,32767,-2955,6111
-102,2818,1113,32767,-6654,6756
1,3129,1079,32767,-3527,5253
-190,3130,1005,32767,-5737,3959
-468,2975,897,32767,-13609,2570
-620,2864,709,32767,-26509,479
-554,2903,418,32767,-32768,-970
-284,3274,125,31752,-32768,-374
-13,3371,-69,23785,-28096,2168
256,3037,-204,21214,-23509,3797
488,2779,-429,17187,-21803,1215
793,2620,-600,13490,-12217,-5249
950,2478,-524,14089,8715,-9016
776,2352,-455,14338,20100,-7905
440,2215,-456,13866,18880,-4014
134,2075,-472,12498,14197,627
-42,2055,-474,7000,10133,4356
-233,2116,-360,4500,5955,5737
-585,2108,-314,8741,-11895,5706
-902,2023,-578,14070,-32768,4301
-767,2037,-929,11522,-32768,1576
-160,2280,-1011,4283,-22326,-904
527,2388,-836,1831,-4647,1037
942,2271,-614,5675,6867,5065
930,2372,-733,6027,8706,4789
583,2297,-904,2794,8181,3311
202,2040,-945,2401,9808,559
-24,1891,-1003,-510,12343,-854
-155,1877,-977,-3486,9066,46
-91,1870,-916,-1727,-547,1602
46,1813,-960,7,-687,1713
74,1784,-1055,-161,2421,648
48,1791,-1073,-523,-570,1703
127,1830,-988,-487,-3530,2693
217,1853,-893,-488,-3795,2283
197,1832,-906,-57,-5272,1618
149,1817,-1004,-860,-5622,1073
176,1787,-1045,-1272,-2309,1052
249,1787,-1028,-1457,503,1191
294,1826,-1020,-2348,1257,1211
241,1807,-1003,-1986,1274,1059
107,1750,-1010,-1221,-714,773
25,1732,-1034,-765,-2996,543
44,1744,-1049,-282,-3792,406
125,1764,-1060,-92,-2481,415
193,1772,-1062,39,-461,431
216,1775,-1087,-356,389,236
202,1768,-1091,-298,1427,-201
152,1753,-1081,210,570,-413
98,1750,-1101,796,-1791,-394
71,1767,-1115,708,-1473,-437
47,1780,-1115,760,-482,-228
21,1775,-1131,717,-542,-138
16,1773,-1156,448,165,-209
22,1772,-1147,528,613,-324
43,1776,-1136,665,-38,-259
77,1786,-1138,410,495,-303
69,1785,-1125,416,1866,-327
8,1770,-1126,862,581,-207
-34,1758,-1152,952,-1558,-91
-22,1759,-1151,892,-920,-198
11,1770,-1129,962,69,-165
48,1788,-1118,687,10,27
87,1795,-1113,318,595,0
105,1794,-1098,87,1314,-120
95,1788,-1082,117,1109,-174
76,1785,-1083,185,224,-126
63,1779,-1103,184,3,-149
52,1771,-1107,267,1109,-259
37,1769,-1097,320,958,-165
50,1778,-1102,183,-218,-59
90,1790,-1110,-170,690,-217
100,1787,-1101,-196,2037,-286
64,1776,-1099,68,1408,-156
24,1761,-1122,419,-114,-118
13,1762,-1128,294,81,-168
20,1771,-1116,400,-69,-63
31,1775,-1121,433,-835,51
51,1778,-1121,152,-193,43
55,1774,-1105,333,162,85
48,1768,-1112,620,-1079,92
51,1776,-1127,470,-1246,-3
62,1781,-1125,81,-289,-60
51,1772,-1116,248,246,77
25,1762,-1123,366,-372,133
17,1762,-1139,332,-1161,10
34,1762,-1144,491,-673,-165
47,1761,-1151,679,112,-150
42,1763,-1167,563,43,-31
32,1767,-1168,380,175,-36
20,1759,-1157,562,228,44
18,1760,-1146,413,-86,64
20,1761,-1137,476,-238,83
28,1761,-1126,570,-159,57
44,1763,-1126,500,-204,55
59,1770,-1128,348,-275,62
63,1771,-1127,399,-51,33
61,1770,-1130,373,458,-42
55,1763,-1136,306,242,-91
55,1755,-1144,536,-156,-172
67,1761,-1146,317,587,-296
63,1767,-1136,161,1132,-171
44,1765,-1124,271,537,-30
34,1761,-1129,370,-169,-30
37,1758,-1142,515,-233,-164
56,1763,-1153,322,307,-177
67,1766,-1143,135,858,-73
64,1766,-1128,146,843,-13
57,1769,-1130,79,626,-133
57,1774,-1140,-112,631,-189
61,1773,-1137,-200,1299,-125
59,1770,-1120,-406,1807,-58
45,1770,-1117,-486,1412,0
36,1768,-1122,-348,1068,-102
36,1758,-1123,-3,528,-210
48,1751,-1136,267,-300,-328
59,1748,-1156,358,301,-372
52,1754,-1160,183,1210,-326
29,1760,-1155,59,1148,-203
22,1766,-1144,24,721,-124
40,1770,-1123,86,810,-98
61,1772,-1113,117,669,-161
69,1773,-1112,95,860,-220
57,1777,-1100,-37,948,-130
45,1786,-1101,-212,378,-26
42,1787,-1089,-276,752,15
53,1787,-1076,-187,272,73
70,1776,-1090,278,-658,102
75,1749,-1132,713,-762,-142
65,1747,-1152,459,174,-354
45,1763,-1140,278,264,-239
33,1771,-1126,420,-597,-25
47,1780,-1133,113,-598,-8
57,1774,-1136,118,176,22
47,1762,-1144,511,230,-8
28,1756,-1154,517,-23,-113
20,1764,-1144,273,-237,-105
37,1770,-1123,291,-382,21
63,1777,-1117,287,-49,52
78,1777,-1124,121,270,-43
70,1770,-1134,303,497,-158
49,1762,-1147,410,584,-139
26,1756,-1147,461,131,-90
25,1758,-1144,562,-349,-126
44,1768,-1143,325,211,-200
55,1772,-1135,237,749,-116
54,1776,-1120,267,614,0
50,1780,-1116,170,341,18
46,1775,-1119,156,247,-35
38,1769,-1115,189,317,-82
29,1766,-1113,266,-80,-4
38,1772,-1122,175,-254,44
59,1773,-1128,128,375,37
73,1769,-1115,245,827,28
68,1764,-1119,425,331,-69
50,1756,-1134,572,22,-219
33,1758,-1140,415,143,-216
25,1762,-1135,360,196,-60
31,1770,-1128,333,-108,53
51,1774,-1129,247,-196,71
65,1767,-1137,318,191,-12
60,1760,-1142,431,563,-126
34,1761,-1150,373,221,-64
19,1767,-1148,302,-60,15
26,1769,-1134,143,15,96
43,1763,-1131,349,-127,156
58,1760,-1144,378,102,76
62,1759,-1152,351,465,-53
54,1754,-1148,432,410,-60
48,1760,-1141,309,306,37
46,1765,-1133,267,188,17
49,1767,-1136,300,-7,43
51,1759,-1151,356,105,24
49,1751,-1161,487,235,-21
46,1755,-1160,280,324,-48
43,1762,-1146,231,87,-5
48,1779,-1135,43,137,32
54,1781,-1126,-113,211,178
53,1770,-1125,150,70,238
58,1791,-1125,-254,731,140
57,1803,-1118,-802,575,348
39,1765,-1107,-720,-296,441
-28,1712,-1099,-737,-983,-359
-144,1678,-1064,-74,-3117,-1394
-170,1653,-1053,2087,-6985,-1075
51,1739,-1111,2498,-6275,-820
376,1846,-1183,-850,-2413,-1418
552,1834,-1069,-1027,4392,-2058
455,1827,-920,-188,7484,-1914
213,1842,-892,-430,2202,-1534
89,1819,-880,-371,-2835,-1836
110,1782,-840,1270,-3352,-2060
200,1807,-812,2095,-2378,-2177
345,1961,-707,1342,833,-2750
585,2310,-360,-2593,6327,-2757
854,2707,-76,-11572,6384,-1194
1118,3006,328,-14388,6480,-259
1267,3240,607,-22306,3277,-547
1205,3309,794,-26518,13353,-583
798,3354,987,-30950,32767,-3107
183,3466,950,-32768,32767,-2079
-89,3786,589,-32768,12221,2560
-40,4679,-332,-32768,12544,1481
65,4729,-647,-32768,26642,-537
239,4814,-477,-32768,23370,1097
460,4780,-162,-32768,10547,1910
474,4758,55,-32768,12005,-1004
351,4525,119,-32768,15371,-6700
94,4191,49,-32768,4941,-8055
-41,3794,41,-32768,-2562,-5553
21,3267,22,-32768,1699,-3576
92,2648,-70,-32768,8483,-3018
132,2126,-122,-32768,11412,-3338
127,1752,-115,-32768,6933,-3629
86,1473,-172,-32768,2612,-2688
50,1176,-344,-32768,5015,-1504
-34,745,-382,-32768,9553,-54
-141,217,-300,-32768,10304,731
-261,-312,-158,-31542,8059,690
-394,-755,-85,-26944,5550,276
-448,-1077,-68,-22720,7490,851
-456,-1311,-115,-19108,9064,384
-559,-1478,-136,-15699,7711,-1289
-709,-1602,-92,-10022,3662,-2949
-819,-1679,-102,-4113,-1235,-2888
-815,-1780,-144,2186,-4178,-1957
-716,-1841,-151,7276,-5300,-83
-625,-1817,-84,12144,-5367,2674
-570,-1765,-10,16972,-5313,4604
-500,-1685,81,21306,-5907,5436
-402,-1558,189,25747,-7394,5587
-292,-1377,254,29811,-7648,4831
-216,-1223,240,32767,-6558,3939
-202,-1043,160,32767,-6762,3803
-202,-764,139,32767,-5574,3973
-208,-434,219,32767,-4694,4481
-220,-59,259,32767,-8782,4142
-173,264,216,32767,-10230,2682
-121,600,178,32767,-8342,1746
-21,999,318,32767,-4086,3076
148,1534,607,32767,-1464,5002
305,2081,759,32767,211,5364
303,2546,1041,32767,9500,3883
2,2608,1167,32767,4805,3595
-261,2505,1223,32767,0,4405
-444,2701,1261,32767,-716,6702
-527,2958,1219,32767,-4404,7333
-693,3072,1179,32767,-9563,6686
-831,3021,1148,32767,-19460,5742
-836,2954,1005,32767,-32268,3692
-674,3023,700,32767,-32768,1560
-404,3188,397,30917,-32768,1880
-71,3156,190,24909,-32768,2742
298,2954,4,20667,-32768,1364
659,2769,-189,17143,-25932,-2542
1052,2658,-369,14065,-11903,-8326
1260,2573,-399,14982,9680,-11311
1014,2496,-432,14131,17928,-9935
533,2396,-491,13589,12614,-5997
89,2245,-484,14583,4685,-516
-177,2136,-456,12693,-337,4622
-274,2153,-371,8553,1527,6492
-394,2101,-386,9304,-6410,6586
-450,2026,-625,9296,-21896,4621
-295,2020,-807,6769,-23171,756
2,2087,-786,5648,-14187,-1356
299,2150,-686,6500,-5242,1048
547,2219,-686,5124,1674,5602
738,2419,-726,4092,8614,6495
863,2513,-685,-644,18732,6109
809,2341,-624,-1604,22022,3254
439,2222,-741,-941,23209,-1233
-265,2046,-824,-322,13811,-2771
-799,1880,-875,-922,-14062,-926
-638,1819,-906,-724,-28654,2330
-25,1851,-927,-928,-17252,4400
491,1868,-908,-2059,-2066,4131
625,1801,-884,-629,1423,2853
539,1736,-975,163,-3339,1288
464,1744,-1023,-215,-2319,-341
385,1770,-978,189,2056,-375
270,1783,-924,773,3074,497
158,1792,-907,1048,853,987
121,1795,-931,1254,-1867,662
169,1776,-969,1564,-1753,-125
244,1770,-1000,1682,-28,-626
292,1775,-1009,1880,1154,-397
283,1793,-1020,2013,1099,-277
233,1822,-1028,1224,1684,-423
161,1855,-1001,422,1729,-269
86,1851,-986,437,-1042,373
51,1809,-1006,663,-3531,730
80,1781,-1043,806,-3119,491
134,1768,-1075,774,-1402,231
185,1766,-1090,701,-601,11
222,1783,-1088,431,-179,-216
238,1807,-1061,43,607,-354
228,1822,-1033,-37,969,-143
196,1813,-1037,-40,352,173
155,1805,-1050,36,291,146
115,1801,-1049,-153,738,-57
80,1786,-1058,42,-397,-50
81,1777,-1085,134,-1470,-67
112,1786,-1110,208,-886,-279
138,1803,-1126,16,295,-347
141,1787,-1128,53,413,-58
127,1764,-1128,219,279,34
112,1756,-1144,278,568,-209
99,1754,-1165,347,980,-406
88,1749,-1163,336,1459,-363
84,1753,-1141,456,1818,-263
85,1763,-1118,-72,2429,-169
78,1762,-1082,-407,2273,-118
65,1742,-1079,806,-495,-15
80,1748,-1121,1085,-1670,-285
121,1763,-1140,1054,135,-556
142,1781,-1120,1342,1426,-493
146,1818,-1095,957,1369,-365
143,1846,-1063,483,993,-311
132,1845,-1053,128,385,-284
106,1812,-1069,287,-158,-116
79,1790,-1087,519,-104,-69
64,1791,-1103,382,-69,-81
64,1787,-1103,282,-199,33
77,1778,-1102,236,-586,149
98,1779,-1109,307,-590,140
113,1781,-1121,264,-290,-17
120,1773,-1125,369,-123,8
117,1772,-1123,454,45,33
111,1784,-1121,322,378,15
106,1781,-1107,298,480,105
106,1790,-1088,275,533,138
109,1817,-1078,-118,358,61
111,1839,-1057,-378,-157,85
130,1869,-1017,-1245,270,459
149,1867,-978,-1976,130,1073
162,1831,-986,-1552,-1286,1357
166,1799,-1037,-1479,-1054,991
150,1761,-1064,-987,19,367
130,1747,-1089,-755,-311,96
125,1745,-1109,-704,-538,211
134,1738,-1108,-297,-168,457
137,1748,-1117,-89,-316,433
139,1755,-1139,126,-512,83
149,1749,-1136,320,155,-238
158,1749,-1111,710,1183,-331
154,1759,-1099,1054,1166,-277
146,1780,-1106,1077,683,-418
142,1816,-1088,523,1283,-609
127,1820,-1045,447,1152,-416
104,1812,-1032,896,190,-134
105,1827,-1042,498,233,-86
118,1813,-1034,180,59,-53
138,1785,-1029,651,-468,-94
170,1789,-1051,474,-22,-240
187,1801,-1060,393,762,-400
184,1808,-1062,368,954,-361
165,1799,-1071,456,412,-284
142,1796,-1081,379,533,-321
114,1788,-1083,255,642,-307
92,1781,-1079,299,323,-248
91,1784,-1081,307,-114,-108
110,1792,-1088,384,-299,-67
136,1797,-1090,350,161,-220
143,1787,-1090,436,570,-177
128,1779,-1091,452,544,-135
114,1799,-1090,142,650,-152
103,1805,-1079,46,209,-49
106,1796,-1076,345,-444,20
122,1791,-1084,318,-21,-101
136,1789,-1088,222,597,-150
134,1783,-1086,144,525,-44
129,1777,-1080,129,-62,33
130,1782,-1083,288,-142,-65
133,1793,-1090,270,423,-190
132,1798,-1084,95,661,-149
126,1787,-1073,165,166,40
119,1781,-1074,330,16,33
114,1780,-1087,267,191,-85
110,1773,-1094,479,24,-141
124,1782,-1094,461,-1,-224
144,1797,-1086,222,774,-208
151,1802,-1068,106,1136,-67
137,1800,-1062,8,455,98
120,1788,-1074,230,-152,27
109,1779,-1086,340,-88,-152
105,1775,-1085,463,194,-177
117,1784,-1085,384,256,-118
132,1796,-1089,178,310,-104
143,1793,-1090,122,253,-140
143,1785,-1095,224,519,-177
130,1779,-1095,378,752,-129
114,1783,-1096,410,473,-59
99,1787,-1097,378,168,-153
98,1792,-1092,292,123,-164
107,1793,-1083,162,180,-73
117,1794,-1082,196,54,54
123,1788,-1085,348,-288,89
130,1783,-1093,371,-173,62
133,1779,-1095,364,319,-49
127,1778,-1099,428,316,-168
123,1783,-1100,481,167,-167
131,1796,-1094,243,222,-118
136,1790,-1083,248,69,28
131,1785,-1086,391,-297,60
124,1778,-1098,330,-132,-62
120,1774,-1097,299,149,-153
124,1786,-1088,134,378,-88
132,1795,-1083,21,23,-16
139,1795,-1080,114,-62,17
135,1794,-1085,65,244,-66
123,1791,-1088,44,389,-38
109,1787,-1093,109,112,53
105,1784,-1104,5,-334,66
114,1773,-1109,48,-337,80
128,1768,-1107,122,112,93
134,1774,-1100,37,314,103
130,1777,-1089,41,-97,127
129,1775,-1079,183,-216,45
121,1776,-1084,159,-225,34
114,1777,-1086,189,-162,47
113,1772,-1091,372,-339,113
114,1762,-1102,534,-697,-35
122,1762,-1118,602,-298,-234
128,1775,-1114,428,844,-335
126,1793,-1094,196,1128,-174
118,1801,-1078,142,361,17
112,1791,-1082,404,-191,-4
105,1782,-1093,589,313,-236
89,1783,-1105,600,463,-306
73,1784,-1104,446,297,-207
75,1785,-1100,493,62,-17
88,1791,-1103,306,-48,129
114,1794,-1103,255,-24,197
137,1789,-1088,228,376,116
140,1791,-1072,228,576,88
129,1799,-1069,214,367,128
118,1799,-1076,57,-126,205
118,1787,-1079,18,-398,238
127,1775,-1089,167,-257,188
132,1774,-1106,345,-38,146
132,1771,-1115,319,130,-2
139,1774,-1111,169,460,-33
149,1782,-1102,68,671,8
150,1781,-1095,-25,575,67
133,1785,-1095,-34,266,-103
87,1811,-1075,-664,292,-578
25,1843,-973,-1699,-92,-580
18,1830,-868,-1738,-4081,704
172,1815,-864,-958,-6016,1385
358,1819,-934,-1151,-2379,260
402,1782,-1030,-674,-207,-1963
305,1749,-1110,-356,-5,-3052
211,1776,-1088,-1027,1476,-2064
195,1796,-980,-1257,1926,-459
249,1800,-865,-872,257,-250
332,1775,-770,443,-573,-1611
386,1747,-748,2425,-563,-3377
398,1767,-794,3237,242,-4427
416,1850,-789,2380,2757,-4164
463,1982,-653,1774,3771,-3087
529,2186,-519,-163,1258,-2850
724,2508,-410,-5293,4875,-3782
1071,2886,113,-9327,20753,-4251
1335,3361,782,-21069,20094,-671
1196,3457,1134,-26760,9707,3454
661,3374,1195,-31448,19855,-960
59,3372,914,-32768,27564,-5181
-268,3695,410,-32768,10814,-2233
-91,4409,-295,-32768,-2336,5144
695,4587,-520,-32768,19886,9857
1447,4757,-448,-32768,32767,7699
1468,4745,-260,-32768,32767,3432
862,4655,-297,-32768,32671,-7148
78,4335,-258,-32768,24075,-14288
-537,3868,-49,-32768,6775,-14865
-741,3498,78,-32768,-7522,-8386
-488,3164,205,-32768,-13640,-1099
-44,2786,281,-32768,-5771,4473
363,2426,175,-32768,4615,4188
527,2076,-25,-32768,8783,1437
481,1690,-187,-32768,10967,-860
253,1230,-200,-32768,16043,-1302
-75,783,-139,-32768,14704,-579
-302,346,-2,-32768,11675,715
-400,-62,9,-32768,7027,1706
-481,-409,-90,-30805,5871,1652
-507,-725,-125,-26505,7569,8
-521,-1037,-150,-21362,10027,-1487
-640,-1320,-242,-17708,9968,-1891
-792,-1589,-283,-11274,3836,-2288
-867,-1727,-281,-3503,-3938,-2088
-848,-1705,-295,1776,-9397,-1404
-689,-1815,-331,7546,-5618,-1693
-603,-1897,-252,11723,-1648,-15
-583,-1921,-57,17167,-3023,1414
-542,-1829,99,21401,-6311,2471
-429,-1677,194,25732,-6281,3361
-318,-1444,250,29605,-6293,3480
-234,-1155,260,32767,-5271,2606
-227,-856,187,32767,-5951,1129
-306,-573,143,32767,-8893,937
-381,-318,193,32767,-7797,2920
-400,-68,280,32767,-8402,4157
-323,161,335,32767,-11776,2882
-172,433,401,32767,-9720,898
3,787,439,32767,-8745,-378
200,1287,551,32767,-4208,-1489
267,1827,672,32767,2584,-1140
150,2299,849,32767,8332,963
-10,2549,949,32767,5058,3432
-155,2665,1079,32767,-1049,4577
-177,2892,1216,32767,-3400,6957
-71,3060,1215,32767,-2308,6706
-145,3015,1143,32767,-1653,5393
-427,2956,1048,32767,-6867,4431
-706,3008,920,32767,-19974,3507
-759,3164,711,32767,-32768,1494
-597,3367,372,32767,-32768,1644
-267,3386,84,28467,-32768,2723
118,3170,-127,25179,-32133,2436
427,2977,-325,22162,-26322,111
677,2871,-462,17460,-17609,-4244
913,2675,-451,14979,79,-7613
995,2456,-421,13850,15068,-6946
831,2248,-445,12673,19552,-4008
595,2233,-470,8830,21678,-2064
308,2333,-418,5962,22318,1111
-111,2316,-373,8230,6413,5098
-528,2178,-412,9470,-15131,5163
-651,2071,-476,6737,-17162,1599
-555,2062,-492,4468,-7381,-1599
-346,2183,-516,4198,-6866,-1194
-37,2164,-609,3539,-14088,3125
400,1988,-769,5715,-16490,6360
771,2154,-1037,4153,-5237,4155
795,2199,-1090,813,13130,1687
472,1995,-995,1361,16012,-204
76,1820,-987,1179,6381,-604
-131,1765,-967,698,846,323
-163,1810,-914,626,-1024,472
-110,1912,-889,-920,-4420,554
13,1890,-886,-744,-8219,1273
180,1788,-962,1969,-7459,2117
327,1718,-1109,3003,-694,1565
382,1718,-1186,1989,4761,-272
324,1755,-1134,427,4731,-1283
249,1816,-1024,-595,2555,-959
208,1853,-970,-470,599,108
194,1843,-975,426,-68,855
191,1824,-996,538,1287,802
152,1806,-1015,521,1764,528
86,1800,-1037,23,-141,342
51,1796,-1061,-306,-2293,104
84,1782,-1089,-1,-2138,125
151,1762,-1133,462,-529,476
199,1764,-1171,83,482,631
206,1758,-1165,-388,991,324
161,1753,-1144,-280,997,-12
83,1754,-1137,-278,997,-23
22,1748,-1146,-314,29,55
-4,1731,-1165,153,-1166,155
15,1730,-1183,304,-814,50
55,1745,-1181,238,-296,251
87,1764,-1165,-60,-85,405
106,1776,-1144,-421,-112,288
109,1781,-1135,-455,-202,146
97,1774,-1142,-125,-99,129
74,1770,-1155,-63,16,34
52,1759,-1148,-95,-61,212
40,1752,-1142,83,-121,277
38,1756,-1153,253,-362,205
49,1759,-1163,167,-565,126
68,1749,-1155,64,-24,94
78,1737,-1149,305,112,137
72,1734,-1153,334,218,43
65,1743,-1152,444,142,-70
63,1759,-1140,343,103,-16
67,1767,-1132,196,-103,64
71,1768,-1117,286,-119,81
77,1773,-1100,252,-143,49
81,1777,-1096,203,-320,62
85,1776,-1097,422,-549,149
85,1777,-1103,387,-693,133
88,1780,-1106,386,-440,159
89,1780,-1102,262,-380,248
91,1780,-1100,113,-728,261
97,1774,-1108,61,-1025,250
109,1770,-1122,138,-761,196
111,1765,-1135,120,-446,160
92,1754,-1150,44,-322,51
66,1749,-1165,10,-8,-40
43,1749,-1166,-199,24,-24
35,1742,-1158,63,-325,125
45,1748,-1168,336,-319,48
54,1753,-1185,449,-81,-164
57,1746,-1188,360,359,-323
60,1742,-1166,306,1029,-249
51,1749,-1146,396,943,-182
43,1757,-1148,486,185,-306
49,1768,-1154,403,281,-328
55,1773,-1144,534,921,-221
46,1777,-1142,640,447,-76
40,1787,-1147,321,182,-120
42,1783,-1136,79,429,-130
48,1771,-1123,155,139,49
64,1764,-1119,274,-124,145
82,1760,-1125,359,-33,69
93,1759,-1134,259,449,-79
88,1760,-1125,41,810,-56
77,1766,-1105,-75,620,166
69,1760,-1098,137,-72,125
69,1758,-1114,244,-290,-179
72,1760,-1129,315,432,-292
71,1766,-1136,152,712,-226
70,1764,-1138,187,850,-252
74,1746,-1144,211,1154,-404
74,1746,-1155,179,1301,-504
75,1755,-1165,309,788,-293
67,1763,-1178,301,168,-79
48,1765,-1175,-7,483,49
18,1755,-1156,51,594,40
-2,1766,-1137,52,288,13
18,1783,-1125,37,-762,194
81,1784,-1120,-1,-1387,356
144,1779,-1128,-111,-338,310
145,1769,-1135,-103,1086,37
106,1760,-1130,-25,1167,-196
81,1763,-1127,-39,290,-283
84,1772,-1131,-47,229,-207
78,1773,-1124,-88,680,-142
56,1769,-1109,-4,484,-24
41,1777,-1100,-36,-83,11
59,1796,-1088,-174,-381,158
101,1799,-1067,-151,-480,300
140,1796,-1069,-364,-320,254
140,1781,-1087,-363,16,150
106,1768,-1105,-190,-233,8
77,1766,-1113,-180,-533,38
69,1768,-1111,-176,-500,144
72,1774,-1114,-125,-685,131
73,1770,-1128,-137,-514,-14
66,1754,-1139,115,41,-189
55,1746,-1152,186,280,-302
48,1754,-1155,311,424,-358
53,1768,-1139,307,446,-250
69,1773,-1122,208,355,-98
75,1775,-1117,147,541,-107
55,1772,-1118,58,593,-202
23,1770,-1116,151,369,-277
5,1767,-1114,326,-237,-156
14,1763,-1119,426,-562,-70
41,1771,-1120,379,139,-154
69,1773,-1107,298,887,-278
87,1760,-1101,679,1094,-415
95,1750,-1119,914,1711,-800
86,1762,-1139,956,2617,-1130
72,1784,-1140,672,2032,-847
63,1808,-1123,251,1021,-267
40,1824,-1102,-164,567,107
-7,1816,-1090,-202,-266,362
-23,1798,-1080,6,-1123,489
13,1786,-1074,142,-1702,400
78,1784,-1079,289,-1431,170
133,1787,-1085,119,-458,-10
155,1783,-1091,-90,329,-28
148,1781,-1096,-218,709,-116
120,1778,-1109,-107,775,-193
86,1771,-1122,79,661,-284
60,1767,-1130,14,663,-324
40,1759,-1125,74,439,-208
28,1762,-1120,215,63,-176
29,1774,-1114,111,38,-208
41,1779,-1103,135,89,-159
54,1784,-1103,109,-12,-70
63,1787,-1108,24,-79,9
67,1784,-1098,-40,205,-32
65,1787,-1085,-138,399,-143
57,1789,-1079,-70,168,-122
54,1786,-1074,-128,-86,-96
56,1788,-1075,-61,41,-51
57,1783,-1082,55,-15,-38
60,1781,-1086,74,18,-28
66,1783,-1089,26,289,-111
69,1781,-1084,-80,346,-127
65,1784,-1089,-14,217,-187
45,1784,-1099,40,316,-310
31,1782,-1100,117,222,-268
32,1780,-1096,188,193,-102
38,1778,-1103,469,103,-174
43,1791,-1110,368,551,-422
44,1805,-1103,-9,814,-355
36,1788,-1100,63,77,-104
29,1776,-1110,231,-53,9
12,1770,-1124,91,367,-107
-45,1745,-1116,-136,-816,-584
-134,1762,-1053,-396,-2912,-1012
-147,1759,-998,-474,-3376,-309
-40,1718,-1033,1987,-3263,-260
111,1737,-1125,795,-1465,-2085
243,1780,-1101,742,-1052,-3048
429,1826,-993,855,740,-1698
601,1879,-871,71,4647,-1179
662,1951,-736,-988,10640,-2764
572,1969,-593,-1518,14108,-3418
420,1977,-447,-1806,8583,-2929
347,2036,-250,-1683,605,-2525
424,2205,82,-1507,-416,-1917
572,2496,249,-6331,-2272,-625
716,2832,210,-13113,-5791,1618
960,3470,344,-25997,5622,2685
1185,3748,1061,-32768,25289,941
996,3612,1584,-32768,29828,-4572
388,3829,1156,-32768,32266,-3091
-262,4401,-11,-32768,23151,-4278
-641,4681,-762,-32768,2093,-2490
-87,4627,-487,-32768,-1416,3510
889,4701,-33,-32768,14393,7930
1086,4569,13,-32768,27983,141
634,4329,10,-32768,23178,-7672
281,4087,109,-32768,14487,-9798
-50,3931,126,-32768,3821,-7478
-220,3536,179,-32768,1939,-3424
-226,2856,182,-32768,7469,-2304
-193,2227,97,-32768,8494,-3413
-171,1732,77,-32768,5667,-3875
-139,1446,50,-32768,2686,-3648
-141,1262,-11,-32768,3286,-2939
-160,999,-117,-32768,3939,-2414
-236,595,-206,-32768,4464,-1153
-288,149,-176,-32768,4238,734
-299,-251,-121,-31823,3507,1537
-284,-607,-134,-26827,3733,1046
-322,-946,-186,-22420,8837,1945
-530,-1246,-248,-19279,9561,2294
-800,-1513,-295,-13085,1429,974
-894,-1663,-283,-6386,-3518,-793
-850,-1733,-256,292,-5656,-2047
-763,-1772,-258,5496,-6416,-1648
-695,-1858,-226,11351,-6517,558
-616,-1902,-93,16937,-5893,3017
-520,-1841,69,21777,-7549,4915
-385,-1718,189,26390,-9073,5608
-259,-1593,262,30768,-8248,5372
-169,-1423,288,32767,-6548,4386
-106,-1164,278,32767,-6416,3663
-61,-778,228,32767,-5800,3225
-59,-389,200,32767,-4861,3274
-91,16,180,32767,-3079,2177
-172,367,227,32767,-54,1497
-275,691,416,32767,-1132,2361
-285,969,641,32767,-3798,3119
-207,1237,711,32767,-4655,3658
-150,1554,755,32767,-421,4578
-180,1952,934,32767,-1359,6099
-199,2367,1179,32767,-3916,6670
-133,2560,1399,32767,-5524,4590
-85,2466,1253,32767,-8421,3595
-133,2484,1135,32767,-1718,3732
-335,2749,1079,32767,-2790,6896
-513,3009,1055,32767,-11806,9515
-457,3120,1125,32767,-17178,7044
-333,3166,1017,32767,-26146,2096
-254,3131,598,32767,-32768,-2835
-135,3137,297,29411,-32768,-4442
-57,3081,172,25871,-25741,-1919
-11,2983,50,22162,-25119,871
139,2906,-165,18212,-27160,1191
532,2776,-399,14611,-20483,-1181
1009,2537,-508,13889,455,-5074
1163,2285,-516,14923,19099,-7006
855,2213,-498,11774,22245,-6393
310,2277,-393,7428,18757,-3671
-219,2189,-298,9287,5503,1046
-582,2076,-315,12394,-15392,5996
-543,2000,-495,12842,-27667,8383
-74,2121,-749,10911,-23754,5290
465,2325,-765,4960,-2560,-1048
538,2274,-498,5853,14536,-3207
232,2143,-421,7454,4112,115
4,2046,-618,6070,-12347,3819
61,2009,-834,3743,-9747,3483
173,1975,-913,2930,1197,865
133,1939,-889,2194,3239,-470
31,1954,-921,2244,-918,121
16,1969,-1071,1277,-2480,1129
90,1877,-1138,2035,-1075,1255
201,1838,-1112,1408,1299,640
255,1823,-1049,182,4353,675
189,1822,-974,73,3850,948
87,1852,-945,-117,704,1142
59,1876,-969,-634,-1350,817
113,1851,-1013,-620,-1656,372
207,1808,-1063,-68,-123,337
243,1780,-1096,203,2446,384
181,1762,-1111,-54,2194,274
94,1756,-1106,-300,126,179
65,1754,-1101,122,-909,281
114,1774,-1097,201,124,428
187,1798,-1075,-317,1836,418
210,1790,-1053,-283,1905,487
167,1785,-1071,-329,561,326
98,1769,-1107,-451,-997,101
47,1745,-1132,-81,-1207,-58
30,1742,-1147,126,-349,-52
41,1746,-1154,-11,-79,59
73,1741,-1161,104,-478,56
103,1737,-1187,148,-276,-177
110,1739,-1207,24,902,-514
88,1741,-1191,27,1709,-546
49,1741,-1161,304,1088,-236
26,1758,-1147,130,387,-95
18,1767,-1135,-129,68,-69
24,1770,-1123,-204,-309,-5
38,1774,-1128,-205,-724,101
49,1771,-1140,-331,-822,86
56,1765,-1144,-482,-310,50
60,1763,-1136,-619,344,203
65,1782,-1114,-943,816,334
76,1806,-1086,-1394,488,588
94,1811,-1064,-1126,-71,975
101,1795,-1069,-751,62,1083
81,1783,-1090,-571,-153,761
74,1784,-1084,-56,640,635
94,1799,-1068,104,969,1204
145,1824,-1113,-3157,1343,1643
164,1764,-1104,-3681,3829,866
96,1709,-1024,-1564,7656,-1180
-4,1716,-1070,1061,-820,-1078
1,1738,-1196,1338,-6510,-749
69,1733,-1215,1987,-1944,-1039
51,1745,-1173,1971,1472,-600
-20,1774,-1139,1396,-194,-36
-39,1814,-1113,421,-1631,135
5,1822,-1085,70,-1980,55
76,1806,-1076,212,-1741,-107
125,1797,-1099,257,-939,-68
127,1787,-1131,208,259,75
77,1770,-1128,321,878,3
16,1769,-1112,196,12,-131
-4,1776,-1113,120,-1173,-197
30,1780,-1121,177,-983,-212
82,1775,-1122,248,332,-102
107,1767,-1125,430,897,-86
96,1768,-1127,459,1173,-253
61,1778,-1116,367,1340,-420
24,1779,-1107,388,472,-423
13,1781,-1100,369,73,-341
25,1791,-1095,330,497,-127
42,1794,-1093,345,685,55
54,1793,-1082,152,632,102
63,1791,-1076,93,62,35
66,1782,-1090,226,-179,-163
60,1765,-1121,561,130,-325
45,1755,-1138,858,572,-341
46,1766,-1139,628,800,-321
62,1780,-1116,461,754,-256
73,1782,-1095,502,860,-203
73,1786,-1084,378,887,-256
63,1789,-1080,396,595,-184
61,1792,-1079,291,241,-28
69,1793,-1067,199,228,37
78,1794,-1067,110,46,-42
79,1786,-1082,294,-83,-150
75,1778,-1106,319,112,-207
70,1775,-1120,212,440,-137
65,1774,-1118,244,189,-65
68,1778,-1112,240,211,-49
75,1779,-1104,175,609,-59
81,1781,-1101,84,580,-86
77,1780,-1104,184,461,-84
67,1779,-1103,127,290,-60
58,1778,-1100,93,-133,-93
52,1776,-1104,237,-162,-132
53,1777,-1112,201,82,-28
58,1777,-1112,162,83,10
70,1777,-1108,159,38,8
80,1775,-1113,239,228,-110
75,1771,-1124,242,439,-196
58,1765,-1131,292,441,-219
41,1768,-1132,234,397,-115
32,1775,-1123,181,361,19
38,1779,-1111,264,118,56
54,1785,-1104,176,-8,16
67,1777,-1101,150,61,-84
67,1773,-1105,351,283,-201
53,1774,-1116,339,335,-199
43,1777,-1116,345,251,-160
47,1782,-1115,307,194,-107
56,1779,-1112,215,403,-10
60,1778,-1107,278,474,-31
55,1776,-1113,381,285,-103
50,1775,-1121,314,116,-140
52,1774,-1123,272,106,-98
50,1774,-1124,308,270,-38
45,1767,-1125,405,233,-18
46,1769,-1126,373,233,-35
54,1769,-1120,354,210,-67
65,1770,-1118,381,207,-154
69,1776,-1122,301,446,-205
69,1783,-1124,249,578,-147
69,1783,-1116,155,587,25
66,1777,-1108,280,292,99
58,1776,-1110,203,178,-33
53,1771,-1109,270,142,-39
55,1770,-1111,206,-34,-20
65,1772,-1114,253,39,-36
76,1771,-1116,274,258,-36
81,1772,-1121,291,339,-92
78,1769,-1129,357,413,-104
69,1770,-1127,242,541,-97
59,1775,-1118,176,332,-95
54,1776,-1119,176,97,-44
55,1774,-1118,266,76,-38
61,1773,-1117,288,61,28
66,1770,-1119,346,136,-2
65,1770,-1122,234,135,-68
65,1773,-1122,142,184,-93
64,1771,-1119,126,227,-105
66,1771,-1123,323,208,-139
68,1771,-1131,266,324,-41
68,1767,-1131,264,439,-5
60,1765,-1127,314,428,-88
51,1770,-1128,197,97,-204
50,1773,-1126,244,223,-152
57,1771,-1124,284,339,-25
60,1768,-1126,272,86,15
60,1766,-1131,257,112,-50
58,1770,-1129,211,366,-175
55,1770,-1123,296,358,-116
52,1770,-1122,288,165,-57
52,1766,-1131,330,47,-74
57,1764,-1136,359,225,-119
59,1764,-1134,216,323,-130
56,1767,-1128,257,408,-168
50,1771,-1125,180,254,-211
49,1773,-1126,193,120,-103
54,1773,-1123,253,354,1
61,1772,-1120,284,172,77
65,1770,-1124,267,68,-32
66,1769,-1122,149,541,-145
61,1769,-1117,183,470,-177
49,1765,-1126,60,143,-120
-19,1727,-1124,-541,-744,-637
-143,1683,-1080,184,-3223,-1248
-184,1640,-1102,2198,-5737,-947
-70,1675,-1177,3363,-3340,-1475
127,1766,-1209,1596,704,-2426
327,1827,-1145,742,1067,-1766
469,1867,-1038,-349,1642,-841
502,1859,-917,-250,4042,-1338
396,1819,-861,988,5347,-2573
225,1835,-835,935,4371,-3424
160,1937,-697,-755,3216,-2709
238,2015,-439,-1205,636,-1224
409,2123,-183,-906,-2271,-634
621,2302,-95,-5245,-3881,-1082
813,2427,-24,-8835,-973,-761
898,2687,-6,-10629,-1544,-149
967,3135,-170,-18939,921,-481
964,3168,129,-25373,18083,-342
673,3082,546,-27742,32767,-3116
102,3152,606,-32768,32767,-4231
-362,3413,386,-32768,13554,-393
-385,3956,-62,-32768,628,1818
-52,4075,-423,-32768,14752,1265
247,4174,-557,-32768,25768,611
489,4397,-348,-32768,18455,528
472,4394,11,-32768,16306,-1877
153,4205,175,-32768,18991,-7150
-138,3906,249,-32768,10553,-11244
-304,3572,330,-32768,-680,-11272
-257,3258,440,-32768,-8205,-6339
-22,2955,541,-32768,-4489,-2154
186,2606,471,-32768,5635,-331
303,2229,309,-32768,9177,-1429
296,1911,187,-32768,7850,-2800
187,1646,91,-32768,7246,-3003
-11,1290,21,-32768,6478,-1617
-177,860,23,-32768,5482,568
-274,400,41,-32768,4467,2891
-332,39,13,-32768,1690,3912
-346,-273,1,-30319,3284,2767
-404,-528,-16,-27076,6276,1764
-474,-836,-38,-22376,9454,733
-607,-1145,-80,-18567,10658,-126
-833,-1442,-81,-14225,3970,-2111
-962,-1642,-68,-8086,-3589,-4233
-893,-1716,-24,-2556,-5452,-4410
-763,-1718,-13,1340,-5442,-3214
-702,-1782,10,5236,-4989,-1385
-668,-1884,111,9890,-4573,320
-614,-1925,241,13907,-5634,1155
-530,-1843,346,17345,-7530,1967
-403,-1649,436,20045,-6791,2437
-280,-1424,506,20861,-4581,2900
-212,-1296,583,23865,-3520,3449
-214,-1209,646,27045,-3236,3746
-235,-1112,672,30940,-4228,4375
-214,-906,683,32488,-2612,4585
-200,-670,660,32767,-3639,3889
-189,-379,620,32767,-4435,2239
-206,-102,669,32767,-4359,1114
-264,111,787,32767,-3099,765
-309,236,902,32767,-425,2209
-331,372,953,32767,-2939,3357
-279,565,926,32767,-8005,3971
-172,868,881,32767,-7972,3519
-85,1234,870,32767,-4918,3369
5,1614,963,32767,-1461,3977
26,2022,1164,32767,202,3661
63,2277,1147,32767,-4025,3524
163,2480,1129,32767,-2701,2382
154,2717,1063,32767,380,3132
8,2854,970,32767,-1133,5116
-169,2936,980,32767,-2821,6618
-267,3018,1001,32767,-8565,5631
-275,3032,901,32767,-19765,2525
-261,2990,569,32609,-29223,-989
-224,2990,296,27735,-20505,-1714
-238,2927,172,24899,-16189,613
-241,2924,67,21821,-22791,2000
-75,2950,-71,16273,-25199,954
254,2828,-214,12050,-19885,-1107
596,2611,-264,10513,-7715,-2934
771,2412,-265,9243,2357,-3563
711,2243,-278,8801,8970,-3835
503,2125,-325,8934,11440,-3165
253,2075,-413,7375,6335,-909
26,2123,-430,4313,648,1368
-163,2091,-412,4006,-2215,3143
-308,2016,-487,6660,-8461,4442
-352,1999,-636,7463,-10726,3056
-303,2021,-766,6778,-13626,845
-150,2019,-836,5669,-15770,-165
31,2001,-834,4953,-9718,571
116,1963,-853,4892,-4521,2677
118,1921,-886,5488,-5362,4334
127,1919,-907,5491,-5332,4318
164,1947,-931,4393,-1320,2423
176,2054,-963,3627,2085,667
143,2099,-963,2774,3799,1412
123,1972,-890,1142,7618,2180
85,1847,-852,1510,8496,2280
42,1809,-918,2414,2258,3180
125,1890,-1048,1264,-62,2295
210,1955,-1083,-590,5324,-665
71,1891,-983,173,4515,-1465
-83,1852,-918,237,-2577,659
-30,1872,-905,-716,-4298,2710
138,1896,-905,-1647,-1863,2487
218,1879,-890,-2066,-1446,1540
174,1845,-894,-1613,-3309,1275
129,1823,-942,-1216,-4008,1729
154,1811,-970,-1119,-2272,2075
220,1797,-979,-1229,-1694,1895
267,1778,-984,-975,-2215,1396
279,1755,-998,-405,-2305,884
268,1733,-1028,82,-1915,297
252,1769,-1060,-304,20,-420
235,1802,-1045,-183,2153,-250
207,1803,-1017,-23,1788,342
198,1812,-1001,-342,1047,276
195,1825,-971,-537,1155,-57
190,1830,-943,-288,1122,-230
171,1842,-956,-444,84,3
146,1838,-979,-326,-828,464
130,1821,-996,-26,-1236,489
140,1819,-1004,-86,-754,46
167,1827,-991,-145,225,-133
189,1830,-993,-107,-1,167
203,1827,-1008,-303,-112,240
193,1813,-1015,-314,352,124
163,1803,-1015,-119,803,-65
126,1791,-1014,403,359,-245
101,1796,-1024,630,-432,-458
108,1814,-1024,281,230,-467
125,1817,-1015,324,537,-162
146,1824,-1027,218,9,22
157,1816,-1041,196,-87,-231
152,1809,-1035,389,621,-475
130,1814,-1028,340,1007,-423
104,1822,-1019,241,561,-203
90,1828,-1010,155,-76,-27
91,1827,-1004,111,-337,-25
100,1826,-1011,68,-350,-123
106,1821,-1025,29,-224,-115
108,1818,-1034,47,-172,-122
114,1815,-1038,19,-162,-116
121,1815,-1044,-32,58,-122
122,1820,-1039,-126,449,-100
114,1821,-1027,-126,578,-75
99,1825,-1015,-86,433,-79
86,1831,-1007,-140,69,-17
82,1832,-1010,-196,-325,38
86,1826,-1014,-176,-120,52
89,1818,-1020,-38,-67,71
98,1814,-1032,33,-136,36
108,1811,-1039,75,143,-79
106,1813,-1038,149,528,-76
98,1819,-1027,124,586,-42
93,1824,-1012,108,160,43
94,1826,-1002,159,59,50
93,1823,-1001,239,149,49
92,1824,-1004,304,-94,37
96,1825,-1008,273,-145,44
108,1824,-1006,292,67,64
116,1827,-1006,278,162,45
121,1829,-1004,203,224,20
124,1829,-997,220,403,56
120,1830,-992,245,303,71
108,1832,-997,269,-66,52
100,1829,-1003,203,6,29
93,1825,-1006,240,112,56
95,1827,-1004,228,-81,159
107,1824,-1003,226,-177,220
114,1813,-1010,406,-78,168
116,1807,-1026,594,-110,17
120,1809,-1039,547,181,-67
118,1809,-1039,500,472,-23
109,1811,-1032,554,436,56
104,1820,-1016,446,486,78
111,1822,-994,540,187,154
131,1819,-986,740,-205,176
149,1820,-1000,803,-114,-49
152,1827,-1009,536,498,-245
148,1844,-991,158,911,-142
152,1856,-966,-28,521,227
162,1847,-959,119,-186,398
168,1832,-982,218,80,93
153,1816,-1004,186,796,-208
124,1812,-1005,259,508,-65
112,1817,-1004,272,-468,113
127,1816,-1018,272,-592,83
145,1808,-1037,383,-66,-45
147,1806,-1052,385,591,-186
139,1807,-1048,344,741,-96
131,1812,-1041,268,416,-27
127,1815,-1038,223,386,-44
120,1815,-1032,256,386,-51
115,1815,-1024,350,397,-67
112,1816,-1021,435,107,-17
115,1823,-1025,312,-97,-36
125,1819,-1026,210,16,38
140,1815,-1030,185,66,71
155,1811,-1034,226,490,-86
159,1812,-1033,237,923,-206
149,1813,-1026,185,920,-186
138,1813,-1023,252,577,-153
128,1815,-1022,174,422,-145
121,1812,-1021,266,311,-118
120,1812,-1023,262,-39,-88
129,1816,-1024,180,-89,-124
145,1816,-1020,147,333,-147
151,1813,-1022,277,636,-197
146,1815,-1029,215,556,-178
134,1814,-1031,157,323,-187
123,1813,-1026,199,253,-208
116,1812,-1027,300,269,-133
116,1813,-1036,302,16,-129
121,1811,-1041,263,36,-176
130,1807,-1042,240,303,-159
133,1807,-1038,279,529,-146
133,1815,-1029,227,343,-173
132,1813,-1022,298,317,-206
129,1816,-1018,314,470,-184
124,1819,-1021,159,359,-189
118,1816,-1019,237,134,-155
123,1817,-1020,246,167,-136
131,1818,-1024,254,130,-131
138,1819,-1028,86,298,-198
135,1811,-1025,208,698,-197
120,1810,-1031,275,636,-205
108,1809,-1035,321,145,-188
106,1815,-1032,258,98,-155
115,1817,-1026,207,304,-72
124,1821,-1025,213,290,-1
130,1820,-1029,119,438,-65
129,1811,-1031,164,461,-112
121,1808,-1034,276,272,-144
113,1809,-1041,268,219,-150
106,1811,-1039,257,255,-112
107,1813,-1034,215,237,-38
118,1814,-1029,220,126,49
134,1814,-1028,200,172,14
147,1815,-1028,178,315,-93
146,1815,-1027,205,500,-176
133,1815,-1026,189,570,-147
117,1816,-1021,147,246,-52
114,1818,-1019,113,98,-5
92,1811,-1023,-393,-133,-350
-17,1783,-987,-652,-2581,-1009
-111,1734,-913,-89,-5570,-923
-49,1746,-857,2174,-5503,-612
159,1852,-868,1917,-2984,-1163
403,1881,-911,376,-1150,-2820
550,1852,-938,336,2227,-3549
555,1877,-943,434,4574,-2651
531,1921,-909,-240,5752,-1790
533,1941,-804,-929,8685,-2034
490,1929,-652,-691,10967,-2380
398,1951,-500,-513,9609,-2237
308,2023,-327,-1214,5049,-1487
273,2091,-118,-1814,472,-524
317,2189,52,-3606,-3331,132
421,2375,52,-10283,-7909,700
631,2594,119,-15769,-3370,1400
993,3197,308,-26979,10341,1257
1193,3466,735,-32768,26694,-2125
881,3359,1273,-32768,32767,-7112
217,3657,1147,-32768,32573,-5082
-329,4315,359,-32768,20648,-6083
-621,4727,-417,-32768,2067,-5006
-221,4748,-390,-32768,-6529,2923
766,4720,120,-32768,-937,10736
1316,4546,425,-32768,17279,5774
1063,4302,324,-32768,26855,-3072
552,3902,216,-32768,21805,-8621
36,3572,163,-32768,9767,-9266
-266,3082,230,-32768,3580,-6000
-289,2457,285,-32768,4778,-3119
-158,1927,264,-32768,8098,-2625
-22,1590,265,-32768,5865,-3783
62,1427,240,-32768,5853,-4640
15,1297,137,-32768,6186,-4867
-113,1050,36,-32768,6173,-4398
-261,617,-28,-32768,5247,-2549
-426,136,-25,-32768,3321,635
-586,-319,29,-31801,1737,2680
-656,-660,12,-27871,-2813,1535
-474,-911,0,-23282,-3034,-829
-282,-1055,-93,-20898,3822,-2440
-355,-1232,-208,-17855,9590,-2729
-606,-1439,-277,-12316,5352,-3181
-769,-1676,-329,-4670,-2008,-2657
-781,-1874,-357,1446,-5913,-1208
-738,-1967,-351,7503,-9599,-718
-608,-1949,-273,13172,-9698,-239
-416,-1882,-147,17128,-6519,1307
-279,-1805,-21,21028,-6300,2889
-241,-1739,98,25461,-8413,4251
-255,-1616,224,28924,-7865,4830
-258,-1390,323,31528,-4924,4695
-247,-1092,422,32767,-5919,4170
-187,-809,514,32767,-7576,3050
-104,-573,620,32767,-6804,1444
-19,-365,720,32767,-5096,603
67,-118,833,32767,-253,424
109,197,922,32767,1881,93
135,499,940,32767,2143,-113
95,783,887,32767,2455,984
0,1055,988,32767,6060,2783
-158,1309,1160,32767,2388,5985
-252,1507,1200,32767,-1549,8343
-242,1671,1169,32767,-4651,9597
-149,1853,1182,32767,-5225,9932
25,2064,1109,32767,-6753,9399
147,2350,1133,32767,357,7809
116,2483,1085,32767,476,6867
37,2463,877,32767,-5931,7121
-74,2634,788,32767,-1332,6496
-332,3022,720,32767,-2107,5054
-589,3368,641,32767,-17514,1662
-672,3469,509,32767,-32768,125
-514,3419,289,31974,-32768,1113
-314,3197,49,24845,-26677,2725
-249,2951,-161,19789,-25459,3268
-80,2840,-339,13571,-31510,1243
359,2765,-449,8487,-26101,-3119
831,2636,-451,7256,-7126,-6343
977,2408,-407,7085,4784,-6638
789,2112,-373,9794,6576,-6438
553,1911,-460,12278,5191,-4013
410,1976,-534,9881,6066,-256
242,2097,-544,9328,4835,3768
5,2048,-651,12219,-9787,6707
-72,1941,-853,12040,-20827,5270
118,1936,-974,10455,-15257,1868
386,2018,-946,8996,-1647,-107
392,2072,-777,8059,12310,-1622
86,2039,-670,8757,9096,-1188
-312,1995,-714,7152,-7401,334
-450,1959,-764,4702,-13668,1314
-261,1945,-794,3944,-8191,1315
37,1925,-910,3549,-5881,1519
288,1881,-1046,1755,-5357,2090
453,1905,-1134,2229,-990,2187
499,2169,-1188,-730,6018,1449
371,2173,-1038,-2377,8659,1468
205,2048,-891,-1981,5775,1143
42,1914,-896,-1552,2288,1012
-97,1792,-976,-607,-1499,1131
-147,1722,-1086,621,-4795,1111
-88,1717,-1201,19,-5190,971
55,1722,-1248,-623,-2026,973
216,1709,-1227,-508,2243,1101
307,1721,-1191,-955,4700,757
289,1721,-1152,-897,4613,-141
171,1716,-1123,-423,2306,-649
35,1745,-1112,-247,-217,-374
-46,1767,-1093,-109,-777,450
-46,1782,-1071,299,-760,1168
26,1792,-1093,149,-770,1186
108,1767,-1138,-456,-947,778
160,1728,-1174,-581,-1057,387
161,1714,-1201,-567,-187,23
110,1706,-1211,-391,345,35
51,1704,-1210,162,103,252
34,1721,-1198,326,408,346
51,1741,-1163,79,294,291
78,1755,-1143,-120,-541,223
95,1763,-1148,-202,-362,264
89,1757,-1165,-402,-97,220
75,1752,-1179,-687,-128,167
61,1736,-1193,-626,-220,164
58,1730,-1199,-381,323,80
53,1736,-1193,-602,730,31
39,1736,-1184,-500,37,38
29,1739,-1184,-288,-55,71
23,1735,-1188,-147,309,206
17,1722,-1188,114,469,159
12,1718,-1190,314,341,60
19,1722,-1196,435,332,-97
36,1727,-1195,538,605,-195
47,1726,-1188,469,807,-256
49,1725,-1176,706,1230,-290
39,1728,-1174,1075,1230,-358
23,1728,-1188,1194,473,-401
28,1734,-1193,890,147,-443
45,1747,-1171,706,516,-347
50,1763,-1160,685,502,-168
39,1770,-1159,340,25,-37
33,1761,-1156,386,-597,-68
46,1764,-1157,287,-530,-32
66,1764,-1147,69,-171,7
76,1754,-1144,514,-516,68
81,1753,-1168,347,-227,-65
73,1742,-1185,229,381,-168
56,1729,-1177,218,390,-43
47,1734,-1167,291,57,109
54,1747,-1162,360,-172,37
72,1759,-1163,239,-102,-20
70,1750,-1166,145,94,38
46,1734,-1175,367,-340,58
29,1738,-1184,359,-513,71
43,1747,-1172,141,-498,175
75,1745,-1157,134,-671,269
93,1747,-1165,19,-470,186
89,1744,-1182,-112,142,19
69,1738,-1184,26,82,9
51,1730,-1179,124,-193,-1
48,1730,-1178,162,-365,-88
53,1733,-1189,179,-41,-185
55,1737,-1199,116,441,-194
52,1734,-1197,66,419,-42
51,1731,-1192,56,399,-81
52,1738,-1191,-98,598,-170
45,1742,-1179,-232,827,-193
35,1745,-1163,-206,551,-201
22,1743,-1171,-59,70,-193
19,1735,-1193,138,-113,-250
17,1719,-1223,364,-42,-408
21,1713,-1234,356,384,-525
28,1719,-1225,233,996,-541
27,1732,-1206,341,1118,-397
23,1749,-1187,194,902,-354
22,1753,-1171,193,558,-254
24,1753,-1164,123,535,-148
25,1754,-1157,74,519,-112
25,1755,-1151,31,154,-162
33,1751,-1153,186,-47,-217
44,1746,-1173,198,279,-218
59,1749,-1180,68,816,-119
64,1751,-1165,-41,1108,-177
54,1751,-1156,119,877,-193
41,1751,-1161,11,793,-200
28,1746,-1162,11,584,-225
26,1744,-1165,125,251,-148
30,1747,-1166,191,235,-104
34,1747,-1166,235,190,-126
38,1750,-1157,272,464,-154
38,1756,-1144,145,483,-152
39,1759,-1141,303,25,-40
47,1765,-1143,71,143,14
47,1761,-1145,66,422,14
34,1751,-1147,108,584,2
22,1745,-1155,178,273,-32
19,1743,-1166,158,-229,-102
26,1736,-1176,434,-276,-150
33,1740,-1185,346,271,-106
30,1745,-1179,217,487,-40
27,1747,-1166,144,10,20
33,1748,-1164,168,-84,-26
34,1752,-1162,262,392,-198
29,1755,-1169,374,262,-129
24,1751,-1175,361,0,37
25,1748,-1183,368,-122,25
26,1747,-1182,131,208,-29
24,1739,-1171,161,217,20
29,1741,-1164,255,87,77
39,1746,-1160,254,253,28
52,1749,-1157,204,268,2
57,1751,-1156,226,198,-54
51,1753,-1155,191,427,-11
41,1752,-1150,142,321,0
37,1750,-1150,181,-9,-43
44,1748,-1156,248,81,-172
55,1753,-1165,292,629,-182
54,1750,-1161,222,734,-79
42,1750,-1154,193,235,-14
38,1751,-1157,235,313,-67
39,1753,-1152,205,580,-95
41,1753,-1147,241,158,9
43,1747,-1152,237,-65,12
39,1743,-1165,261,226,-146
32,1739,-1180,239,186,-146
36,1741,-1179,316,316,-132
46,1749,-1172,246,430,-90
54,1751,-1164,196,484,-63
53,1747,-1165,187,451,-93
44,1742,-1169,251,479,-115
33,1743,-1172,231,457,-177
27,1744,-1171,295,87,-200
29,1745,-1172,203,86,-173
30,1743,-1170,231,414,-124
31,1746,-1178,320,100,-54
43,1749,-1187,232,-66,-34
56,1741,-1180,248,451,-122
51,1741,-1175,382,636,-161
34,1743,-1180,252,401,-219
31,1751,-1174,214,160,-92
39,1753,-1159,131,156,30
49,1752,-1148,199,138,48
49,1752,-1150,244,241,-46
46,1751,-1154,266,217,-105
47,1751,-1159,188,138,-132
52,1748,-1162,188,204,-126
36,1733,-1161,-275,564,-328
-59,1714,-1099,-909,-766,-1140
-146,1742,-990,-1607,-3070,-506
-72,1856,-924,-754,-2596,767
52,1951,-891,-2628,-339,-460
129,1908,-818,-3626,-2569,-1833
238,1824,-753,-2038,-5439,-730
414,1779,-736,-178,-2053,333
586,1811,-739,-54,5067,-483
707,1899,-670,-1396,9944,-1824
760,2015,-455,-2276,5636,-2454
811,2171,-192,-3580,-3576,-2959
865,2376,-113,-6792,-5878,-2577
917,2729,12,-11251,9497,-1934
879,3127,306,-23250,28645,-1234
708,3115,689,-26688,25542,-1294
495,3060,823,-30866,16876,-2314
253,3217,704,-32768,15962,-3508
33,3716,359,-32768,18223,-4174
-179,4253,-206,-32768,11568,-2951
-48,4391,-522,-32768,9508,4659
598,4476,-570,-32768,11075,12681
1322,4707,-159,-32768,18293,11534
1397,4799,151,-32768,32767,888
703,4433,190,-32768,32767,-8618
-189,3974,230,-32768,19996,-11218
-671,3594,201,-32768,-2535,-8822
-485,3138,329,-32768,-6991,-4511
-17,2713,416,-32768,2892,-2809
290,2411,275,-32768,9036,-3568
366,2180,24,-32768,10445,-4744
234,1968,-185,-32768,12563,-5645
-19,1607,-368,-32768,10798,-4955
-188,1062,-440,-32768,7408,-1935
-278,459,-396,-32768,6840,1192
-371,-53,-278,-32768,8149,1621
-578,-503,-188,-30152,7062,395
-737,-858,-139,-26326,4239,-2064
-715,-1164,-56,-20964,2343,-4145
-691,-1386,-63,-17599,2650,-5083
-748,-1468,-44,-14026,4563,-5182
-789,-1494,21,-8000,-843,-4595
-699,-1510,-6,-3266,-4702,-3547
-592,-1573,-33,269,-3092,-1831
-542,-1677,36,4595,-2286,-386
-534,-1757,133,9798,-3927,1666
-492,-1788,185,13649,-5037,3736
-388,-1765,268,17156,-2511,5658
-336,-1682,344,19754,-1646,6730
-341,-1588,405,23348,-4517,6638
-346,-1460,445,27729,-7000,6037
-301,-1281,418,31826,-8407,5393
-224,-1014,371,32767,-7449,4660
-165,-711,334,32767,-8221,4957
-107,-420,303,32767,-9781,5397
-53,-127,309,32767,-7944,5198
-34,181,325,32767,-7152,4585
-20,500,375,32767,-5917,3522
35,811,480,32767,-149,3165
71,1095,487,32767,1509,4953
21,1456,552,32767,645,6935
-74,1914,725,32767,-2413,8874
-18,2498,929,32767,-4810,8581
140,2800,993,32767,-2505,8324
158,2855,985,32767,3692,8069
-72,3009,871,32767,1504,9269
-445,3271,854,32767,-5562,10618
-631,3343,951,32767,-15545,8738
-645,3424,875,32767,-31737,4582
-549,3608,467,32767,-32768,2065
-286,3560,174,29087,-32649,2532
-118,3208,54,24093,-16255,3279
-74,3019,-144,20022,-20438,2686
174,3100,-362,14227,-27381,-1151
727,2978,-401,12507,-9803,-5213
866,2726,-352,13097,7379,-7034
524,2526,-398,13363,3516,-7422
120,2338,-468,14663,-4558,-7270
-159,2167,-479,14114,-11157,-4158
-186,2046,-423,11734,-17023,1071
65,2024,-373,7615,-15110,5331
426,1962,-562,7280,-10276,7399
622,1907,-836,7138,-2666,3591
434,1842,-904,6853,559,-1034
106,1745,-968,8838,-8533,-1745
-52,1771,-1053,7693,-11990,422
-27,1893,-1022,5282,-243,3689
-17,1992,-903,3901,4840,4831
-89,2021,-787,4106,-311,3447
-158,2016,-801,4936,-7394,1036
-151,2008,-943,3762,-9285,382
-66,1966,-1072,2566,-5408,1556
53,1903,-1172,2496,-2441,3168
151,1927,-1247,2727,-1166,3205
213,2121,-1240,217,4653,1198
213,2097,-1055,-1581,8447,295
258,2014,-854,-1357,7936,693
292,1957,-843,-1672,7624,2009
260,1896,-914,-1930,6795,2280
146,1820,-1004,-2402,4873,1592
-1,1752,-1064,-1695,2632,967
-76,1741,-1109,-977,-411,1019
-6,1727,-1151,-635,-2887,1333
145,1696,-1164,316,-2426,1081
252,1683,-1190,312,-921,373
250,1714,-1173,-291,-355,125
192,1756,-1132,-510,-756,405
151,1779,-1092,-432,966,650
130,1780,-1091,-540,1615,670
122,1762,-1108,-523,791,693
129,1741,-1138,-462,198,564
112,1726,-1144,-389,862,208
68,1733,-1142,-329,-457,118
43,1752,-1159,-708,-1493,200
53,1753,-1155,-723,-437,353
80,1757,-1148,-990,-271,502
111,1743,-1152,-807,249,449
110,1719,-1167,-217,542,199
69,1692,-1215,415,-1059,-153
28,1671,-1251,861,-1303,-355
18,1692,-1233,731,-1234,-189
45,1737,-1188,507,-1624,70
77,1768,-1150,495,-1352,142
72,1766,-1152,716,-1436,9
43,1745,-1180,635,-1715,-3
17,1733,-1190,771,-1593,169
11,1753,-1185,352,-2060,179
30,1763,-1164,-78,-2287,148
60,1755,-1145,153,-1157,164
73,1747,-1159,107,-82,227
61,1733,-1195,204,-872,213
51,1728,-1214,-35,-875,-16
34,1725,-1191,81,289,-148
11,1728,-1183,149,16,-53
1,1725,-1201,347,-625,13
12,1720,-1217,253,187,-134
16,1715,-1214,464,358,-200
18,1724,-1217,523,21,-265
18,1732,-1211,352,669,-290
5,1737,-1192,314,904,-197
-7,1742,-1188,380,336,-65
-11,1745,-1188,237,31,5
1,1743,-1173,229,240,69
18,1745,-1157,130,411,76
27,1748,-1153,172,219,-11
38,1750,-1160,-92,145,10
47,1747,-1153,-14,573,7
45,1746,-1152,-25,751,-86
30,1741,-1161,189,376,-42
21,1734,-1174,336,-4,-68
28,1732,-1187,190,227,-137
36,1733,-1191,228,713,-122
35,1736,-1190,281,680,-160
30,1737,-1194,328,326,-179
25,1736,-1200,381,596,-161
7,1733,-1203,307,556,-81
-7,1732,-1201,354,-68,5
-1,1734,-1202,312,-30,-7
16,1729,-1204,324,236,-36
28,1728,-1195,268,450,-47
30,1731,-1190,349,217,-42
26,1736,-1191,329,204,-61
29,1738,-1185,280,391,-4
32,1738,-1175,298,366,1
32,1738,-1174,369,205,-30
35,1741,-1177,377,217,-147
40,1739,-1180,270,354,-124
44,1737,-1186,382,215,-79
45,1737,-1191,280,346,-139
38,1739,-1186,266,548,-173
29,1746,-1176,147,502,-94
27,1752,-1173,60,243,-43
32,1744,-1178,271,-83,54
42,1739,-1181,194,48,-20
46,1734,-1187,129,139,-126
44,1731,-1194,203,191,-135
43,1732,-1194,52,541,-83
43,1726,-1185,220,478,-72
42,1726,-1189,213,386,-99
37,1725,-1196,244,512,-222
29,1729,-1200,285,349,-273
27,1727,-1193,200,576,-306
28,1724,-1194,309,350,-269
31,1734,-1199,122,588,-194
33,1738,-1193,80,638,-140
28,1734,-1193,156,81,-149
28,1731,-1205,230,84,-239
24,1731,-1206,120,640,-249
17,1733,-1193,156,622,-164
15,1739,-1184,166,56,-103
26,1740,-1184,85,-13,-140
35,1733,-1186,234,421,-192
27,1728,-1191,185,461,-204
16,1725,-1192,299,67,-245
20,1732,-1196,245,108,-280
30,1740,-1193,107,578,-222
35,1744,-1183,110,640,-94
32,1738,-1174,108,300,-60
28,1736,-1177,42,197,-134
22,1734,-1187,137,142,-176
17,1734,-1196,161,108,-157
19,1737,-1185,121,331,-130
28,1740,-1176,103,192,-122
34,1741,-1175,160,292,-146
34,1738,-1175,66,437,-230
27,1733,-1179,195,303,-228
20,1738,-1184,65,332,-233
17,1738,-1175,146,443,-194
20,1742,-1174,218,269,-186
24,1743,-1180,-31,372,-162
23,1738,-1175,41,640,-127
18,1745,-1170,-59,383,-145
17,1749,-1170,-137,17,-169
25,1751,-1169,-47,389,-139
22,1749,-1172,-113,616,-96
12,1744,-1179,-51,173,-41
7,1738,-1184,19,13,-93
10,1738,-1184,65,533,-123
15,1743,-1178,9,618,-94
22,1743,-1181,150,6,-86
29,1742,-1192,34,509,-153
21,1743,-1185,-39,1396,-136
-3,1747,-1174,-73,764,56
-10,1750,-1161,-62,64,65
8,1754,-1155,-73,274,-47
26,1756,-1150,-116,692,-27
27,1757,-1152,-167,350,4
25,1758,-1154,-209,311,11
25,1761,-1145,-316,429,22
26,1760,-1146,-205,147,38
31,1751,-1156,-91,295,38
31,1746,-1160,-29,557,5
24,1743,-1160,50,221,-9
19,1748,-1166,139,14,-81
20,1755,-1160,-57,598,-96
23,1756,-1145,79,621,49
27,1755,-1143,137,144,100
33,1756,-1146,84,343,-39
35,1755,-1140,157,470,-139
34,1753,-1146,428,2,-108
26,1747,-1158,468,-78,-131
17,1742,-1160,488,69,-138
13,1758,-1163,328,-238,-129
1,1778,-1143,-364,214,-474
-40,1768,-1111,-14,-1348,-409
-40,1725,-1114,641,-3576,152
9,1677,-1142,1005,-2700,-575
24,1614,-1153,2237,-1457,-1609
10,1565,-1174,3877,-2084,-2435
49,1637,-1203,3722,-820,-3382
124,1801,-1170,1109,2393,-3458
208,1910,-1004,-281,3473,-2394
330,1953,-799,-476,3245,-1302
440,1942,-704,-603,3242,-1578
462,1909,-716,-1006,3611,-2689
411,1909,-722,-1544,3219,-3174
365,1942,-617,-1998,1651,-2457
354,1981,-389,-735,-551,-1167
353,2100,-203,-70,-2455,-283
352,2291,-288,-6396,-5633,35
462,2503,-295,-10705,-491,-82
749,3013,-49,-17443,13539,-30
1037,3368,293,-30044,14869,601
975,3248,779,-30423,24085,-909
348,3311,834,-32768,29353,-3894
-416,3606,326,-32768,11820,-1241
-675,4058,-384,-32768,-8998,4567
-148,4198,-711,-32768,1652,9536
650,4165,-653,-32768,31909,7658
1006,4244,-364,-32768,32767,610
520,4193,-80,-32768,32767,-9845
-204,4061,-35,-32768,19641,-15596
-716,3759,152,-32768,1086,-15832
-857,3520,338,-32768,-12968,-8989
-553,3352,460,-32768,-20290,-1021
-32,3145,489,-32768,-12725,3130
365,2796,434,-32768,3897,3874
538,2459,307,-32768,8902,731
495,2155,174,-32768,6801,-2215
342,1844,154,-32768,12462,-3308
138,1485,188,-32768,14189,-3134
-64,1066,160,-32768,9764,-2868
-214,611,102,-32768,7709,-1069
-316,241,52,-32768,6934,466
-436,-60,33,-32768,5690,870
-527,-388,70,-29807,5358,1046
-565,-680,63,-25525,5096,128
-595,-999,7,-21595,8279,-1407
-733,-1341,-55,-17530,5507,-2464
-889,-1613,-79,-12739,-5292,-3129
-839,-1780,-80,-7005,-9469,-2523
-662,-1838,-107,-3023,-9246,-1880
-435,-1885,-89,1696,-6472,-1204
-285,-1946,-62,5761,-238,319
-284,-1988,-17,9769,4438,1834
-369,-1951,60,14395,1245,2621
-420,-1797,129,18936,-3921,2668
-396,-1590,177,23118,-6408,2724
-351,-1342,245,27872,-9703,3461
-301,-1102,276,32217,-10180,5084
-247,-900,284,32767,-8615,6674
-199,-721,291,32767,-7845,7709
-98,-540,277,32767,-6486,6207
-6,-302,307,32767,-6106,3145
56,-8,415,32767,-7160,475
108,338,509,32767,-5934,-1000
152,775,582,32767,-133,-1458
193,1246,598,32767,2325,-253
195,1689,574,32767,4143,3055
116,2088,851,32767,11944,7229
-58,2392,1064,32767,5934,10171
-134,2623,1288,32767,3258,9298
-157,2599,1153,32767,-2019,8655
-195,2724,1063,32767,-396,8810
-388,2986,993,32767,-2672,11525
-547,3120,944,32767,-8895,11995
-535,3158,924,32767,-14680,8025
-532,3166,740,32767,-26944,2745
-536,3253,360,32767,-32768,-892
-465,3266,146,29356,-31769,20
-401,3092,-5,24171,-27109,1799
-298,2941,-243,20582,-29885,1039
8,2968,-487,16461,-30753,-2477
597,2890,-591,14368,-16743,-6206
1089,2623,-535,14514,6122,-7087
1057,2368,-506,13848,14024,-5879
734,2203,-562,14778,13303,-3971
386,2247,-589,13144,8620,-1057
59,2260,-504,10933,28,3044
-171,2124,-463,11218,-8622,5097
-327,1966,-576,12754,-12554,4701
-417,1927,-836,14196,-15881,1623
-339,2037,-999,10993,-16121,-2896
-67,2096,-897,6993,-8459,-3086
274,2037,-718,5257,2115,1525
414,1992,-694,3190,5621,4365
291,1981,-770,1025,255,3336
130,1949,-881,991,-5276,2240
124,1935,-1030,1671,-4335,2488
211,1939,-1167,-528,-321,3219
261,1987,-1196,-17,4501,2759
171,2114,-1166,-595,9670,1832
-25,1977,-1114,-999,7284,1379
-121,1819,-1068,-1184,1809,505
-101,1712,-1069,-318,-756,777
21,1726,-1148,-356,-4069,1305
196,1800,-1235,-1586,-3265,881
277,1789,-1241,-2050,2113,273
217,1743,-1190,-2726,4703,256
132,1704,-1150,-1957,2362,669
99,1712,-1146,-684,-898,844
103,1739,-1141,-441,-2937,888
121,1760,-1116,-840,-3198,1083
124,1755,-1090,-722,-1271,1412
121,1751,-1099,-555,-50,1237
139,1738,-1146,-904,-756,664
181,1707,-1195,-231,-1385,257
214,1717,-1206,-108,763,174
182,1735,-1174,-589,2169,321
89,1743,-1144,-370,1492,640
15,1748,-1149,-286,917,845
-3,1744,-1175,-989,194,855
18,1720,-1189,-1738,-135,667
35,1670,-1189,206,460,8
31,1658,-1253,756,-619,-753
46,1686,-1288,256,-166,-1050
57,1710,-1246,42,2100,-658
30,1733,-1186,-108,1992,-199
-1,1758,-1149,-308,-12,-94
0,1764,-1154,102,-1045,-208
32,1753,-1162,698,-331,-37
61,1749,-1157,370,288,62
57,1751,-1147,277,220,-94
46,1756,-1156,263,-8,-117
54,1756,-1165,-141,-131,-41
82,1749,-1154,-8,-41,113
108,1752,-1161,283,428,215
105,1753,-1161,-105,1331,107
75,1750,-1148,-267,939,-82
42,1745,-1140,-248,284,-136
32,1742,-1152,-68,-626,-99
58,1749,-1174,106,-217,-32
75,1747,-1187,159,1048,75
58,1737,-1190,121,742,31
34,1734,-1189,27,34,-57
24,1734,-1187,192,39,-235
21,1735,-1183,290,212,-277
18,1737,-1178,439,-80,-253
19,1737,-1192,566,-251,-130
34,1739,-1211,693,19,11
54,1740,-1194,418,663,82
63,1745,-1166,342,374,-170
57,1747,-1173,380,97,-262
48,1744,-1192,374,158,-167
36,1737,-1193,533,50,-42
31,1726,-1191,813,129,-35
35,1733,-1201,888,383,-316
41,1753,-1212,470,572,-468
54,1757,-1190,197,640,-166
64,1754,-1164,468,557,123
63,1750,-1165,412,456,160
57,1745,-1172,186,120,2
60,1739,-1165,327,66,-34
64,1735,-1159,221,210,107
63,1732,-1166,189,135,111
54,1726,-1184,283,-129,-128
54,1724,-1198,338,-70,-252
68,1726,-1198,488,523,-195
77,1725,-1197,567,716,-134
75,1730,-1201,410,705,-280
66,1733,-1201,280,856,-375
59,1732,-1191,393,899,-258
59,1735,-1188,377,652,-148
57,1750,-1179,250,655,-250
52,1756,-1167,272,512,-199
57,1752,-1169,286,30,107
74,1740,-1174,-62,172,131
78,1723,-1185,186,393,-45
70,1718,-1198,262,617,-266
60,1724,-1201,126,420,-259
63,1735,-1191,-21,274,-102
71,1738,-1180,-11,481,-10
73,1740,-1166,-19,833,-39
68,1742,-1162,72,554,-160
74,1743,-1173,249,218,-137
79,1735,-1185,205,411,-154
67,1721,-1196,454,476,-273
48,1724,-1202,279,708,-454
37,1732,-1199,222,490,-335
42,1744,-1186,181,367,-115
58,1744,-1177,121,246,-2
68,1737,-1177,239,263,-82
64,1733,-1184,313,476,-252
48,1733,-1191,308,65,-281
41,1740,-1191,254,-75,-272
50,1746,-1185,263,208,-61
71,1745,-1183,187,565,146
83,1741,-1176,136,627,74
75,1737,-1174,182,306,-150
62,1738,-1180,106,14,-277
53,1735,-1180,44,90,-181
47,1736,-1182,319,185,1
47,1741,-1186,81,341,42
53,1737,-1187,92,-121,-13
62,1731,-1196,215,-70,-109
63,1727,-1202,225,583,-236
