0,1905,465,877,-616,-91
13,1907,461,1029,-618,-52
33,1917,462,988,-205,-76
46,1913,456,1148,-207,-139
56,1908,448,1203,-213,1
81,1918,450,821,934,-101
96,1931,460,596,2136,-295
76,1942,467,231,2357,-531
34,1941,477,145,1958,-549
-5,1936,486,134,1225,-456
-31,1930,481,-12,680,-283
-43,1925,469,14,384,-105
-47,1923,453,167,-153,-58
-48,1920,439,197,-554,35
-32,1916,433,335,-640,120
-6,1917,424,589,-361,49
17,1923,420,467,-15,-83
33,1931,423,257,793,-209
30,1932,432,323,1548,-359
6,1928,439,116,1479,-402
-14,1923,449,-5,663,-229
-17,1924,457,66,467,-19
-18,1935,454,-108,585,-15
-33,1937,445,-125,533,-67
-53,1929,438,-13,-28,127
-56,1917,432,42,-937,306
-35,1911,431,195,-1066,335
1,1919,433,169,-624,177
27,1930,436,-17,20,27
33,1927,440,77,103,-13
28,1919,437,176,-44,-50
25,1912,434,280,213,-148
21,1915,430,207,313,-103
17,1922,435,60,264,72
15,1928,447,56,299,121
9,1927,456,72,145,85
3,1924,465,186,-319,-108
2,1917,468,-24,-539,-279
17,1920,476,-254,-206,-275
42,1939,491,-737,424,-194
65,1942,503,-705,918,-315
54,1933,482,-635,55,-475
22,1919,456,-829,-795,-420
-5,1907,452,-834,-941,-241
-14,1904,465,-818,-877,103
-6,1912,482,-751,-780,273
5,1913,489,-521,-1085,323
12,1909,473,-276,-1942,285
17,1902,453,-2,-1703,134
24,1896,446,262,-762,-96
25,1888,447,353,-505,-118
45,1883,464,503,-661,-86
77,1891,479,718,0,-88
89,1902,480,935,822,-188
61,1907,475,891,780,-132
29,1908,495,726,653,60
20,1905,523,811,752,-11
18,1906,526,807,447,-98
20,1911,521,796,690,-109
18,1917,511,609,966,-46
11,1918,514,623,528,73
10,1916,523,423,262,55
16,1916,530,512,579,-122
13,1920,520,253,339,-308
12,1926,513,-144,-157,-331
33,1920,514,-25,-9,-145
65,1902,503,463,-314,28
91,1900,481,527,-96,-4
104,1910,464,407,1067,-198
99,1918,453,274,1811,-260
86,1919,446,271,2016,-387
63,1916,432,287,1946,-457
38,1915,422,185,1819,-462
14,1919,416,306,1740,-475
-18,1930,410,231,1413,-516
-54,1923,405,494,645,-401
-70,1904,412,710,57,-197
-59,1898,433,748,94,38
-30,1920,463,487,819,-197
-17,1946,494,138,813,-239
-18,1938,518,92,-141,-82
-15,1914,532,147,-1260,147
14,1912,530,-20,-1148,232
46,1929,514,-166,379,-73
43,1934,481,-469,1093,-258
25,1926,470,-602,984,-188
8,1909,476,-124,719,-233
-6,1900,468,157,265,-348
-12,1901,456,59,-73,-233
-5,1908,455,17,140,-73
0,1920,458,-30,519,-47
0,1922,467,55,414,-90
-10,1913,462,276,-277,-16
-16,1905,455,270,-227,51
-16,1902,454,445,-288,-47
-15,1907,457,541,-575,-112
-6,1909,462,624,-630,-106
20,1911,465,564,-365,-61
48,1915,470,550,592,-40
53,1920,469,439,1303,-100
37,1920,468,334,1335,-227
13,1921,475,167,1085,-248
-7,1923,497,-30,915,-115
-16,1926,518,-217,469,77
-7,1926,527,-546,368,100
2,1918,528,-703,390,78
6,1919,535,-1138,507,-46
11,1919,561,-1513,1024,-116
6,1904,580,-1060,948,-60
11,1893,571,-758,1071,-11
25,1883,546,-91,1255,61
26,1886,512,214,1550,90
25,1891,503,-43,2297,406
34,1895,514,119,3198,506
12,1911,507,206,3471,24
-40,1930,493,-252,3016,-520
-95,1929,489,-634,1760,-586
-121,1917,499,-897,848,-475
-114,1897,511,-418,410,-256
-100,1883,494,-16,-592,-78
-78,1886,480,-233,-1202,56
-41,1896,492,-347,-910,94
1,1902,509,-191,-637,133
35,1903,503,-93,-636,247
65,1896,487,67,265,64
74,1892,470,12,1341,-296
55,1886,474,51,2326,-596
20,1884,502,387,2720,-594
-29,1885,499,636,1730,-357
-73,1892,490,547,1298,-32
-91,1896,490,700,969,63
-102,1898,483,960,180,22
-110,1898,471,1056,-654,119
-106,1895,473,1212,-946,243
-87,1898,479,1228,-1082,228
-65,1900,482,1358,-775,107
-49,1901,483,1412,-433,-42
-38,1904,492,1081,-261,-114
-23,1912,522,561,34,-195
-10,1918,553,116,-65,-298
2,1926,569,-278,365,-505
-1,1925,565,-195,802,-654
-27,1912,533,-267,35,-586
-43,1896,514,-73,-924,-143
-31,1890,509,246,-634,121
-24,1896,501,315,160,217
-35,1902,487,329,29,196
-42,1904,483,354,-663,157
-28,1900,486,572,-998,253
11,1889,483,1064,-427,405
39,1892,478,945,1102,366
34,1908,477,930,2087,-9
-8,1916,472,976,2004,-353
-61,1912,468,1067,1105,-423
-92,1910,474,938,147,-77
-91,1916,494,794,-237,218
-76,1924,507,656,-287,167
-67,1930,508,236,-498,-17
-60,1928,517,-26,-1180,164
-38,1930,541,-208,-1357,400
6,1925,549,-146,-689,384
29,1905,516,390,-583,217
25,1899,473,413,-373,-13
26,1910,460,-96,497,-169
32,1915,472,-100,1120,-293
25,1910,480,228,1531,-250
11,1914,469,99,1761,-251
-10,1930,463,-272,1554,-265
-35,1926,472,-80,971,-310
-62,1913,481,28,345,-226
-70,1903,486,83,-197,24
-65,1905,485,105,-435,108
-59,1919,477,-211,-566,62
-48,1919,475,-106,-738,18
-30,1913,471,-129,-1404,78
5,1910,474,-96,-1335,52
44,1909,474,-88,-458,-105
66,1911,466,-186,170,-308
61,1912,468,-341,974,-343
41,1911,484,-271,1392,-367
7,1906,491,-95,802,-210
-21,1898,492,179,148,-131
-34,1897,488,312,-429,-145
-32,1903,497,281,-400,-54
-28,1903,505,445,-62,-37
-33,1903,507,437,-170,-137
-36,1902,514,285,-119,-97
-25,1905,533,211,411,-6
-11,1912,546,-2,625,91
-8,1910,543,234,292,63
-17,1909,525,324,63,-95
-27,1908,508,188,-216,-128
-21,1904,504,187,-284,102
-5,1901,502,300,-34,119
3,1907,495,314,7,-81
6,1914,493,135,338,-205
8,1914,499,189,641,-308
5,1906,496,337,255,-261
-2,1901,478,273,-233,-163
-1,1901,471,303,223,-144
-2,1903,468,333,531,-35
-5,1907,472,384,344,19
-12,1908,477,370,140,-54
-20,1907,488,454,-30,-105
-26,1907,496,503,-126,-136
-24,1908,495,528,-589,-89
-11,1910,495,483,-499,46
10,1905,496,592,-39,-30
19,1904,493,681,-104,-6
17,1903,494,740,18,83
12,1901,496,799,194,14
7,1904,500,788,310,27
10,1922,505,329,809,-50
7,1929,517,249,1759,-138
-17,1912,511,621,1233,-67
-41,1905,487,619,5,78
-41,1912,474,405,-243,208
-25,1919,471,437,241,57
-19,1924,466,338,296,-66
-19,1924,469,189,232,-16
-10,1923,479,34,567,104
3,1911,487,383,548,109
8,1908,472,440,325,9
3,1916,452,291,297,-131
-6,1924,445,135,230,-111
-5,1923,454,-6,208,32
7,1916,469,237,173,157
10,1905,461,556,-123,20
9,1912,446,217,-215,-95
9,1914,452,192,62,-121
17,1915,465,164,18,-161
24,1921,473,-42,102,-159
28,1929,473,-128,472,-148
22,1927,462,-23,300,-136
10,1914,449,143,-222,-173
4,1901,446,256,-304,-139
7,1902,457,246,0,-80
10,1914,465,259,239,-10
6,1924,467,226,565,-84
-2,1921,465,185,424,-184
-4,1914,473,212,366,-259
-3,1914,484,208,406,-199
-6,1920,496,14,563,-168
-13,1925,502,-154,669,-136
-23,1927,505,-178,346,-74
-35,1921,497,1,-415,39
-36,1913,483,-13,-853,-52
-29,1909,476,-59,-839,-13
-13,1911,472,-168,-746,55
2,1912,466,40,-706,-7
16,1908,458,216,-547,-26
34,1905,462,274,68,-51
49,1904,464,422,411,-131
45,1908,461,324,534,-162
31,1911,462,200,661,-238
14,1915,474,131,642,-191
-1,1914,487,298,505,-157
-17,1907,489,523,-329,-78
-21,1909,478,445,-917,-4
-6,1913,478,404,-188,6
11,1917,474,502,-92,-186
15,1915,467,285,-280,-321
20,1912,472,341,18,-220
25,1918,478,298,732,-152
19,1917,486,338,1002,-120
3,1912,486,467,341,-36
-7,1912,489,406,122,-19
-10,1922,502,154,265,3
-9,1934,514,-188,212,-11
-8,1928,510,-314,-81,-80
-9,1913,492,-145,-943,-122
1,1910,481,-437,-906,-120
26,1911,487,-400,-379,-118
48,1907,488,-303,38,-111
49,1906,469,-77,57,-34
39,1911,453,-111,402,-102
24,1906,462,128,417,-174
9,1897,471,315,181,-120
3,1895,482,447,227,-18
0,1900,483,503,157,-66
-7,1911,488,369,141,-87
-7,1912,500,395,89,-99
-3,1910,508,318,-69,-60
0,1913,505,305,-199,12
7,1910,499,390,-70,66
19,1905,491,533,-316,227
36,1900,483,605,-333,447
52,1890,480,879,96,605
62,1896,471,1050,549,457
56,1914,452,853,1226,-82
33,1918,445,931,1615,-307
6,1917,444,890,1447,-420
-21,1921,455,761,1017,-294
-31,1924,468,730,378,-9
-20,1929,478,605,300,88
-14,1932,476,587,-206,209
-12,1931,472,414,-698,178
-3,1924,485,522,-845,245
14,1929,496,263,-988,352
52,1941,512,-126,-161,272
88,1939,515,-459,932,133
89,1931,506,-554,670,40
82,1920,505,-520,968,-272
63,1909,501,-412,993,-358
51,1909,490,-551,530,-219
51,1917,481,-628,878,11
53,1921,480,-552,1298,104
40,1914,472,-289,940,87
22,1901,459,-49,567,-30
7,1897,444,230,461,-213
-3,1902,432,-41,631,-346
4,1905,437,186,604,-234
7,1912,436,255,529,-89
9,1919,439,25,620,-8
13,1918,450,170,629,9
6,1911,450,371,258,-45
0,1911,451,344,-86,-30
4,1911,460,315,-5,14
10,1909,469,412,-41,98
16,1915,476,180,69,62
13,1922,484,33,160,-61
6,1917,489,-8,-160,-108
9,1911,492,64,-396,-145
20,1908,496,-35,-132,-92
30,1917,505,-464,217,33
30,1925,526,-636,602,143
26,1937,549,-935,1258,-46
5,1929,550,-786,868,-239
-28,1900,522,-287,-1052,-61
-22,1883,510,-616,-1068,97
7,1887,526,-555,-300,117
31,1904,535,-641,-95,153
49,1907,539,-492,45,98
53,1897,531,-307,166,10
50,1883,530,-334,188,-119
56,1878,539,-371,340,-146
65,1880,545,-343,723,-68
69,1890,556,-522,1403,26
68,1901,568,-762,1966,-42
47,1903,583,-823,1986,-193
16,1897,591,-911,1551,-320
-6,1887,596,-1050,1042,-264
-11,1880,599,-972,1042,-173
-8,1867,592,-565,833,-229
-5,1865,579,-599,340,-120
1,1874,583,-771,736,92
12,1882,597,-692,1211,141
19,1884,597,-819,1301,-87
25,1884,595,-1281,1250,-336
26,1872,600,-1349,1570,-582
11,1857,606,-1070,1879,-645
-5,1848,612,-618,1325,-376
-7,1843,599,105,328,-83
-4,1845,549,490,-271,358
8,1858,504,498,363,654
30,1878,507,296,1223,641
36,1882,531,546,1301,437
20,1888,543,545,1169,-92
-7,1894,555,-37,1618,-635
-38,1883,581,-6,1204,-820
-54,1857,594,253,-414,-488
-36,1846,602,80,-726,127
5,1858,621,-113,449,178
14,1871,627,-121,390,-149
-5,1876,619,-221,-733,-416
-20,1876,613,-274,-1400,-416
-17,1869,604,-139,-1386,-324
-6,1861,596,-14,-1059,-247
12,1858,598,8,-591,-217
41,1858,610,390,-364,-127
75,1860,603,1024,-479,5
105,1875,568,1339,-95,-8
103,1896,531,1230,606,-187
76,1900,496,940,108,-355
46,1900,456,415,-1306,-595
29,1907,422,-60,-1503,-1044
0,1917,374,-235,-1959,-1861
-48,1935,322,-477,-4083,-2094
-56,1928,304,-126,-6180,-1546
-21,1887,315,773,-7008,-841
33,1860,361,1146,-5945,-265
103,1897,469,501,-3122,-46
158,1990,660,-815,1217,163
141,2049,900,-2083,4932,442
22,2005,1143,-2885,4863,681
-106,1890,1338,-3400,-1,1871
-57,1807,1407,-4275,-1900,2974
107,1732,1328,-2874,3531,1271
121,1741,1177,-1664,9443,-2242
-97,1758,986,549,8572,-2577
-335,1561,648,7174,-2972,-1575
-418,1333,237,8690,-13080,-181
-291,1248,87,4447,-7683,2112
104,1440,454,1842,12940,5475
483,1986,923,2763,18282,1918
306,2301,868,-1123,14766,-2896
-129,2288,795,-2907,15076,-5140
-521,2045,790,-3469,4500,-4857
-658,1744,810,-2927,-7048,-3130
-540,1573,814,-1416,-8354,-1063
-374,1554,759,137,-5933,1140
-260,1661,616,2330,-8821,3067
-119,1841,443,2849,-10582,3971
107,2023,358,901,-7164,3376
353,2094,378,-886,-2005,2155
496,2030,403,-1149,2858,609
499,1945,402,-982,6871,-1489
375,1899,393,-1107,8095,-2831
221,1888,387,-891,7297,-2657
82,1899,417,-994,6674,-1926
-45,1907,454,-798,4600,-1173
-148,1909,473,-893,1429,-573
-204,1907,490,-1250,-860,-243
-226,1899,539,-1229,-2564,-14
-218,1874,596,-391,-4911,245
-151,1846,626,292,-6361,330
-37,1836,626,342,-5337,282
81,1840,624,267,-2967,-60
164,1851,639,105,44,-536
181,1846,653,183,1849,-806
146,1830,675,128,3516,-909
72,1815,699,12,4569,-933
-29,1805,726,-2,4238,-883
-125,1797,756,127,2906,-853
-198,1795,783,133,1254,-557
-238,1793,796,261,-751,-219
-243,1787,803,475,-2429,105
-220,1783,810,600,-2820,306
-175,1782,809,756,-2772,350
-125,1793,800,639,-2387,430
-65,1805,785,563,-1503,465
-3,1814,767,454,-446,359
42,1824,752,335,666,10
52,1833,740,248,2200,-403
8,1835,718,219,2693,-505
-62,1833,698,344,1658,-291
-113,1833,692,390,714,80
-126,1830,698,376,119,246
-118,1827,699,208,-609,284
-102,1832,693,58,-597,288
-88,1831,675,250,-918,157
-65,1833,652,298,-1360,86
-33,1844,636,251,-899,-107
-1,1855,624,73,-31,-230
11,1863,625,-206,1020,-199
-4,1858,635,-411,1539,-63
-34,1836,646,-182,1127,-31
-59,1829,658,56,538,89
-70,1831,663,355,91,82
-77,1840,664,413,-188,2
-76,1841,662,426,-436,58
-61,1837,666,443,-382,63
-45,1834,674,339,-39,137
-35,1827,691,391,571,210
-30,1830,702,525,620,99
-41,1838,688,647,201,-82
-54,1840,667,573,-2,-44
-52,1838,661,473,-161,14
-40,1835,669,331,-66,-68
-28,1835,684,276,23,-42
-23,1839,689,403,60,81
-27,1845,675,565,67,80
-38,1844,655,769,-39,8
-45,1843,642,900,-260,28
-44,1842,631,901,-507,95
-42,1840,629,776,-530,116
-29,1840,646,690,-466,97
-9,1841,670,627,125,20
3,1845,692,364,779,-111
5,1847,701,522,742,-206
-20,1841,682,722,-117,-273
-45,1837,663,508,-612,-179
-43,1842,673,404,-642,85
-34,1844,693,372,-343,278
-26,1849,703,40,16,200
-30,1847,701,302,-38,-14
-39,1846,680,449,-484,14
-35,1845,662,476,-511,81
-28,1843,664,201,-577,-29
-15,1843,691,80,-295,45
-5,1840,705,166,-62,133
4,1840,702,179,-196,53
10,1838,692,437,-216,-151
13,1835,678,500,-450,-263
16,1839,662,432,-375,-90
30,1844,658,429,275,6
33,1852,656,141,644,-14
31,1857,665,-89,1139,-45
8,1853,665,149,1308,-73
-27,1845,657,311,757,-153
-45,1842,646,362,-262,-168
-37,1846,640,339,-573,-153
-20,1854,642,229,-160,-96
-10,1860,644,172,148,37
-4,1855,640,318,67,132
2,1848,636,431,33,106
5,1847,635,382,-68,-8
9,1851,645,353,129,-53
14,1853,656,429,156,-68
18,1851,655,433,443,-152
15,1849,653,268,1002,-300
-2,1851,653,62,1106,-314
-26,1850,651,196,508,-172
-39,1851,641,158,-96,-11
-31,1856,636,157,171,4
-20,1863,623,529,311,-85
-23,1861,590,674,-191,-107
-19,1859,575,481,-216,130
3,1860,585,512,-47,197
23,1863,600,402,600,121
27,1864,622,455,1208,-114
9,1865,633,226,943,-336
-17,1856,641,366,241,-359
-27,1848,648,453,-27,-167
-21,1846,649,537,8,14
-15,1850,646,631,-51,168
-10,1857,643,416,264,162
-5,1855,645,418,148,113
0,1857,646,367,2,-124
-2,1856,648,203,435,-305
-2,1857,655,127,705,-263
-6,1859,657,121,496,-117
-11,1856,651,244,439,42
-19,1856,649,333,617,-4
-35,1857,644,178,17,43
-41,1858,641,179,-511,186
-26,1857,636,338,-454,183
-2,1858,632,432,-1,-35
12,1859,624,364,446,-169
12,1863,622,361,600,-149
4,1862,620,404,325,-113
4,1861,618,644,377,-161
7,1865,610,516,357,-171
10,1867,599,484,434,-87
3,1869,590,459,182,-158
-10,1867,581,421,-323,-222
-20,1869,575,404,-177,-252
-30,1874,567,462,-200,-271
-42,1880,558,418,-637,-226
-49,1881,564,456,-1083,-79
-47,1876,581,560,-1088,66
-33,1869,606,566,-801,88
-15,1867,635,477,-923,-23
-9,1864,645,313,-1374,-57
0,1860,644,370,-1622,-13
13,1865,621,201,-1813,-41
30,1867,606,141,-1509,-88
51,1866,594,-135,-988,-190
63,1874,600,-737,-507,-338
72,1886,645,-1327,204,-205
82,1906,710,-1800,1464,-224
88,1934,787,-3109,2172,60
86,1931,882,-4857,2378,841
72,1850,972,-5750,2902,1705
35,1738,1033,-6412,3696,1697
-27,1640,1059,-7182,3178,1069
-111,1560,1079,-7595,961,632
-184,1501,1119,-7269,-956,838
-215,1451,1172,-6403,-1665,1430
-194,1406,1199,-5178,-1401,1653
-147,1385,1220,-4067,600,982
-114,1399,1287,-2505,3757,99
-153,1463,1359,241,1736,-486
-253,1542,1340,2369,-3528,-467
-261,1549,1243,6381,-2122,1726
-288,1491,771,13877,-2779,3361
-285,1536,304,9837,-6910,5991
-58,1865,476,10097,-4316,2673
100,2302,452,16618,-2680,-1575
94,2528,174,14185,-1318,640
86,2379,111,15312,-5135,4936
144,2108,138,15186,-9205,9165
380,1779,174,13092,-10497,13020
805,1581,191,9323,-5217,11649
1118,1593,229,7461,6583,3435
1088,1781,180,5343,12031,-5595
779,1954,110,3238,14390,-9532
338,2068,123,2260,11749,-7485
-110,2127,227,3042,3876,-2252
-431,2065,295,6006,-6258,3192
-603,2019,196,7056,-14772,5230
-581,2128,68,8212,-24857,4257
-309,2248,-79,7064,-32522,2471
19,2089,-94,6712,-32214,1710
331,1955,-59,6230,-32768,3187
960,1904,-145,2647,-32768,3983
1655,1799,-42,3120,-8758,940
1665,1798,-54,2614,7649,-1437
1147,1835,-215,619,4191,-2737
637,1864,-330,-561,272,-3708
357,1850,-415,-32,-3901,-2717
275,1788,-565,1418,-13858,139
487,1764,-708,3025,-11919,1895
764,1847,-768,2786,3472,526
698,1975,-753,1245,14667,-2427
296,2124,-665,-267,12919,-3827
-32,2169,-539,-701,-578,-1871
119,2083,-360,-825,-11053,-890
706,2058,-231,-1274,-3278,430
1203,2090,-329,-2626,17200,-909
1245,2043,-374,-7141,32767,-6216
1044,2048,-357,-15522,32767,-9923
798,2105,-626,-9781,32767,-8036
440,1941,-1153,3546,24887,-284
221,1539,-1674,9121,2064,8317
208,1029,-1892,11038,2441,7532
60,722,-1738,6574,19764,5315
-386,969,-982,-4440,27645,1139
-1900,3637,326,23238,-18366,-4709
-2383,4947,267,-23427,-32768,4736
-1467,3108,-264,1282,-32768,3072
-894,1502,-1054,1152,-32768,1765
249,752,-903,-11379,-32768,10970
2249,1483,220,-20208,-20591,9482
2137,2185,926,-21680,32767,-9476
624,2103,802,-10925,-9809,-18251
258,1642,-133,8231,-32768,-1592
3442,919,-1193,-9051,5312,17794
4218,1365,-544,5685,32767,7101
2525,2233,-770,-6084,32767,-4121
596,3203,-839,-8442,32767,-14604
-1090,2730,-754,-8337,25082,-13187
-1840,1677,-541,2077,-28051,-4919
-1548,1030,-335,10067,-32768,3591
-671,976,-99,12735,-32768,14404
1396,2135,-170,2786,-10398,17829
2624,2313,237,-1017,32767,3025
1609,2141,422,-814,32767,-2220
325,1827,327,-350,10962,-3887
-238,1415,229,5004,-1979,-3781
-361,1056,83,7955,-13381,-825
-130,998,183,5705,-16429,4538
801,1772,563,10281,3421,11360
1621,3280,112,2451,28181,-986
1125,3055,-237,220,32767,860
528,2252,-538,5786,21117,2370
247,1490,-884,11764,4267,2965
302,1167,-1092,8620,9349,2354
482,1693,-621,-7134,32767,-1548
-352,3056,84,2215,32767,-16643
-1713,2894,-221,3717,-13739,-6976
-1518,1866,-297,12995,-32768,4002
-284,1416,-493,10027,-32768,13110
1350,1620,-280,4608,-9119,13343
2135,2114,-125,4897,14818,3606
1781,2249,-206,2414,17689,-4694
1136,1986,-277,3146,16172,-8295
813,1787,-297,2511,11639,-9108
753,1796,-233,1256,14211,-8545
678,1884,-196,-201,22943,-6659
396,1962,-216,-1771,24696,-4160
29,2026,-155,-2401,14715,-1690
-224,2021,8,-193,-1488,-550
-214,2008,80,1063,-11766,-197
3,2034,12,-32,-11087,-1460
184,2058,-126,-1686,-6087,-1740
200,2028,-244,-2804,-3008,58
146,1983,-224,-4099,-4157,1957
199,1961,-145,-3189,-9565,2790
498,1979,-196,-2875,-9018,1124
888,2052,-279,-6523,2498,-3035
1094,2101,-224,-8174,13296,-6928
926,2065,-196,-8056,14429,-7735
586,1968,-200,-8622,10433,-5872
349,1886,-85,-9158,10572,-3393
191,1870,78,-8690,13986,-1415
59,1886,137,-7563,9635,33
27,1918,155,-7276,2717,146
79,1922,188,-7812,2053,26
141,1872,298,-9496,5631,1103
100,1871,486,-10056,11996,4
-202,1968,592,-8090,13727,-4452
-674,1989,604,-6246,1398,-3770
-719,1831,670,-3212,-12912,-1361
-423,1682,801,-1858,-9063,777
-117,1601,824,-1226,-507,1099
-14,1549,756,-1297,5539,-406
-135,1557,723,-1808,7620,-2594
-331,1620,786,-3652,2943,-5208
-435,1759,950,-984,-7616,-5212
-230,1930,969,1131,-12433,-3164
117,1960,774,-873,-4689,-440
281,1891,730,-3512,5653,585
179,1806,777,-2333,6985,325
-43,1796,792,-1478,4390,228
-201,1826,763,-1147,1810,116
-247,1834,734,-548,902,-640
-260,1851,773,-812,2298,-1058
-310,1890,851,-969,3033,-620
-421,1856,904,-638,1720,476
-516,1765,955,-1069,-1949,1060
-506,1652,1042,-1099,-4248,807
-424,1557,1056,1775,-4888,703
-283,1520,939,3526,-4276,-157
-78,1502,854,3173,257,720
96,1564,890,2267,5029,2473
145,1757,975,1959,8686,3433
-5,1894,919,4971,7712,2381
-294,1986,642,5430,1461,1089
-468,1933,442,8149,-7152,677
-410,1846,447,11671,-12096,2872
-110,1904,283,11661,-14524,5329
317,1979,105,8883,-3245,4912
527,1957,124,7468,8337,3250
500,1930,181,6450,8016,1619
400,1946,225,5096,6931,-851
244,1974,231,2866,7229,-2889
56,1984,242,1432,3382,-3652
-62,1988,285,-439,-1651,-3244
-53,2025,379,-2407,-4624,-1693
78,2021,461,-2710,-6189,-327
194,1996,501,-3428,-2181,-390
188,1957,455,-2955,-3490,-246
172,1901,338,-2869,-7216,72
232,1888,266,-3678,-5333,80
342,1925,234,-3105,-2057,-142
394,1937,222,-2106,1452,-1151
344,1959,221,-2303,3716,-2238
256,1963,249,-3160,3264,-3017
193,1941,355,-3466,3876,-3576
133,1905,468,-3943,4793,-3268
76,1883,553,-5010,5106,-2412
10,1865,629,-4569,4841,-1854
-139,1844,660,-3087,2035,-1993
-340,1840,642,-2268,-1893,-1631
-457,1843,628,-1328,-6118,-674
-452,1834,649,-807,-8220,689
-338,1834,724,-43,-7659,2515
-105,1879,845,573,-3637,3465
66,1910,882,385,1447,2131
-3,1817,800,1085,-1290,-27
-152,1665,688,1336,-6315,-1682
-211,1555,682,1677,-5836,-2395
-163,1508,788,3019,-2833,-1289
-9,1524,882,6549,-2414,1145
209,1850,812,6619,537,2255
322,2173,668,2288,8309,1619
270,2138,609,2717,9624,1101
66,2046,518,2562,6053,358
-133,1978,462,1651,3154,-99
-230,1885,434,2396,-2448,-716
-225,1803,353,2821,-6199,-770
-122,1810,297,2199,-3710,-372
3,1879,303,1939,-757,357
89,1948,346,1515,205,1073
143,1975,414,867,1311,1028
162,1995,517,-361,2458,507
125,2010,598,-294,773,-336
34,1963,578,850,-2168,-1043
-23,1894,498,779,-3925,-1115
-6,1846,459,770,-2880,-480
66,1870,465,663,-266,128
132,1913,469,667,1349,482
153,1947,460,448,2339,585
139,1954,479,476,4314,-64
60,1955,503,464,4435,-1040
-51,1958,515,-8,1627,-1284
-115,1955,526,-516,-1013,-784
-116,1922,521,54,-2664,207
-63,1894,456,991,-4327,603
-7,1891,384,961,-3297,573
48,1892,366,396,-391,326
89,1897,395,138,898,-42
108,1921,439,-2,527,-180
113,1949,465,-77,550,-279
114,1966,471,-370,1052,-386
106,1950,454,-394,620,-312
84,1923,445,-453,853,-359
56,1922,470,-533,2800,-747
0,1935,500,-1301,3076,-846
-52,1941,530,-1654,577,-224
-55,1932,551,-1348,-1556,389
-12,1921,550,-1318,-2267,684
44,1906,528,-720,-2656,432
86,1903,485,-347,-1724,-81
112,1899,448,-158,589,-271
109,1880,417,-117,1277,-98
100,1875,410,-12,1223,-28
99,1890,413,-84,1680,55
92,1912,433,17,2970,-270
55,1913,454,284,3153,-622
-3,1900,471,296,2034,-615
-42,1892,493,395,1311,-618
-57,1903,499,108,751,-486
-53,1915,514,-231,322,-203
-33,1935,556,-1049,254,116
15,2071,701,-3701,826,344
111,2340,984,-8997,1144,1213
148,2282,1252,-10793,7419,1388
-88,2021,1391,-11923,7760,1546
-432,1736,1341,-9993,2183,599
-607,1302,974,-4052,-5272,-1578
-625,951,682,-265,-14074,-1799
-415,930,596,-1806,-12318,-366
-102,1188,660,-3070,-6299,44
219,1610,906,-4839,6566,-855
280,1843,1128,-5214,18959,-1638
62,1841,1166,-5674,18873,-73
-277,1692,1237,-2306,12407,367
-581,1458,1021,6975,410,-256
-794,1309,579,10426,-7407,1895
-803,1455,476,11752,-14675,5039
-527,1964,450,20168,-28984,7233
79,2621,19,16748,-26116,10890
675,2677,-170,9664,1705,7629
733,2362,-89,9685,8626,3206
460,2067,-8,7795,-536,1966
295,1852,38,6887,-7183,2692
359,1740,119,8285,-8793,948
644,1853,118,8191,-10173,-3303
997,2006,149,4844,1418,-7692
1011,1994,260,2487,12798,-8292
697,1894,347,2399,10370,-4205
399,1867,463,4256,4138,1390
238,1975,485,5832,411,6222
135,2071,399,6537,-2807,5770
30,2060,260,6290,-8747,2985
-25,1907,140,6285,-14209,860
6,1786,144,6899,-16183,902
129,1918,150,6238,-16847,2766
240,2111,99,2648,-12159,4534
161,2030,88,1323,-9117,4031
-38,1888,23,586,-17055,2291
-20,1871,-75,-355,-24986,136
268,1870,-146,219,-24667,-1102
656,1832,-263,770,-19585,782
1071,1819,-387,-150,-7477,3294
1273,1836,-460,880,10147,2963
1046,1935,-519,402,20646,-54
523,2012,-588,1822,18755,-3341
13,2074,-692,613,10787,-4025
-250,2123,-617,-573,1377,-2967
-204,2111,-539,-174,-8925,-679
93,2055,-502,-346,-5505,-122
354,1985,-543,646,2916,-901
496,1960,-565,-67,5189,-1798
670,1983,-447,-935,2838,-1350
948,1969,-297,373,5352,85
1151,1962,-219,477,19401,-446
1008,1956,-178,200,28552,-3025
564,1961,-171,-280,23096,-4544
135,1974,-138,-313,11836,-4464
-134,1988,-27,532,3035,-3082
-203,2021,82,1893,-4663,-261
-86,2048,105,3080,-8109,1994
93,2024,102,2657,-3797,1128
158,2007,141,1145,1742,-1140
143,1975,192,-1756,-1059,-1643
163,1930,275,-2546,-4740,-501
278,1887,173,-847,-8378,1654
450,1896,-48,1445,-6131,2002
655,1971,-259,284,121,999
784,2046,-333,-2736,9984,-2454
622,2063,-236,-3047,16621,-5080
327,2086,-147,-4130,11243,-3557
198,2063,-52,-4991,2388,693
385,1975,-57,-4163,214,5101
670,1922,-223,-4353,8826,4372
639,1950,-287,-6703,20261,-2334
233,2038,-136,-8662,19433,-7046
-165,2085,-22,-9419,-301,-8427
-163,2019,56,-8552,-10782,-5392
218,1970,88,-8049,-3511,631
630,2035,77,-9679,10662,504
545,2072,138,-10233,20119,-635
102,2037,233,-10159,15577,-2696
-337,1944,362,-8445,4072,-3813
-457,1867,428,-7408,-3128,-2838
-355,1777,507,-6710,-961,-2381
-250,1769,607,-5819,650,-2358
-206,1825,676,-5371,-2450,-2555
-149,1841,664,-5780,-5490,-2372
-77,1757,701,-5915,-2569,-2521
-34,1693,820,-5463,311,-3162
-51,1696,900,-4416,-756,-2440
-61,1759,893,-4165,-1708,-1608
-28,1796,881,-3410,-679,-1158
25,1772,880,-1853,1225,-765
21,1733,838,-1277,2214,169
-30,1707,848,-629,2343,-1
-139,1726,905,-170,2684,318
-220,1748,926,721,386,49
-209,1724,927,1279,-872,-100
-139,1679,931,1899,-503,435
-64,1673,920,2048,1256,860
-54,1666,893,2015,2797,933
-98,1674,890,1465,2713,492
-150,1706,919,1294,1914,-331
-212,1726,909,706,631,-968
-236,1711,889,1039,-705,-824
-191,1714,886,1620,-2324,-521
-100,1737,901,1883,-1922,-256
-28,1749,882,1664,-703,243
-4,1748,851,1206,474,596
-10,1741,840,742,1382,497
-23,1742,830,98,1256,161
-39,1741,834,-755,2001,-15
-52,1751,885,-987,2923,-425
-95,1752,914,-52,1395,-729
-135,1748,884,851,-1135,-667
-135,1754,834,674,-2654,-285
-91,1758,821,885,-1576,228
-48,1766,811,1236,-62,576
-19,1786,782,1306,705,521
-13,1817,736,804,362,-14
-4,1828,715,670,421,-393
3,1815,722,504,1208,-397
-4,1807,759,432,2273,-181
-38,1804,760,589,1441,238
-74,1795,753,973,1193,417
-90,1798,741,1340,611,423
-83,1811,719,1227,-290,291
-70,1817,720,1061,494,106
-70,1813,723,791,904,101
-72,1797,737,794,887,159
-68,1797,737,724,976,174
-67,1813,727,165,1285,127
-77,1816,732,390,1361,-40
-95,1814,748,1040,988,65
-114,1810,739,1246,224,56
-137,1798,727,1258,51,66
-144,1793,725,1275,-423,52
-118,1797,729,1373,-870,-100
-83,1811,720,1296,-866,-228
-45,1819,710,1032,-317,-94
-27,1828,693,304,520,-122
-41,1829,703,-268,1367,-283
-72,1816,732,-77,937,-347
-94,1807,768,357,558,-167
-103,1815,779,636,236,-19
-106,1822,736,854,-1430,130
-103,1820,700,544,-974,95
-95,1811,708,395,36,31
-91,1810,736,106,-231,-140
-76,1805,766,-4,96,-182
-57,1805,750,210,-229,-159
-52,1815,711,163,78,-330
-48,1821,716,406,718,-285
-46,1824,722,443,185,-221
-40,1820,714,607,-334,-8
-39,1825,701,66,544,246
-49,1826,720,298,1740,311
-70,1831,717,230,861,131
-79,1830,706,322,178,-109
-78,1823,700,294,-31,-116
-75,1819,703,496,-206,89
-68,1821,691,678,-265,339
-55,1833,692,205,2,431
-39,1832,708,483,627,249
-45,1828,694,683,251,41
-45,1830,673,547,-445,-24
-31,1832,674,704,172,-5
-25,1826,683,1002,612,139
-27,1827,681,1237,293,368
-20,1831,662,1408,595,487
-21,1848,648,936,1869,194
-49,1849,657,873,1819,36
-89,1841,656,1215,296,-51
-105,1843,642,1119,-441,18
-83,1847,641,1264,-30,134
-54,1853,645,732,973,315
-53,1853,648,636,990,298
-71,1856,650,675,846,112
-106,1853,645,604,26,-125
-120,1851,652,308,-999,-501
-99,1847,677,645,-1391,-639
-60,1844,662,662,-1855,-374
-17,1846,649,461,-757,-90
3,1851,654,203,599,90
-10,1852,671,336,663,-1
-23,1857,689,358,446,-60
-24,1858,682,260,693,-38
-35,1850,650,400,864,-156
-52,1847,623,264,612,-273
-69,1848,613,256,-27,-260
-71,1857,620,102,-487,-126
-63,1864,636,-84,-187,-92
-49,1860,646,45,-152,-171
-38,1856,645,126,-480,-182
-25,1853,634,171,-12,-182
-27,1852,634,75,171,-145
-38,1847,645,255,119,-74
-55,1844,658,433,211,-94
-57,1855,666,390,276,21
-47,1857,664,459,-102,77
-41,1858,652,172,-374,-87
-35,1849,646,470,-126,-186
-32,1843,637,499,97,-179
-27,1845,635,450,142,-156
-30,1856,633,112,412,-90
-30,1860,642,-28,969,2
-42,1858,650,129,1134,-86
-69,1863,657,243,830,-187
-90,1860,647,602,-509,-201
-86,1853,636,487,-789,-166
-64,1845,631,564,-205,-4
-44,1845,607,663,-347,139
-16,1861,597,437,-7,146
4,1873,613,406,851,-41
2,1871,631,325,890,3
-10,1862,636,326,291,26
-18,1859,634,203,873,-85
-39,1858,614,304,555,-143
-58,1863,605,38,77,-166
-69,1865,620,3,51,-134
-76,1864,624,150,-141,-148
-68,1861,615,242,-344,-209
-47,1859,609,505,-174,-120
-36,1863,596,276,-266,-125
-31,1865,604,175,-125,-116
-29,1861,619,522,-79,-26
-30,1862,627,422,275,-3
-25,1861,645,264,769,19
-28,1859,652,131,706,-103
-42,1858,646,2,359,-113
-54,1869,655,-419,296,-126
-47,1917,710,-1327,533,118
-1,2001,833,-2999,771,742
32,1979,966,-4164,3251,1648
-21,1835,1047,-5006,5328,1557
-148,1698,1106,-7888,4280,689
-236,1539,1192,-8073,5734,-825
-321,1404,1225,-4741,4985,-2005
-467,1380,1193,-2724,1176,-2340
-586,1423,1148,-2248,870,-1536
-649,1459,1061,-769,517,-410
-653,1482,977,1245,-2923,867
-627,1512,856,3146,-7976,1133
-603,1559,748,5543,-9541,1683
-499,1648,666,10874,-10326,4483
-264,1846,469,14876,-17354,8476
138,2201,219,14894,-15656,7984
414,2397,61,11705,-3750,4695
409,2291,76,11174,-559,2634
378,2047,144,10869,-8523,5059
621,1821,168,8737,-9621,7578
1004,1692,237,6348,6824,4185
975,1727,240,5348,17982,-3519
527,1886,156,6218,12343,-9289
51,2102,97,4740,-2229,-7741
-25,2145,199,3999,-8530,-1264
177,2015,294,4977,-1815,3580
236,1960,271,5465,2348,3961
36,2045,250,5979,-2919,2085
-164,2095,287,7110,-17609,1899
39,1945,319,8905,-31812,3687
675,1826,193,6597,-29587,5775
1285,1828,140,4541,155,3050
1126,1866,110,5987,17863,133
383,1918,21,5440,5070,-717
-246,2017,-27,3255,-15402,-85
-428,2030,-44,1021,-27809,1628
-168,1961,-52,355,-31272,3564
339,1952,-135,24,-24726,3817
808,1902,-273,1036,-12406,2778
1092,1837,-491,59,2539,1355
1035,1843,-597,-1371,12714,-192
674,1906,-635,-1135,9778,50
284,2034,-667,-1825,6641,174
-15,2095,-608,-821,8147,-1496
-231,2051,-589,197,-1835,-1523
-132,1978,-603,117,-13514,-4
311,1961,-629,899,-9572,625
779,1985,-675,-568,6710,-92
904,1970,-591,75,20030,-3014
704,1958,-553,628,15058,-3270
577,1933,-453,-468,8970,-1290
620,1925,-281,170,13778,-122
585,1926,-146,423,19482,-601
398,1956,-76,171,14872,-1023
224,1981,-35,-114,7517,-1281
178,1975,11,-558,4593,-1533
204,2008,52,-89,2620,-1793
218,2044,38,369,-1481,-1142
276,2053,25,641,-1853,-160
397,2012,-2,546,-1052,1043
518,1974,-6,-893,3359,1419
505,1967,7,-1688,8544,87
314,2008,7,-1648,5290,-927
159,2020,-39,-1028,-3619,109
305,1964,-101,-658,-5916,1171
618,1959,-210,-2531,3817,1110
680,1995,-223,-3990,16025,-1518
490,2036,-134,-3236,10903,-1642
436,2025,-80,-2707,-2861,-209
696,2012,-77,-3319,860,1559
947,2037,-176,-5840,15973,752
831,2015,-249,-7910,26648,-3979
324,1959,-183,-7925,24541,-7695
-144,1895,-79,-6143,5734,-6767
-161,1893,-60,-4252,-11776,-3265
189,2007,-77,-6971,-2504,-731
449,2155,4,-10103,16619,-3427
128,2133,161,-11522,19847,-6076
-415,1978,393,-8437,5216,-7055
-685,1775,580,-5343,-10156,-5028
-530,1635,716,-3738,-13715,-2610
-220,1611,776,-3761,-10908,248
62,1674,731,-4144,-9415,242
260,1753,647,-4814,-5997,-658
410,1828,609,-5992,-1229,-1989
497,1887,614,-6341,2779,-3965
419,1932,629,-7052,9037,-4150
228,1909,642,-6475,9955,-3616
5,1847,702,-5182,7041,-2478
-202,1755,771,-2864,3469,-326
-270,1700,795,-1310,-33,-407
-300,1680,839,223,-862,-578
-324,1706,892,992,-1789,-73
-309,1722,927,1504,-3880,322
-239,1704,956,1756,-4044,383
-126,1680,975,1731,-2328,437
-22,1649,1009,1702,186,559
11,1627,1028,1352,2549,420
-52,1639,1038,1276,4256,-321
-150,1672,1041,1312,2660,-850
-203,1709,1020,1242,-1170,-441
-151,1715,941,2341,-4352,340
-32,1745,841,1897,-2614,755
63,1780,811,1566,945,1473
69,1819,808,1428,2062,1381
5,1841,791,1068,2403,853
-74,1812,738,769,1573,196
-106,1795,707,470,143,-267
-76,1809,702,267,54,-366
-39,1836,710,-194,960,-498
-48,1843,744,-76,1051,-328
-88,1815,778,480,-1161,191
-86,1790,794,1384,-3166,359
-28,1774,779,1484,-2660,607
39,1770,746,1389,-1300,761
89,1783,704,1341,-544,737
129,1816,675,911,875,334
145,1837,686,454,2878,170
128,1845,707,241,4574,-310
61,1848,703,-25,4109,-762
-29,1835,704,129,2361,-643
-102,1817,713,603,100,169
-118,1813,723,949,-1736,483
-86,1815,711,1028,-2040,527
-39,1822,696,912,-829,230
-15,1835,681,577,69,-374
-19,1845,677,137,138,-477
-9,1835,689,305,-121,-228
35,1824,698,664,67,217
74,1826,694,888,845,289
76,1836,679,854,1313,112
38,1843,661,619,1262,-60
-16,1841,672,496,733,-171
-35,1838,692,439,-300,-33
-17,1834,700,348,-289,185
-1,1832,698,260,694,68
-6,1832,709,280,275,-51
-8,1834,713,352,-692,-164
11,1828,704,564,-536,-349
30,1832,690,371,254,-236
28,1834,678,504,649,-8
14,1837,662,540,170,203
17,1836,661,792,87,124
33,1837,647,896,276,11
34,1842,638,598,1144,-218
16,1849,648,513,1932,-353
-12,1856,653,546,1380,-308
-37,1858,654,276,532,-145
-43,1853,664,235,-104,67
-41,1843,666,741,-582,1
-33,1844,656,596,-657,-170
-18,1843,658,681,-554,-299
3,1842,659,524,-418,-178
32,1843,662,446,237,22
58,1846,654,256,1097,50
58,1848,659,131,1811,-63
37,1856,673,-60,1710,-138
-2,1852,672,116,1219,-215
-42,1844,667,31,689,-139
-51,1841,680,179,224,-58
-47,1842,678,486,-598,81
-33,1853,659,346,-742,105
-7,1859,643,300,-217,7
12,1855,624,208,48,-160
27,1852,612,161,754,-271
27,1852,616,31,1357,-278
11,1850,627,265,1288,-166
-8,1849,626,358,942,-34
-16,1851,622,339,468,7
-20,1856,627,266,350,-42
-27,1858,649,170,228,-32
-33,1856,669,126,55,38
-33,1851,674,170,78,42
-34,1847,669,157,377,6
-40,1843,661,180,252,-94
-47,1847,659,12,-405,-174
-31,1852,676,-76,-889,-100
0,1847,679,252,-675,63
22,1850,670,196,750,-57
16,1851,662,147,998,-110
-9,1844,651,230,-140,-134
-9,1839,640,351,-499,-100
8,1842,628,371,-141,-69
26,1849,626,319,469,-87
36,1855,638,307,1131,-12
27,1853,643,357,1181,-13
1,1850,644,257,916,-97
-19,1847,655,350,298,-122
-21,1843,650,731,-560,-17
-3,1845,630,564,-205,-78
4,1849,618,662,207,-211
2,1855,630,448,298,-220
6,1854,643,447,264,-83
16,1851,652,391,996,53
12,1858,656,269,1203,110
-8,1858,663,283,961,-25
-40,1844,665,700,204,-143
-46,1849,656,735,-1053,-258
-20,1856,640,671,-1013,-216
6,1857,628,386,105,-117
15,1856,630,462,755,-14
6,1861,630,273,686,32
-4,1861,632,313,601,-67
-18,1854,631,501,450,-195
-25,1854,633,473,70,-196
-26,1860,633,512,-265,-67
-27,1863,622,455,-190,-44
-27,1869,622,57,129,-151
-28,1866,633,155,-171,-123
-21,1864,636,231,-260,-85
-10,1863,628,283,48,-130
-7,1862,613,377,175,-221
-12,1863,606,191,-38,-335
-14,1862,606,222,-440,-340
-7,1865,611,299,-450,-207
10,1868,618,298,178,-26
22,1862,619,279,695,95
19,1860,616,136,962,60
-3,1858,607,253,814,-122
-25,1862,609,12,498,-235
-28,1858,620,186,253,-105
-22,1866,626,13,385,-61
-28,1870,637,-20,631,-141
-42,1866,633,251,-766,-97
-35,1862,615,116,-1363,28
-3,1853,618,324,106,58
17,1853,619,229,537,16
19,1861,619,92,490,-110
15,1866,630,75,759,-185
9,1864,632,116,550,-88
5,1859,627,106,539,22
0,1855,622,142,797,60
-19,1858,620,38,458,-12
-35,1862,634,-55,51,-113
-37,1861,651,116,-144,-41
-32,1861,650,32,-258,50
-26,1859,641,-53,-479,132
-19,1853,635,114,-537,33
-7,1855,635,162,-470,-126
11,1855,635,248,-585,-77
35,1853,618,382,-354,-21
51,1856,607,226,461,-53
51,1853,610,229,889,7
36,1853,621,319,976,-26
16,1856,631,443,742,-35
-4,1860,626,485,454,-52
-18,1856,618,490,321,-77
-23,1855,618,383,-173,-57
-18,1858,628,229,-478,-31
-2,1863,649,30,-205,-73
9,1867,665,-211,99,-108
19,1886,691,-698,454,-63
52,1954,780,-2467,1203,312
78,1961,906,-3658,1848,1329
52,1847,998,-4789,3112,1673
-20,1739,1048,-6347,4027,678
-114,1676,1100,-8878,5055,-914
-180,1589,1234,-8578,6809,-2399
-295,1452,1318,-5437,4282,-3219
-427,1372,1335,-2195,-368,-3340
-511,1375,1280,-894,-3095,-1937
-534,1454,1143,-742,-1632,876
-530,1516,1019,990,1654,2618
-563,1483,862,3359,-7754,3352
-508,1449,702,6964,-13125,4316
-334,1557,613,9625,-5504,3616
-138,1882,537,11635,-3748,2666
-31,2254,426,13057,-6074,3292
-16,2336,249,13286,-6832,4608
-1,2179,130,14598,-9488,6200
161,2020,62,14366,-14979,7550
557,1921,37,11706,-13607,6608
953,1880,61,8957,-3541,963
1117,1877,74,8287,2844,-5212
1080,1925,87,6610,5780,-7603
911,1960,98,4690,11774,-6667
627,1933,118,3685,14723,-3194
306,1880,196,3779,11397,929
74,1909,328,4743,4648,3406
-64,2031,358,4982,-1918,3517
-120,2112,294,4003,-7438,2069
-82,2067,193,3780,-13192,1195
14,1959,89,3728,-13858,1196
104,1891,99,4480,-11441,1547
168,1957,87,4459,-14933,3668
275,2038,17,2923,-16354,5258
346,2037,-18,1822,-11947,4317
277,2034,-22,1344,-11175,2167
151,1944,-73,314,-15821,618
160,1877,-92,-1127,-17230,-404
315,1858,-111,-1949,-16362,631
563,1839,-148,-1537,-12602,2055
788,1859,-192,-337,-5627,2392
860,1908,-294,918,-1251,1064
813,1935,-396,785,2783,-526
698,1960,-416,643,8289,-1039
502,2011,-433,800,8250,-112
330,2018,-436,2364,5045,-68
240,2007,-450,3185,3185,-891
297,2011,-409,710,6135,-1418
354,1979,-399,-149,5784,-1010
442,1938,-479,-771,4008,146
586,1900,-461,-992,10155,-573
588,1929,-397,612,14345,-2242
485,1992,-402,817,9214,-2009
483,2006,-383,282,8003,-693
542,2008,-296,-849,14993,-396
445,2011,-177,-1453,18694,-1071
160,2039,-87,-1335,11434,-1445
-104,2055,-12,-950,-614,-421
-93,2004,61,137,-9652,1376
167,1968,87,1554,-10783,1901
473,1966,73,1458,-4625,758
635,1961,64,1083,3175,-19
581,1962,47,-501,7021,33
422,1979,81,-1091,6264,232
329,1975,51,-278,-444,2039
466,1972,-133,-171,-1623,2336
560,2030,-241,-1856,13087,-1608
365,2067,-170,-2971,14696,-3102
191,2046,-63,-2819,-110,-1123
345,1995,-12,-2572,-4248,223
627,1985,-72,-4179,8477,-673
611,2019,-75,-5821,15569,-2861
404,1999,23,-4366,5970,-2127
337,1937,81,-3589,-3509,-375
477,1897,54,-3841,555,96
545,1930,20,-5460,9949,-1550
413,2030,29,-6564,10364,-4090
217,2086,50,-6683,4592,-5619
136,2040,82,-6735,396,-5009
178,1960,153,-6867,945,-3642
246,1917,269,-7082,4649,-2983
201,1914,338,-7558,8459,-3660
9,1900,403,-7816,8267,-4971
-173,1866,506,-5966,-989,-5242
-154,1814,592,-5023,-8618,-2418
93,1775,619,-5101,-6685,774
370,1777,575,-7029,410,1088
476,1789,576,-8017,6735,-1948
315,1810,591,-8284,8901,-4100
37,1859,595,-6539,5995,-5124
-172,1937,610,-5295,22,-4982
-211,1928,682,-4076,-2175,-3752
-128,1832,766,-2365,-777,-2257
-46,1730,801,-1867,689,-752
-44,1649,838,-1219,2460,351
-135,1635,908,-27,2491,1233
-234,1659,935,980,-1157,1020
-264,1682,948,1347,-2570,-302
-229,1689,973,1451,-1665,-894
-172,1647,998,1909,-1012,-541
-119,1606,1024,1934,602,-43
-105,1584,1051,2947,877,550
-112,1608,1042,3138,-231,976
-91,1664,1014,3273,-109,701
-49,1734,948,3060,704,308
-18,1766,870,2443,1369,-117
-22,1776,823,1904,2366,-551
-62,1784,835,1083,3546,-618
-125,1784,859,773,2424,-273
-183,1770,856,863,533,51
-198,1770,845,736,146,228
-176,1789,843,598,-93,172
-149,1811,788,1044,-1524,-180
-126,1846,735,3,-809,-430
-116,1846,746,-203,-176,-270
-133,1809,781,604,-656,-2
-146,1785,770,1086,-2553,386
-103,1782,734,978,-2630,514
-24,1797,714,1003,-1769,220
43,1812,703,1090,-877,-98
78,1827,686,1208,-179,-177
81,1835,674,1021,875,139
68,1830,656,1309,1078,512
43,1833,641,1337,1291,532
21,1847,640,1050,2089,251
-4,1861,653,544,2793,-280
-64,1860,666,-16,2269,-575
-131,1842,691,80,637,-482
-152,1829,713,473,-1506,-224
-119,1818,715,1190,-2916,199
-49,1814,692,1503,-2415,411
0,1832,673,895,-1160,571
31,1852,694,864,431,208
31,1858,715,1085,1784,-99
6,1840,689,1154,1529,-102
-20,1827,634,1087,823,-145
-26,1838,601,694,1051,-213
-19,1857,596,587,1101,-100
-21,1873,609,674,1402,-165
-55,1880,619,554,893,-23
-97,1873,632,653,-279,150
-112,1858,647,682,-1454,191
-95,1844,656,919,-2226,271
-61,1837,643,743,-2155,139
-22,1842,644,448,-1411,-141
22,1855,660,402,-801,-230
60,1855,658,836,-62,-204
74,1859,634,797,986,-184
67,1865,621,637,1957,-76
38,1863,619,872,2179,-32
-10,1867,602,675,1562,-310
-67,1867,596,319,531,-178
-85,1866,611,102,-357,-36
-67,1868,630,100,-961,-167
-46,1870,630,105,-1603,-334
-20,1874,624,72,-1623,-395
7,1871,613,113,-1248,-205
29,1862,611,51,-459,-194
34,1853,613,254,-102,-344
28,1853,623,286,394,-325
23,1851,629,938,107,-179
19,1852,605,1240,-284,-72
27,1851,577,1509,239,-46
24,1849,546,2105,296,-94
13,1853,529,2173,607,-10
11,1856,542,2523,1412,125
1,1876,547,2309,2420,-18
-27,1894,547,1829,2902,-353
-77,1902,550,1322,2318,-288
-127,1913,565,836,784,45
-146,1922,583,388,-598,190
-148,1904,583,722,-2689,110
-126,1884,565,970,-3809,18
-76,1882,565,801,-3040,290
-20,1892,591,567,-1552,245
11,1903,618,396,-694,231
21,1905,623,434,-673,406
39,1902,604,616,-395,225
39,1896,563,1222,-716,-264
30,1892,510,493,-756,-515
41,1880,494,608,65,-305
66,1896,497,265,1383,-154
55,1915,512,-17,2384,130
23,1920,520,189,1819,203
-9,1923,509,-112,379,84
-29,1895,497,649,-696,-156
-29,1887,467,351,-1356,-358
-3,1893,467,29,-1122,-219
31,1902,487,93,-392,-46
60,1907,506,156,412,88
75,1908,528,260,970,47
55,1897,519,605,318,-140
38,1895,498,285,143,-460
27,1893,510,122,1020,-550
15,1898,527,30,1165,-319
9,1911,537,-537,1015,-60
10,1925,551,-709,993,-3
-3,1911,552,-83,954,-125
-42,1892,527,251,-323,-344
-54,1877,518,375,-1076,-581
-33,1866,528,859,-944,-258
7,1872,525,1091,-1003,63
57,1895,531,457,923,101
69,1907,577,82,3302,137
37,1927,621,-139,3163,-215
-9,1932,631,-215,2271,-501
-56,1902,597,33,935,-464
-80,1882,547,72,-352,-462
-71,1881,518,-177,-418,-276
-63,1892,512,-133,-264,16
-61,1908,504,3,-698,279
-50,1913,487,239,-1021,307
-26,1897,468,455,-1447,174
18,1879,464,560,-1241,-2
60,1879,467,624,87,-206
63,1894,470,382,1525,-172
40,1904,487,330,2033,-88
20,1909,506,366,1208,-191
-1,1903,513,472,686,-259
-27,1895,513,610,567,-191
-46,1894,511,570,-252,69
-42,1892,513,1000,-590,181
-33,1896,506,1100,-579,261
-20,1907,508,650,-80,266
0,1914,528,245,1046,208
3,1910,550,281,1337,4
-7,1913,558,-64,1036,-236
-24,1918,555,-191,391,-473
-36,1909,547,96,58,-281
-35,1898,518,464,-349,-152
-34,1897,482,373,-615,41
-19,1901,475,175,-70,203
1,1909,479,214,676,102
1,1911,477,59,763,16
-7,1909,483,88,386,-94
-10,1907,489,163,-133,-174
-2,1902,494,121,-308,-265
11,1900,498,24,275,-193
16,1904,503,120,811,-103
3,1909,494,162,473,9
-14,1911,488,71,35,-22
-22,1907,501,122,34,-48
-17,1902,517,133,181,-57
-10,1895,520,247,21,-21
-8,1897,521,197,61,-42
-6,1901,526,174,117,-77
-7,1907,526,4,2,13
-4,1907,531,-142,199,34
-2,1905,539,-210,487,-30
2,1925,559,-934,725,10
43,2044,671,-3856,2441,69
83,2177,904,-6887,5376,76
27,2151,1111,-6742,5897,33
-17,2006,1302,-7582,8588,-328
-110,1756,1302,-7970,9185,-712
-302,1420,1076,-4544,1134,-2069
-467,1235,910,-3939,-3090,-3138
-532,1237,867,-3749,-4127,-2457
-489,1387,877,-3886,-5338,-402
-314,1610,980,-2699,-1012,2078
-216,1739,1031,-1584,5330,3590
-306,1693,993,-1671,8833,3288
-544,1536,912,2807,2957,3339
-729,1393,732,9454,-4404,3365
-671,1417,618,14012,-6450,4694
-409,1719,445,17129,-18769,7602
31,2315,117,15530,-19637,6536
400,2519,-66,12453,-3772,4978
570,2278,-91,11028,-3381,5016
668,2019,-44,9617,-4308,4625
726,1842,22,7578,3031,3040
673,1779,48,6989,6593,84
517,1875,89,6304,3914,-2981
357,1997,195,6091,-1289,-3799
364,1975,280,7173,-10178,-34
658,1930,255,5792,-8466,4117
873,1934,192,4070,8342,3886
607,2023,110,2681,17237,882
20,2106,78,2913,7991,-2092
-426,2073,144,4665,-13023,-1090
-302,1969,249,6532,-26532,1668
241,2004,228,6128,-22861,3142
644,2051,120,5035,-13629,3822
700,1976,72,4810,-8631,4221
478,1916,57,3706,-8177,3127
198,1877,69,1982,-10608,1816
41,1844,-3,271,-16706,2236
145,1867,-137,-1144,-21904,2760
469,1957,-248,-1988,-15843,1209
661,1903,-315,910,-2993,-69
581,1892,-478,549,1267,458
451,1929,-550,-1063,549,1407
387,1961,-529,-853,-2733,1612
414,1998,-509,-926,-4928,393
441,2009,-509,39,66,-221
356,1998,-561,725,3022,-142
243,2030,-625,7,2191,-827
208,2046,-642,-629,3922,-1445
228,2043,-553,-1302,5613,-1011
308,2047,-443,-1466,3593,57
432,2017,-385,-1700,7288,-365
432,1976,-422,-1015,11049,-3067
360,1992,-454,-1636,4541,-4331
473,1999,-348,-1745,-3810,-2271
788,1954,-246,-1109,3095,-95
963,1923,-205,-552,19808,-979
744,1915,-199,-1170,23678,-2783
354,1972,-176,-2050,13796,-3373
73,1991,-96,-2336,2355,-1850
33,1993,-15,-712,-5005,922
186,2013,7,638,-5205,2158
383,2010,45,97,-400,1864
524,1959,138,-747,6932,-486
496,1937,202,-764,8040,-2142
404,1951,163,-842,1342,-1923
369,1944,124,-694,-440,-1194
395,1934,162,-571,1389,-622
460,1952,157,805,-835,859
558,1965,14,-132,3277,1234
502,1962,-79,-1310,13662,-792
253,1998,-57,-857,10546,-1137
106,2079,-43,-440,-928,609
220,2099,-42,-1168,-47,1565
382,2034,-12,-2549,6491,1836
363,1978,50,-3848,7976,73
165,1946,87,-2873,4299,-2885
-57,1938,76,-759,-4488,-2387
38,1975,11,-198,-15474,844
470,2032,-25,-1520,-8997,3118
863,2056,-57,-4154,7496,998
843,2038,-68,-5670,16362,-2938
522,1980,-4,-5442,13367,-4735
269,1955,100,-4697,4814,-4078
245,1946,187,-4913,1370,-2863
335,1925,248,-5994,7908,-2726
279,1902,306,-6867,12728,-3636
47,1884,381,-7004,8792,-4146
-173,1858,452,-5916,379,-3955
-221,1845,458,-4780,-7173,-2939
-53,1860,431,-4324,-7971,-1228
183,1884,393,-4710,-3502,-261
315,1925,364,-5647,1266,-1204
293,1950,381,-6375,5413,-3053
172,1925,469,-5341,4466,-3345
114,1877,591,-4107,-39,-1760
166,1833,687,-3828,2027,-410
160,1783,741,-3067,7950,-308
4,1746,728,-2496,6053,-632
-181,1735,751,-1566,835,-1234
-258,1756,793,-645,-1823,-1650
-251,1779,753,-109,-2320,-1824
-224,1802,728,-214,-676,-1711
-192,1823,755,-64,-983,-1348
-149,1813,799,516,-1332,-925
-104,1768,824,841,-351,-561
-85,1714,840,1168,-34,-213
-86,1691,848,1572,-728,165
-89,1711,859,2096,-305,612
-84,1763,849,2418,-468,741
-81,1811,795,2204,-724,225
-83,1837,759,1857,-173,-482
-70,1831,733,1980,-370,-674
-51,1818,683,2416,-500,-588
-35,1815,649,1995,840,-264
-34,1820,650,1726,953,275
-28,1826,680,2182,387,1059
-2,1846,683,2382,876,1552
12,1879,660,1699,2256,890
-25,1896,649,1539,2607,209
-94,1885,650,1728,511,21
-139,1862,648,1919,-1566,95
-151,1840,628,1829,-2106,115
-136,1847,625,682,-1958,-97
-86,1864,663,431,-2235,-282
-2,1900,685,272,-1714,-304
62,1917,658,122,-707,-204
81,1899,619,-130,212,-350
82,1872,601,-27,739,-648
62,1847,576,274,219,-756
49,1853,558,245,-126,-480
70,1869,541,707,-201,115
103,1887,513,364,908,461
112,1904,506,-155,3316,443
54,1910,530,-243,3906,276
-32,1903,564,245,2083,5
-98,1889,579,740,-690,-88
-106,1877,565,805,-2896,28
-36,1873,554,594,-2357,201
40,1873,546,651,-1007,314
74,1888,537,563,-338,134
74,1898,543,479,401,-149
66,1896,551,662,483,-224
67,1886,533,804,368,-37
70,1879,523,597,1265,187
65,1882,538,512,1584,415
40,1888,545,637,727,392
5,1894,536,729,-85,88
-15,1894,528,864,-617,-82
-6,1889,534,829,-448,1
18,1888,539,732,-197,92
29,1895,546,327,184,106
25,1899,559,387,147,194
12,1896,558,629,-433,168
8,1889,546,725,-1186,77
37,1886,538,792,-759,60
66,1881,528,875,217,-18
72,1892,526,491,898,-82
68,1903,538,364,1039,-27
50,1907,546,567,719,-43
40,1902,533,768,96,10
38,1898,515,748,682,-52
29,1900,504,689,1087,-140
15,1899,498,669,436,-164
16,1907,505,468,-266,-145
31,1907,523,669,-308,14
48,1910,517,735,47,-49
48,1907,488,876,-107,-205
49,1901,464,776,-92,-273
64,1902,465,440,658,-209
64,1907,478,393,1072,-68
48,1917,493,446,1230,9
25,1917,493,584,832,5
-2,1913,480,534,-263,-162
-7,1909,483,382,-922,-271
11,1906,500,421,-700,-208
26,1909,509,478,-511,-130
40,1919,508,179,-195,-37
55,1921,516,108,93,-27
55,1914,520,394,289,-224
45,1915,516,77,48,-267
49,1914,514,38,-38,-209
49,1904,495,538,276,-245
38,1903,468,503,118,-294
38,1907,467,453,100,-264
53,1909,488,439,177,-147
60,1913,489,473,367,-16
50,1924,479,256,1055,-209
33,1927,474,-5,1476,-269
15,1915,479,219,630,-224
10,1913,474,34,127,-60
4,1911,465,442,395,-177
-8,1920,446,278,-79,-252
0,1924,446,238,-513,-87
20,1916,459,430,-201,22
34,1912,468,268,29,59
41,1908,470,520,185,31
35,1913,468,307,623,-119
21,1921,481,68,704,-148
13,1917,499,353,15,-138
20,1911,498,574,-574,-23
34,1914,485,258,150,12
37,1915,477,227,1019,-10
23,1916,461,94,356,-62
10,1916,459,83,-227,-178
15,1919,462,173,-100,-253
21,1921,465,204,475,-190
25,1919,467,119,556,-29
20,1912,465,379,98,59
16,1915,457,257,-369,-43
28,1921,457,11,-259,-163
47,1921,456,82,-78,-193
52,1918,453,189,225,-194
48,1914,453,192,446,-42
38,1914,456,246,194,65
27,1914,468,157,-101,111
34,1915,481,293,-15,75
39,1917,479,350,153,-108
37,1916,470,246,-220,-196
44,1912,475,165,-272,-164
55,1909,485,198,-153,-152
59,1910,485,229,-154,-113
56,1916,479,125,560,-82
51,1919,481,130,1163,-52
39,1919,484,112,880,62
20,1919,488,24,562,-15
7,1915,500,187,248,-99
-5,1914,494,234,-449,-92
1,1915,480,161,-324,-108
13,1913,472,295,-327,-31
34,1914,469,324,-252,10
57,1913,465,342,170,73
76,1915,459,291,661,-135
74,1913,449,247,1000,-96
57,1914,445,66,1196,-95
32,1915,463,67,1045,-58
13,1916,482,236,409,-5
1,1916,479,319,-483,36
4,1916,473,325,-650,-9
19,1916,475,318,-334,-73
37,1914,473,278,20,-120
47,1917,470,89,87,-74
50,1920,476,76,142,-39
54,1917,480,167,367,-25
53,1911,475,271,96,-65
55,1909,477,324,209,-145
54,1911,472,309,406,-142
45,1916,468,60,542,-81
39,1919,467,114,481,-27
32,1921,472,-162,436,-25
28,1913,478,408,-102,-47
30,1918,468,6,-85,-139
37,1931,477,-383,591,-398
51,1971,517,-1435,1174,-490
79,2005,591,-3236,1478,-170
103,1965,682,-3943,2389,181
77,1898,746,-4586,2748,-75
19,1851,803,-6409,3053,-1298
-35,1804,912,-6804,3548,-2822
-123,1742,1039,-5522,2945,-3107
-231,1697,1124,-4924,1479,-1686
-294,1640,1167,-4019,-46,255
-299,1555,1173,-2075,-366,2336
-279,1529,1115,-187,43,3342
-259,1577,986,338,776,3106
-229,1644,848,304,4759,2517
-216,1668,726,3192,5296,2880
-279,1665,565,7184,-2736,3563
-284,1746,459,9398,-1204,4361
-261,1871,334,12453,526,4597
-359,2148,164,13536,-5741,4948
-422,2337,20,11754,-12730,3996
-337,2181,23,13497,-17307,4742
-20,1931,-19,13619,-24544,7261
623,1763,-58,10607,-20684,7231
1253,1735,2,8337,-2233,2824
1433,1816,47,5863,12345,-3393
1127,1864,69,4378,16217,-7333
636,1945,79,3562,11678,-7492
272,2098,72,1938,5342,-5435
-15,2188,162,1818,3833,-3169
-303,2138,251,4109,-6746,1693
-327,2042,234,4567,-20600,5802
-54,1990,215,2628,-21486,6094
260,1944,186,1029,-21282,4461
548,1887,135,1039,-22022,2596
771,1888,93,1727,-14869,1203
770,1902,14,2551,-9627,1460
645,1908,-49,1227,-8679,1672
503,1871,-52,709,-7627,1684
376,1824,-111,479,-8451,2004
342,1843,-219,65,-10480,1919
426,1846,-320,1229,-9721,1490
533,1807,-440,1852,-4724,1128
618,1818,-508,1143,2003,1823
660,2029,-452,-645,10545,1680
458,2167,-416,-850,12554,-198
52,2128,-522,-758,812,-1665
-154,2098,-628,-1015,-10150,-847
5,2062,-627,182,-10548,1276
414,2014,-609,1384,-2480,2719
821,2013,-574,-2208,11542,1903
967,1942,-494,-2266,22345,-359
771,1906,-553,-792,20714,-2254
475,1945,-576,-799,17450,-3426
280,1977,-441,-778,16984,-4046
162,2003,-290,-404,11752,-2201
177,2004,-165,-417,6219,751
353,1992,-75,-1350,10008,2385
462,1965,-8,-462,17587,963
347,1997,-9,103,15055,-921
154,2048,33,-245,6029,-1689
81,2024,151,165,-1476,-1475
134,1989,241,1773,-4472,-800
264,1990,198,2188,-6023,782
454,2015,136,477,-831,1663
562,1981,89,-428,5281,1439
516,1929,-15,-926,4252,691
450,1920,-99,-495,199,-670
507,1999,-170,-85,-2662,-1530
709,2099,-225,-2699,2644,-2928
862,2084,-175,-4553,13493,-3047
831,1994,-95,-4292,17051,-2248
680,1937,-44,-4607,15899,-1460
478,1916,-27,-5031,14793,-2446
207,1932,34,-5856,11022,-4575
-13,1934,110,-6231,1104,-5513
-50,1959,151,-6138,-5648,-5138
87,2015,163,-7210,-1720,-3754
190,2037,172,-8024,6849,-4410
5,1967,232,-6228,10737,-5367
-303,1886,330,-3695,2104,-4970
-393,1807,392,-1258,-12682,-3363
-169,1750,463,-493,-13749,-472
214,1772,526,-1915,-4492,89
460,1840,560,-4023,5075,-2572
410,1864,600,-5134,10987,-3661
175,1870,653,-5389,9339,-3854
-76,1861,720,-4842,4830,-4345
-270,1789,752,-3619,2174,-3988
-390,1730,746,-1986,-2281,-2775
-383,1751,725,-325,-6942,-1384
-251,1811,697,279,-7725,-551
-109,1844,674,965,-4450,-118
-41,1859,625,553,130,-454
-39,1851,603,414,1850,-1726
-107,1816,622,32,2599,-1242
-162,1790,681,415,2028,-781
-206,1797,751,1231,576,-237
-233,1799,808,2229,-882,498
-226,1809,821,3349,-1652,431
-223,1844,778,3644,-1909,-232
-230,1850,702,3110,-2959,-514
-227,1827,650,3074,-3854,73
-176,1823,613,3404,-3976,521
-101,1853,560,3187,-2508,550
-35,1889,531,2675,577,-277
-35,1912,531,2180,1788,-714
-84,1908,547,2213,-278,-354
-111,1900,586,2321,-1832,309
-101,1906,630,2345,-860,649
-87,1916,630,2001,-172,657
-82,1910,587,1992,-1252,627
-76,1903,534,1272,-1991,759
-41,1902,522,561,-1470,636
23,1923,536,335,-471,216
73,1952,521,54,454,-190
66,1946,464,199,1010,-278
38,1938,413,-524,1028,-321
12,1930,426,-995,2063,-388
-13,1925,485,-724,2583,-395
-38,1925,512,-636,272,-155
-37,1924,490,-343,-1688,79
-4,1930,458,-485,-783,-39
25,1930,441,-904,1153,-250
25,1925,431,-983,1209,-419
16,1921,432,-1106,691,-490
32,1913,446,-818,1045,-385
45,1916,443,-646,1851,-271
29,1916,423,-674,2196,-254
-5,1909,424,-440,1668,-230
-31,1907,447,-134,759,-99
-39,1902,455,243,90,-68
-24,1906,436,197,255,-74
-8,1907,418,220,1256,-36
-23,1909,427,64,1920,-46
-58,1912,457,90,1341,-75
-86,1912,478,247,400,-111
-101,1907,483,320,-182,-102
-93,1900,491,519,-521,33
-76,1902,506,521,-586,112
-58,1910,521,330,-237,65
-59,1909,527,322,56,-189
-71,1907,518,370,-394,-368
-72,1907,497,437,-957,-427
-53,1904,491,506,-589,-304
-28,1895,493,980,-301,21
-18,1893,482,1148,94,216
-13,1898,475,1141,627,216
-22,1913,470,933,920,27
-48,1923,475,640,821,-64
-70,1924,492,556,167,-111
-73,1919,504,786,-349,-84
-63,1912,499,873,-349,-70
-57,1904,481,944,-967,5
-46,1908,463,771,-1082,238
-20,1912,462,770,-550,337
4,1923,458,627,-95,148
12,1926,463,720,131,47
2,1925,463,815,88,115
-16,1922,460,894,154,94
-30,1914,466,965,372,61
-40,1910,471,856,-37,7
-38,1925,480,418,43,-102
-31,1934,501,348,554,-225
-31,1940,504,232,107,-86
-37,1940,484,181,-61,-88
-38,1930,449,325,-313,-161
-30,1921,424,128,-379,-36
-11,1921,427,48,191,96
-4,1923,445,364,491,89
-12,1922,446,662,309,-23
-21,1921,433,445,294,18
-12,1921,432,327,548,8
-12,1929,437,179,613,-145
-18,1934,445,25,583,-211
-25,1935,449,206,162,-123
-33,1937,439,209,-227,21
-30,1931,428,281,394,75
-30,1922,417,538,723,55
-37,1922,407,311,-172,52
-31,1924,416,378,-221,15
-18,1927,424,248,110,-65
-15,1929,423,358,124,-79
-18,1939,420,-75,207,-21
-16,1932,436,408,494,104
-22,1930,433,482,16,161
-25,1935,429,122,100,76
-30,1927,427,397,256,-131
-37,1924,418,251,-314,-161
-26,1927,421,180,-727,-13
-6,1931,434,87,-265,91
7,1934,446,136,525,92
2,1933,441,237,544,-4
-10,1932,428,252,-12,-77
-10,1926,424,339,132,-141
-7,1926,420,173,105,-63
-8,1927,418,255,428,-40
-14,1932,413,121,674,-4
-22,1932,415,63,143,18
-26,1927,425,214,-256,-54
-21,1926,429,373,-301,-125
-10,1929,432,211,76,-94
0,1934,435,12,485,-104
1,1935,436,-71,235,-45
-1,1929,441,102,110,-42
4,1926,443,58,396,-40
12,1925,451,157,939,-43
2,1926,451,172,1073,-39
-19,1926,441,225,712,16
-38,1928,430,209,-93,-1
-38,1929,429,139,-657,46
-23,1926,433,259,-695,118
-3,1925,433,375,-332,131
17,1926,433,247,220,-14
29,1927,438,340,587,-81
29,1928,436,291,536,-128
25,1928,435,168,809,-126
12,1928,437,317,700,-17
-5,1929,432,274,569,110
-16,1929,436,237,771,12
-29,1927,436,366,223,-40
-29,1930,438,349,-253,-67
-19,1931,441,330,-275,23
-1,1932,445,220,213,154
13,1932,442,375,591,171
10,1927,424,567,307,36
0,1929,401,353,415,-121
-5,1925,401,232,775,-141
-5,1927,411,275,502,-35
-10,1934,423,98,520,9
-17,1934,436,323,430,55
-19,1934,428,384,-135,52
-15,1930,415,382,-322,-100
-1,1928,411,346,-155,-186
11,1931,409,285,-55,-84
17,1932,406,442,190,113
15,1936,406,312,222,131
13,1934,416,144,523,55
15,1925,427,609,368,-53
15,1931,424,281,364,-63
3,1937,427,121,668,-111
-16,1940,432,39,507,-101
-31,1939,428,83,-394,-34
-27,1932,424,231,-789,-54
-8,1928,421,258,-678,-80
11,1930,418,252,-194,-41
24,1930,424,291,532,-63
26,1932,420,215,519,-68
19,1933,418,37,687,-68
7,1936,422,-24,634,-87
-4,1933,425,83,258,-100
-4,1931,428,125,365,-62
-7,1930,423,261,385,9
-19,1933,414,143,-31,-23
-22,1933,416,70,-366,-14
-8,1931,421,173,-342,-56
11,1932,423,148,57,-40
29,1933,421,130,499,-77
29,1930,416,161,711,-86
24,1930,421,-43,700,-25
18,1929,427,126,606,-2
9,1932,425,-18,476,-135
2,1936,428,-289,467,-200
-5,1938,436,-198,202,-189
-7,1930,431,24,-422,-104
2,1927,419,22,-590,-40
20,1926,422,91,44,-36
29,1928,431,126,894,14
24,1929,442,79,1247,52
22,1933,464,64,1143,108
38,1947,498,-254,1762,69
62,1987,547,-1762,2797,-69
82,2002,621,-4011,3844,39
69,1957,714,-4745,4640,79
-4,1920,810,-5434,5022,-775
-111,1922,930,-7722,4798,-2063
-230,1873,1077,-7885,3228,-1902
-381,1794,1107,-5466,-2566,45
-462,1717,1032,-3512,-6196,2172
-404,1608,974,-1795,-2821,2987
-308,1548,946,-1433,3126,1871
-298,1523,910,243,5647,794
-355,1578,866,914,4393,586
-435,1685,724,4539,1632,-627
-559,1713,408,11103,-3065,-939
-624,1778,211,11046,-9535,3017
-542,1973,282,15721,-18032,7611
-277,2183,129,16878,-22984,8962
50,2149,-38,13178,-14780,7051
314,1935,-47,11162,-7225,5289
566,1787,-75,8972,-8522,2686
857,1787,-55,7701,-6988,-1562
1081,1886,-61,6013,-1941,-5288
1099,1932,-28,3883,5697,-6384
936,1968,89,3616,7711,-4213
694,2035,193,3473,5399,251
454,2129,234,2291,6901,4401
150,2166,192,1200,6898,4683
-219,2100,188,1184,-2090,3182
-410,1972,187,1123,-18957,2372
-281,1870,135,2344,-29787,2334
58,1858,24,2285,-30028,3525
536,1843,-12,711,-23371,6164
1055,1868,128,-916,-6431,7015
1189,1907,285,-661,7713,4946
827,1826,46,416,2607,1698
485,1760,-237,136,-1785,-1608
311,1865,-377,325,-3826,-2529
276,2052,-388,276,-2096,-870
194,2067,-383,1613,924,1270
71,2023,-469,935,-2125,1957
66,2022,-526,627,-6670,247
185,2062,-572,576,-7832,-1161
352,2093,-643,83,-5691,-756
510,2077,-686,236,379,354
594,2057,-670,713,8173,-74
518,2043,-637,2217,12278,-1606
333,2057,-556,712,13161,-2966
164,2041,-446,-577,7783,-3014
136,2021,-394,-1404,378,-2185
284,1942,-367,-1103,192,-1100
496,1908,-325,118,4939,-775
677,1966,-233,392,9936,-1161
743,1990,-137,-32,12680,-1197
706,1928,-61,-1527,13289,-544
633,1870,18,-1351,12184,301
545,1907,17,-899,11455,404
426,1976,-2,-1162,12511,-524
255,2037,31,-2120,11700,-2109
48,2057,113,-1460,6590,-2658
-87,2024,165,176,-2362,-1115
-11,1979,188,1000,-5005,931
173,1971,213,973,-1018,933
353,1972,167,-24,-48,637
501,1944,72,-343,2738,394
502,1969,6,-447,8069,-1978
314,2008,-7,-330,6388,-2824
184,2017,20,-822,-1964,-1045
309,1980,51,-178,-3439,869
590,1984,-5,-483,3868,1784
687,2033,-63,-3012,13107,767
522,2033,4,-3200,14327,-1488
271,1957,61,-2435,4488,-2451
223,1884,55,-2107,-3964,-1608
412,1900,24,-3427,1421,-321
554,1999,13,-5873,12353,-2168
416,2083,17,-7318,14303,-4199
137,2080,53,-7676,6217,-4271
6,2007,142,-6942,-1553,-3423
23,1940,211,-6123,-1459,-2526
25,1927,247,-6323,3773,-2879
-87,1928,334,-5616,4167,-2915
-175,1906,383,-3991,-4023,-2473
-130,1886,383,-4017,-7425,-2551
-22,1871,418,-4068,-2761,-1867
94,1871,459,-4405,8,-1891
152,1882,517,-4304,849,-3714
90,1868,537,-4414,2320,-4144
-1,1854,593,-4239,477,-3667
-24,1843,651,-2723,-3289,-2608
46,1841,668,-2272,-2696,-1579
123,1829,671,-2018,64,-909
132,1809,676,-1505,1291,-521
99,1788,687,-731,2128,-263
42,1791,679,-233,3868,-163
-58,1795,654,-380,4415,-151
-166,1803,673,-360,3113,-462
-241,1800,726,230,900,-456
-247,1789,767,789,-1330,-198
-195,1782,792,1072,-2225,90
-140,1783,815,1024,-1956,86
-106,1782,828,1451,-1471,-47
-108,1782,821,1486,-1245,-34
-106,1793,815,1355,-943,50
-87,1814,803,1385,-912,242
-64,1817,779,1534,-308,351
-56,1803,750,1678,-504,331
-46,1804,746,1719,-694,197
-35,1827,748,1813,-118,-153
-36,1848,712,1650,-610,-261
-32,1854,661,1561,-915,18
-5,1863,632,1437,-70,256
14,1867,619,1567,485,469
5,1871,593,1441,-122,534
0,1874,559,1484,-559,628
5,1887,530,1192,335,262
3,1911,530,494,1305,-382
-11,1908,540,640,920,-675
-22,1898,525,564,-639,-447
-24,1893,515,194,-1179,-239
-2,1889,548,445,-420,24
6,1871,557,1381,-559,389
3,1869,539,1580,-698,518
14,1874,521,1733,-1122,665
40,1878,504,1777,-839,695
59,1883,496,1791,127,516
59,1887,488,1671,-66,247
52,1889,483,1764,-641,33
59,1893,483,1813,-194,-43
60,1896,479,1784,143,-98
47,1904,486,1718,115,-88
30,1914,511,1595,-51,100
19,1921,537,1560,-714,373
22,1932,564,1349,-920,457
38,1941,579,716,-1191,333
48,1931,577,388,-1225,142
58,1926,581,-222,-685,-256
68,1931,588,-596,-640,-419
88,1936,582,-316,-322,-493
96,1915,545,382,-198,-396
93,1901,486,336,152,-148
100,1901,447,-162,1236,140
103,1902,434,470,2191,111
70,1909,413,337,1526,36
39,1915,420,296,851,-34
24,1922,441,248,818,-178
23,1913,443,541,293,-155
22,1907,429,783,338,-218
24,1917,416,393,878,-119
31,1930,428,200,1009,75
23,1931,438,496,121,93
12,1929,435,566,-471,-44
20,1925,433,417,-91,-151
39,1922,437,309,139,-84
46,1916,436,485,-3,-91
46,1915,426,608,-342,-115
49,1925,422,435,-41,-144
63,1934,433,127,446,-179
71,1933,440,190,791,-70
54,1920,430,663,179,-39
38,1922,408,466,-175,-4
45,1925,407,66,548,-50
44,1916,422,531,-7,-14
36,1928,432,210,-469,-5
40,1936,444,263,-190,-8
49,1933,438,410,-551,31
59,1925,425,308,-478,-60
67,1920,428,113,10,-150
65,1922,444,78,186,10
65,1931,461,16,75,166
61,1935,466,-52,-262,128
49,1932,457,115,-747,-41
52,1926,452,-35,-1084,-101
80,1916,467,147,-367,-68
99,1910,474,420,304,-45
95,1916,461,220,393,-23
90,1921,454,190,523,-156
87,1924,449,-48,337,-199
83,1922,438,-10,288,-172
80,1921,437,186,897,-155
71,1924,436,107,1004,-88
51,1924,433,273,690,1
30,1924,437,208,197,-23
26,1922,447,276,-603,-47
38,1916,445,400,-915,-33
64,1918,444,255,-22,-168
80,1924,446,111,738,-204
77,1928,450,114,655,-125
75,1925,455,265,621,-31
62,1920,446,420,268,-1
50,1919,439,374,61,56
48,1920,443,514,89,-4
54,1924,441,398,-59,-52
72,1925,440,382,114,-46
78,1925,441,575,693,-72
61,1925,428,538,642,-108
53,1921,420,157,522,-39
54,1917,428,421,424,9
57,1928,426,177,400,-46
59,1944,427,-102,568,-18
54,1941,430,75,824,9
41,1929,427,266,186,32
33,1921,429,211,-548,63
39,1920,434,286,-347,76
54,1922,432,360,-276,11
66,1929,418,152,-510,-96
79,1934,421,-146,159,-252
82,1930,437,-79,580,-357
73,1924,439,34,-126,-196
79,1921,442,-31,-356,19
98,1921,451,40,368,99
99,1929,450,-28,615,55
80,1924,442,145,352,-29
58,1921,435,216,-109,-122
56,1923,439,-97,-143,-138
72,1916,454,104,147,-108
83,1918,451,284,-70,11
91,1921,447,153,66,12
95,1920,452,243,602,39
82,1919,446,294,542,-57
69,1917,439,287,15,-135
74,1916,446,213,339,-172
82,1921,455,145,805,-26
83,1930,469,-93,1154,69
70,1930,480,221,798,106
49,1926,469,347,83,88
53,1929,462,-15,107,45
91,1960,499,-1419,831,339
148,2020,628,-3834,2415,1107
182,2011,769,-4425,3186,1496
148,1936,850,-3889,3098,1129
48,1912,854,-6343,3595,157
-60,1859,885,-8585,5210,-834
-117,1739,1019,-7458,6659,-1723
-187,1635,1103,-5665,6128,-1424
-284,1565,1116,-5063,4891,-529
-363,1530,1142,-4725,3907,-95
-387,1529,1187,-3315,3204,148
-410,1561,1201,-360,1893,580
-400,1580,1076,3866,-876,1376
-450,1540,599,10487,-6032,2219
-542,1524,135,8478,-12303,4551
-368,1776,386,9840,-8508,5271
-214,2146,337,16471,-13652,4711
-25,2325,-28,13516,-18314,5499
331,2194,-61,14238,-13589,6074
705,1969,-60,13593,-9673,6284
973,1820,-121,10435,-1046,3398
1023,1796,-92,7675,9600,-2229
796,1855,-33,6684,11562,-7280
442,1962,10,6324,2782,-7735
311,2023,96,5107,-7467,-1999
513,1977,218,4695,-8485,3999
788,1965,329,2207,1366,7613
769,2050,341,-393,11164,5605
362,2102,222,-1060,9538,2534
-162,2082,79,1104,-3654,-150
-525,2034,-32,3602,-20106,-302
-574,2018,-112,3023,-32710,2472
-216,1974,-67,3164,-32768,5502
349,1957,-29,2801,-27857,7433
849,1924,-26,204,-15955,5324
1019,1764,-16,1285,-3700,1415
822,1664,-187,564,-169,-1881
549,1757,-367,-349,-4870,-2722
464,1923,-380,-382,-6632,-566
505,1996,-356,962,-1573,1952
454,2026,-460,582,2375,1502
266,2065,-527,-407,747,-1050
79,2118,-578,-592,-6312,-2846
78,2109,-673,39,-11563,-1942
290,2066,-741,33,-9042,62
593,2038,-713,-287,1778,341
711,2035,-610,802,11218,-1679
594,2033,-551,1472,11506,-3198
415,1995,-485,433,6898,-3375
341,1958,-457,-42,1016,-2306
443,1893,-460,137,393,-687
624,1826,-461,893,3860,47
776,1820,-399,1308,9373,224
847,1898,-284,1039,15182,-510
753,1965,-208,-753,21231,-1967
476,1947,-138,-2335,21321,-3357
164,1946,-94,-2251,11902,-3347
-31,1988,-86,134,2335,-2832
-79,2016,-73,1416,-5952,-1540
103,1996,-17,633,-8793,-490
401,2034,126,677,-2540,-765
572,2072,116,182,2229,-1354
505,1983,70,1950,3963,-1761
402,1917,25,2021,-284,-858
425,1918,64,1452,-517,-885
468,1948,20,1545,389,-1088
436,1976,-87,1394,2187,-1102
347,2014,-130,380,5696,-524
249,2032,-128,-498,5019,-150
271,2053,-145,-2159,4436,-170
296,2048,-214,-2418,7887,-2011
131,2021,-247,-899,7807,-2394
-37,1999,-228,431,-2213,573
95,2014,-179,556,-10104,2224
453,2000,-109,-1278,-1370,1889
641,1974,-51,-3456,9845,-591
489,1992,-40,-2005,8310,-3275
280,2022,-103,-904,49,-3404
252,2024,-115,-1358,-4096,-2288
414,1997,-64,-1646,-2444,-992
567,1971,-51,-3015,4521,-774
525,1976,-56,-3596,11312,-2634
288,2001,-55,-3297,9877,-4470
68,2025,-41,-3461,976,-4662
54,2009,25,-4122,-3647,-4089
156,1994,91,-4246,-214,-3101
199,1987,96,-4562,2899,-2899
122,1979,123,-4740,3610,-3548
19,1972,227,-3453,159,-2718
50,1978,238,-3650,-5196,-13
236,1965,217,-5026,-1052,974
372,1963,218,-5747,7413,-582
268,1962,194,-6539,10828,-2193
5,1959,180,-5684,6704,-3293
-146,1950,158,-3979,-3112,-2553
-56,1960,122,-2558,-6469,-708
135,2013,77,-3184,587,1497
245,2086,50,-4420,7867,1289
128,2079,97,-5197,12170,592
-88,2023,214,-4574,10625,-456
-277,1946,351,-2801,3792,-820
-308,1872,412,-1269,-3180,-549
-176,1817,424,-702,-3193,-562
-39,1798,470,-1387,437,-413
28,1810,549,-1959,2976,-160
-22,1814,599,-1547,4629,-759
-130,1824,603,-1317,2319,-903
-161,1830,605,-874,-823,-232
-110,1815,596,-40,-281,402
-82,1785,567,363,339,824
-97,1783,612,361,489,1393
-125,1824,715,916,1570,2040
-196,1898,752,1556,2884,890
-323,1947,692,1323,326,-893
-382,1901,660,1642,-4629,-1291
-282,1815,682,2227,-7646,-686
-117,1759,711,2266,-6470,826
51,1787,736,2011,-2232,1530
126,1869,717,1539,734,479
96,1940,657,1188,2472,-812
33,1947,608,1600,1392,-1468
1,1913,552,1931,-1685,-1040
23,1873,518,1798,-183,-218
40,1857,511,1592,2123,502
0,1869,507,1617,1570,927
-56,1896,491,1747,32,889
-84,1912,458,1988,-1427,659
-76,1914,414,1889,-2645,474
-46,1919,393,1297,-2195,298
-18,1944,406,662,-1183,188
-11,1986,448,-8,-345,-57
-3,1995,503,122,-177,-201
2,1946,492,1402,-2589,15
0,1901,417,1488,-3403,163
24,1886,387,824,-1463,89
58,1903,412,569,-834,-69
82,1933,444,299,-726,-47
92,1959,454,4,-233,80
85,1968,457,208,-446,84
70,1953,452,472,-1075,-173
69,1911,432,1090,-1189,-390
80,1886,398,970,-1167,-14
112,1908,391,565,158,309
133,1946,401,549,1812,232
105,1969,395,187,1808,168
64,1954,399,282,518,242
54,1916,398,476,-978,464
75,1886,399,406,-1161,859
123,1892,424,684,1239,811
143,1953,445,199,3373,412
105,2006,450,-28,2905,-41
52,2009,444,-44,1260,-278
27,1968,431,7,-177,-277
29,1919,421,41,148,12
48,1903,413,-52,1289,336
61,1923,406,-155,1758,409
65,1962,412,-402,1763,-26
56,1983,420,-612,1405,-336
35,1964,410,-174,451,-455
23,1932,377,-174,-412,-435
43,1918,359,-156,-81,-244
63,1917,346,231,724,-88
63,1928,325,208,405,47
67,1938,320,142,386,38
78,1948,327,225,830,-81
77,1942,328,635,1042,-218
59,1937,313,484,756,-294
41,1938,311,416,705,-177
25,1941,328,511,603,-39
15,1943,344,656,425,-10
11,1942,348,764,-251,-6
17,1944,348,781,-437,-103
29,1947,358,495,-475,-124
45,1943,381,445,-428,-29
57,1940,398,384,-542,88
59,1939,413,192,-539,95
62,1943,428,110,-316,-15
69,1948,436,36,107,-169
70,1941,426,406,-320,-160
68,1941,400,154,-410,-128
68,1930,396,84,260,-145
65,1924,401,205,408,-7
64,1938,412,71,567,22
58,1947,413,266,581,-37
46,1944,386,431,-140,-145
50,1939,365,-36,-131,-186
63,1929,378,246,738,-205
57,1931,386,149,598,-108
46,1941,394,83,335,-55
43,1948,398,148,-49,-152
50,1942,393,337,-423,-161
70,1935,376,376,-786,-73
100,1936,373,240,410,-73
104,1934,380,363,1438,-79
74,1937,377,259,948,10
54,1941,380,158,18,40
60,1940,392,357,-82,-22
66,1939,390,527,187,-150
62,1937,377,438,-169,-150
63,1940,375,235,-185,-148
75,1942,390,310,525,-129
79,1942,399,350,871,-111
71,1939,397,422,388,-42
64,1939,386,563,-379,-28
70,1942,372,578,-134,-155
77,1939,363,593,476,-312
72,1935,351,863,78,-164
68,1941,340,343,382,-95
66,1942,356,428,876,14
60,1949,374,633,1266,-99
39,1950,365,674,662,-252
25,1949,348,326,-294,-260
33,1946,352,306,-520,-158
50,1946,359,265,-377,-128
57,1947,360,453,-47,-152
62,1946,350,294,-95,-198
70,1938,353,658,23,-275
81,1945,352,462,138,-295
77,1943,356,654,683,-265
60,1947,353,537,743,-166
48,1951,360,359,796,11
36,1953,374,256,749,4
23,1954,387,275,-29,-139
22,1962,390,-66,-870,-144
39,1958,396,205,-952,-187
53,1945,379,341,-655,-177
61,1940,357,162,-588,-72
80,1939,356,185,-81,-25
94,1944,355,313,417,-47
91,1954,349,80,683,-29
86,1952,355,255,861,-24
77,1941,347,665,652,71
74,1942,331,588,739,228
75,1937,330,1053,1627,286
58,1943,314,796,1187,245
36,1961,309,198,1281,0
7,1972,326,-145,1023,-270
-14,1972,344,-326,-403,-296
-7,1953,353,169,-1202,-197
21,1943,337,455,-1622,-148
57,1937,319,663,-1377,-139
92,1940,310,541,-569,-76
103,1941,318,813,396,-60
96,1951,325,575,1041,-86
84,1962,341,359,1086,-29
75,1977,368,-184,1622,-182
52,1965,390,164,1688,-313
17,1957,370,226,-68,-246
1,1954,349,132,-873,-155
7,1950,354,408,-560,-125
24,1958,351,284,-1119,35
53,1963,348,377,-1043,117
75,1952,337,384,-213,76
83,1936,321,362,111,-42
81,1934,319,301,273,-236
80,1946,329,141,551,-264
77,1953,336,284,844,-206
72,1970,334,20,1228,-72
75,2041,372,-1389,1706,65
103,2211,530,-5118,2487,433
121,2239,750,-6319,4908,1133
54,2165,951,-6026,7498,843
-88,2037,1013,-7364,9347,523
-282,1747,836,-3434,3883,-958
-437,1466,596,-1199,-7152,-3748
-442,1335,504,-1524,-11017,-3495
-326,1366,544,-1231,-10372,-763
-123,1591,653,-1275,-5840,2570
147,1967,831,-1558,7130,4316
198,2096,892,-617,12416,4259
41,1976,842,921,9866,2822
-202,1792,680,1166,5335,2275
-377,1596,471,5906,-921,2661
-423,1538,246,11954,-4787,2876
-337,1738,141,13731,-7451,3673
-139,2168,136,12804,-9393,2980
-74,2341,45,11541,-4420,2121
-107,2106,-90,14353,-13053,5571
136,1934,-231,12810,-28610,9556
811,1842,-274,7036,-17660,7772
1276,1796,-142,6188,11849,523
1037,1898,-105,5202,17990,-5464
482,2045,-82,5240,3838,-6168
216,2104,-45,4599,-10621,-2027
377,2033,63,4466,-11439,2443
573,2029,134,3814,-4928,4409
533,2110,108,1569,-2880,5073
377,2066,74,-760,-5445,3845
226,1977,80,-822,-8193,594
72,1976,62,239,-11019,-1931
-23,2024,-6,-404,-17315,-545
81,1973,5,-1275,-20778,2673
324,1893,75,-1802,-17782,4685
514,1869,36,-2210,-13513,4622
548,1809,-162,-2072,-11723,2947
558,1728,-398,-1290,-12608,935
696,1748,-564,234,-10590,308
929,1857,-654,881,-1929,810
1047,1929,-635,1491,9059,612
892,2001,-641,1591,15509,-587
488,2074,-688,1324,13078,-1798
31,2151,-735,556,4060,-2033
-260,2194,-758,66,-4803,-1227
-249,2177,-779,16,-10221,118
-4,2088,-800,164,-9099,526
318,2019,-789,-82,-3558,-175
602,2015,-655,-1400,3242,-263
744,2009,-411,-520,7815,-142
742,1992,-335,-920,9918,-128
698,1938,-305,-2148,14391,-1018
574,1854,-298,-392,14800,-2226
412,1766,-393,1193,8125,-1507
428,1744,-440,594,6692,-488
531,1841,-294,-418,18521,-1217
409,1961,-103,-420,23959,-2429
84,2130,-17,-2739,12114,-1985
-95,2139,83,-2184,-1190,-313
-39,2016,80,-78,-7556,1761
181,1890,64,1848,-8810,2476
509,1837,45,2085,-8181,2404
936,1908,119,-148,3316,697
1114,2011,204,-2269,16494,-492
935,2002,69,-2809,17026,-1025
602,1956,-122,-3143,16059,-2268
250,1952,-184,-1700,13661,-2793
92,2030,-246,-1242,228,-370
272,2148,-323,-2375,570,885
406,2226,-313,-4901,17889,-1561
190,2199,-225,-5052,16701,-3938
-44,2084,-110,-3622,-2869,-2635
105,1935,13,-2321,-13081,1873
582,1873,30,-3304,-8440,4108
1001,1914,-9,-5429,8169,272
910,1987,-53,-7139,23658,-4906
408,2003,14,-7379,21233,-7273
6,1995,166,-7301,4325,-6317
4,1934,334,-5758,-810,-3832
189,1846,393,-3800,7365,-1932
120,1795,352,-3784,10023,-2128
-187,1795,396,-4044,4144,-3274
-393,1821,501,-3039,-5868,-3939
-285,1831,592,-1774,-10410,-2846
24,1840,601,-1783,-4672,-374
311,1854,572,-2993,3715,-1199
311,1868,587,-3707,8767,-1881
133,1870,639,-2985,6434,-1932
13,1841,672,-1523,985,-1570
25,1797,672,-327,961,-923
64,1786,619,144,4931,-473
1,1832,580,-603,6850,-327
-161,1870,595,-753,5101,-875
-313,1856,630,-185,609,-1208
-350,1819,660,937,-3206,-795
-276,1792,675,1662,-3793,-335
-155,1804,683,1715,-2137,-95
-61,1845,683,1810,-1368,-117
-25,1872,646,1762,-2165,-169
-4,1856,615,1499,-2185,-348
41,1843,598,1120,-1408,-533
93,1857,567,1022,-85,-926
98,1875,546,662,1839,-806
63,1888,564,619,1688,-394
6,1886,602,1417,675,-89
-55,1877,610,1777,-535,-191
-95,1868,618,1603,-1663,-308
-99,1859,631,1432,-2368,-210
-73,1844,639,1505,-2184,76
-37,1845,629,1364,-1727,376
-6,1865,611,1565,-1699,253
19,1886,580,1441,-1089,-12
38,1906,553,1067,450,-335
36,1919,550,597,2026,-634
1,1917,566,305,2693,-542
-43,1911,585,466,2675,-197
-91,1906,583,1022,1681,-151
-132,1910,551,762,-258,-443
-132,1910,536,362,-1155,-610
-105,1910,546,-12,-788,-345
-85,1919,557,216,-359,26
-84,1929,531,624,-601,88
-95,1927,484,267,-775,10
-88,1906,461,431,-1608,19
-57,1896,454,488,-2068,433
5,1900,468,535,-984,540
59,1918,465,528,304,200
75,1941,453,-68,1659,-387
54,1940,456,-202,1798,-588
24,1924,468,26,1212,-511
0,1912,477,281,522,-376
-19,1909,452,134,723,-145
-46,1913,428,52,826,-1
-65,1922,435,74,179,118
-60,1926,457,250,-753,53
-36,1924,468,524,-1397,42
-14,1914,453,459,-1090,120
8,1907,446,364,-354,188
29,1906,446,313,-363,83
50,1910,450,505,22,-130
56,1918,452,318,981,-151
43,1921,451,454,1220,-130
14,1925,448,386,664,-125
-10,1921,449,532,-166,-21
-16,1914,464,801,-474,167
-11,1913,475,901,-317,255
-3,1911,470,988,-387,248
12,1919,458,721,62,161
18,1926,461,443,666,1
9,1926,464,316,499,-89
-1,1927,472,251,336,-135
-3,1928,480,333,280,-225
-1,1926,470,244,-385,-176
5,1925,461,132,-586,-126
28,1922,471,220,-57,-93
33,1921,469,445,-43,-14
23,1921,446,377,-15,-4
20,1918,430,358,271,-57
32,1916,438,272,939,-134
28,1920,451,205,1422,-78
12,1925,457,305,941,-24
-1,1926,460,360,402,-100
-5,1926,461,327,180,-68
-9,1921,455,411,237,12
-11,1918,447,545,272,61
-10,1920,446,530,301,7
-10,1923,449,533,468,-117
-9,1924,456,594,450,-145
-9,1925,447,563,-112,-81
-1,1933,441,196,618,3
2,1928,447,591,1079,-16
-11,1933,427,316,-145,67
-10,1936,416,136,-272,133
6,1932,415,407,172,95
11,1929,400,429,263,42
5,1928,390,331,101,12
10,1925,400,305,-161,15
23,1924,421,355,181,99
30,1932,431,225,739,26
20,1935,428,248,530,-7
4,1941,420,141,-29,-30
-3,1934,411,334,-631,55
0,1927,410,395,-504,82
3,1925,405,438,-180,68
0,1927,401,597,118,-3
-3,1932,394,355,-506,61
18,1933,404,227,-628,132
47,1929,420,470,10,147
67,1933,422,431,722,128
65,1941,420,135,1445,-77
29,1937,407,349,360,-137
5,1938,395,-144,-485,-91
10,1932,413,15,-308,10
30,1931,423,118,98,66
34,1926,412,380,242,-73
35,1934,406,-27,-420,-157
49,1939,422,-361,21,-221
54,1935,438,-262,545,-242
46,1933,425,33,-150,-145
42,1931,402,56,-296,-178
51,1932,407,-332,643,-106
49,1924,431,29,1111,13
24,1926,441,143,843,109
-8,1926,441,220,-105,153
-21,1924,439,355,-945,-4
-4,1925,444,271,-1147,-187
23,1922,457,118,-707,-262
46,1921,465,296,-645,-60
67,1931,468,103,485,-11
63,1932,463,264,754,-99
43,1922,448,373,157,-109
31,1916,433,458,-188,-91
30,1919,421,390,237,-131
29,1922,423,480,367,-113
32,1928,426,694,-89,33
36,1936,426,558,245,5
33,1930,418,917,254,21
26,1921,402,1186,-179,30
33,1927,398,691,203,0
41,1929,403,758,313,28
43,1935,412,680,144,68
45,1945,419,358,11,21
43,1947,429,115,55,-50
40,1940,437,255,-380,-114
41,1940,436,213,-778,-164
50,1937,439,270,-291,-254
49,1931,430,427,-225,-180
48,1933,416,223,-179,-33
58,1930,410,615,-6,8
53,1931,399,462,198,-11
48,1937,405,219,759,-116
40,1944,414,192,609,-46
33,1939,409,649,-237,28
41,1929,397,794,-45,-26
49,1928,388,838,388,-31
48,1936,388,353,618,-53
37,1940,407,198,853,-160
20,1946,422,77,718,-179
8,1952,428,-122,656,-150
6,1946,427,94,385,-177
3,1938,402,102,-389,-238
8,1938,389,-123,-585,-313
28,1940,397,-93,-462,-170
45,1940,400,-44,-422,75
67,1943,403,-191,12,159
78,1946,408,-436,679,66
69,1935,411,-140,1088,-104
46,1931,399,-323,680,-276
33,1922,398,-91,140,-329
41,1927,404,-380,165,-252
54,1932,419,-285,583,-123
54,1937,426,-29,968,-112
43,1935,410,107,399,-93
42,1936,401,25,448,-65
40,1953,429,3,893,119
61,2051,569,-1270,1016,332
82,2154,822,-3337,2297,1194
78,2159,1032,-3963,2133,1340
-11,2088,1053,-8101,5514,1896
-140,1840,1041,-9409,8384,495
-274,1541,1015,-5896,2628,-1446
-395,1394,882,-2975,-2585,-389
-397,1400,733,-2183,110,685
-302,1443,766,99,5397,1817
-199,1556,923,114,11622,2882
-219,1660,891,1351,9041,2752
-455,1729,553,5040,2012,386
-822,1786,296,9259,-2603,590
-951,1960,295,11577,-20481,2719
-696,2126,97,15438,-32768,5014
-152,2157,-182,13149,-26869,6647
459,2063,-239,12085,-17297,8383
981,2005,-218,9358,-11845,7467
1256,1955,-155,7185,629,1510
1180,1896,-133,6927,1908,-2722
1096,1859,-148,5351,967,-3323
1041,1850,-25,4521,10975,-3332
833,1929,91,4112,13214,-2893
508,2069,106,2429,6518,-1854
158,2184,109,-2,3993,-115
-207,2159,145,72,-656,1796
-452,2048,184,1253,-14407,4024
-418,1974,200,1872,-28911,5753
-90,1938,136,1793,-32768,5867
473,1904,7,654,-29426,4122
946,1882,56,196,-9346,1058
913,1850,82,-440,2055,-235
527,1868,-45,-1021,-2395,-58
161,1899,-199,-1472,-10598,1090
89,1934,-289,-880,-17120,1784
299,1992,-304,-476,-15705,1268
571,1961,-345,97,-7498,-259
734,1891,-412,279,992,-2267
707,1942,-503,-528,5352,-3141
493,2039,-524,-261,4940,-2101
234,2066,-555,637,-1592,-406
159,2056,-607,800,-8136,764
356,2066,-604,220,-4788,450
548,2025,-547,214,5397,-1525
530,2027,-493,-72,10474,-3465
399,2061,-446,-875,7472,-3290
328,1960,-371,-350,2404,-1768
416,1862,-301,174,252,78
650,1858,-275,1227,1304,1781
949,1908,-278,2353,7712,2380
1150,1902,-309,2409,18226,1869
1082,1746,-275,1696,28240,980
857,1702,-163,789,32767,-79
552,1857,-91,505,32335,-1208
181,2109,-89,-320,24765,-1695
-174,2229,-119,-1984,15110,-2156
-454,2176,-48,-2262,10645,-4537
-751,2084,59,-1279,1298,-4789
-860,2023,114,675,-16028,-906
-544,1988,65,2009,-25176,4114
49,2034,-8,1437,-20343,6746
655,2102,-96,-58,-10276,4492
905,2042,-181,-110,1991,333
824,1964,-224,300,2651,-1984
789,1938,-194,-57,-196,-853
934,1938,-143,-1275,7290,28
993,1980,-116,-3732,20617,-1878
710,2038,-75,-4709,23494,-5969
217,2042,9,-2992,11198,-7462
-65,1957,113,-1287,-6323,-4784
53,1841,174,905,-13772,-558
391,1813,150,210,-5879,3579
739,1919,53,-2934,6934,3680
760,1984,40,-4204,14873,719
565,1975,94,-4405,10433,-66
475,1995,122,-6593,6627,-745
485,2011,86,-7479,11279,-2852
384,2014,39,-8618,15152,-4530
104,2021,72,-8645,15130,-6654
-269,1988,138,-7609,6621,-6476
-512,1905,227,-5256,-4770,-3378
-456,1843,263,-1991,-10533,-764
-231,1876,289,-1631,-8275,-195
-43,1942,356,-2559,-2876,-916
55,1952,442,-3218,-1775,-1837
130,1883,543,-3252,-2650,-1679
250,1804,622,-2840,-949,-1252
326,1763,691,-2341,3784,-733
290,1765,709,-1601,6041,-487
140,1798,694,-827,5118,-650
-22,1828,683,-437,2883,-892
-131,1820,699,430,502,-768
-156,1798,718,578,-474,-537
-116,1791,712,535,-781,-714
-69,1820,688,-379,-570,-1260
-29,1840,684,-223,-304,-1373
-4,1852,672,352,-329,-955
22,1857,652,894,-48,-568
62,1862,653,559,1515,-302
59,1864,655,-18,3205,-427
-9,1868,668,-226,4311,-921
-105,1879,673,-212,1889,-1578
-146,1874,656,-418,-2943,-1855
-57,1847,647,-436,-4674,-1644
77,1840,652,-594,-2055,-1061
121,1853,665,-910,2835,-310
30,1873,676,-768,3573,-50
-103,1884,682,-875,-36,-405
-163,1869,708,-768,-2525,-818
-142,1833,721,-185,-2849,-1052
-84,1813,675,742,-2570,-794
-52,1821,615,694,-2069,-528
-43,1826,614,864,-1671,-142
-27,1824,621,1875,-2569,213
22,1831,599,2439,-2340,469
85,1844,572,2439,-339,490
122,1862,559,2246,2112,493
104,1865,577,2014,3763,425
39,1865,613,1761,3324,138
-31,1873,657,1503,1945,-197
-70,1891,673,1347,548,-505
-90,1906,637,996,-702,-550
-92,1916,591,429,-1035,-317
-80,1913,576,-99,-1728,55
-55,1903,606,-281,-2113,294
-22,1884,642,283,-2329,290
10,1866,623,734,-1790,360
40,1866,568,821,-1135,68
78,1875,537,649,-416,-267
111,1883,539,688,485,-372
112,1886,544,541,1526,-194
92,1888,552,681,2410,-21
68,1892,536,745,1838,79
46,1896,531,545,1821,-128
9,1895,538,396,1789,-197
-34,1893,537,514,450,-153
-54,1900,532,590,-898,-91
-42,1906,523,466,-1134,-65
-13,1903,525,329,-554,-32
13,1896,525,492,-417,82
25,1890,514,890,-345,243
39,1884,503,1009,50,389
56,1879,492,1050,397,601
69,1894,490,892,1320,597
64,1924,501,465,2718,91
26,1938,509,192,2964,-476
-36,1921,506,598,1051,-429
-66,1903,493,656,-594,-169
-56,1895,482,757,-1015,-74
-34,1905,468,323,-1069,-53
-10,1922,479,-118,-279,-40
4,1927,505,122,-18,-8
11,1923,514,91,-459,50
22,1909,509,71,-54,-21
35,1897,515,-26,725,-187
34,1897,535,-94,934,-260
13,1903,539,-13,184,-85
0,1916,528,-349,230,17
-4,1918,516,-335,172,-65
-3,1911,506,-230,-327,-136
1,1904,505,-336,-721,-242
12,1891,508,-12,-678,-244
29,1891,503,93,-240,-169
45,1894,492,172,138,-57
63,1897,491,230,629,67
67,1900,485,215,978,116
55,1903,477,109,1315,-21
34,1904,477,176,1219,-87
8,1906,487,-69,934,25
-15,1901,506,3,441,96
-27,1901,517,-44,-571,131
-24,1905,523,-53,-991,13
-10,1910,530,31,-868,-178
-1,1902,521,244,-1169,-229
15,1890,501,361,-1477,-158
53,1882,501,349,-887,-76
99,1888,514,216,374,5
106,1893,525,175,1624,116
72,1901,534,145,2172,99
23,1902,546,320,1169,6
-11,1898,546,269,17,-30
-19,1893,541,255,-551,28
-5,1896,540,134,-808,58
15,1901,540,343,-657,30
27,1899,525,456,-680,-66
46,1895,517,312,-590,-86
78,1888,520,368,28,116
90,1893,517,234,1054,164
75,1905,517,-135,1820,115
39,1905,532,110,1358,38
3,1897,540,568,-82,-42
-1,1895,539,636,-1314,-91
28,1892,529,708,-1319,-110
52,1887,498,1137,-1052,-51
69,1898,471,582,-65,-176
80,1901,477,448,388,-141
85,1898,492,876,652,-33
79,1901,493,823,1065,-50
65,1904,490,975,1206,-54
45,1903,481,963,510,5
29,1904,479,978,-93,37
22,1912,484,749,-96,-47
22,1911,489,746,-273,-102
30,1912,494,684,-509,-170
44,1912,497,763,-330,-198
46,1911,498,1077,-135,-181
44,1911,497,861,25,-144
48,1909,507,944,-106,-83
57,1913,512,797,-228,-33
70,1927,513,346,530,-81
56,1919,490,888,565,-173
32,1920,462,616,-43,-366
28,1922,467,165,-52,-342
39,1920,498,474,114,-161
47,1926,506,434,125,108
45,1928,498,443,575,185
31,1909,481,816,164,226
24,1913,461,360,24,-62
22,1926,461,27,387,-322
24,1927,464,180,335,-358
34,1925,452,295,-46,-214
50,1924,430,151,211,-124
58,1919,419,194,1182,-104
43,1916,412,211,1525,-164
20,1919,417,14,760,-160
6,1922,434,140,-142,-91
11,1925,438,207,42,-120
21,1927,428,230,-1,-124
29,1929,425,114,74,-158
32,1925,436,52,235,-112
28,1920,449,45,-21,-14
27,1919,456,71,-280,-54
39,1922,463,-152,-190,-138
54,1925,471,-235,40,-162
56,1921,478,-113,320,-217
55,1914,470,83,212,-249
56,1911,448,291,-223,-233
61,1913,439,22,232,-168
65,1915,455,88,1035,-73
51,1920,473,244,1144,-9
26,1921,464,352,472,-55
10,1919,450,248,-262,-115
12,1916,454,123,-308,-228
21,1914,465,215,-479,-215
38,1918,467,337,-352,-102
57,1922,463,281,251,-11
66,1920,470,120,999,-14
51,1917,477,83,948,-53
29,1918,486,106,475,-134
20,1918,485,269,-15,-154
24,1915,472,251,77,-114
33,1916,471,104,445,-90
40,1920,484,-236,733,-84
44,1933,519,-625,630,124
54,2002,601,-2646,1692,428
67,2075,748,-4996,3045,445
72,2027,923,-7232,4248,546
76,1944,1121,-8602,6567,67
-5,1804,1122,-7522,6158,-690
-188,1648,936,-5493,-27,-2063
-315,1572,804,-5633,-3647,-3216
-332,1561,817,-4675,-2521,-1974
-290,1605,881,-3896,204,418
-214,1639,975,-2432,3799,1984
-181,1638,1003,-1194,4743,2808
-235,1631,974,143,3406,2951
-275,1625,1018,1268,6382,2483
-323,1611,1064,4704,5897,2752
-492,1597,713,11540,-1902,2534
-654,1621,348,10495,-7329,2299
-624,1834,381,11260,-12780,3059
-476,2051,288,14881,-18120,4737
-169,2127,88,13170,-21482,6675
303,2060,53,11980,-21885,8513
858,1902,52,10250,-15592,7555
1328,1784,24,6891,-808,3605
1451,1761,71,5418,12467,-1276
1155,1819,42,4530,19992,-5717
642,1941,-30,2663,19631,-8854
57,2093,-32,1258,9486,-8165
-322,2117,78,1805,-7016,-1740
-302,2028,214,3258,-16185,5636
-72,1967,265,3723,-17470,8910
186,2031,193,4429,-23422,8383
544,2085,5,1618,-24985,4789
874,1969,-38,1194,-7095,-321
784,1912,16,3620,4034,-4383
339,2049,-14,2183,-2378,-2580
-93,2022,-32,833,-13829,2871
-185,1832,18,1430,-19207,5689
-46,1819,10,773,-22166,5118
236,1880,-145,292,-24235,2531
686,1778,-334,2313,-18910,-606
1182,1798,-458,1210,-2524,-2550
1334,1965,-457,1424,16706,-2767
966,2072,-503,1246,19347,-732
476,2080,-491,471,12006,116
72,2048,-447,1483,2302,-86
-121,1970,-572,3520,-11217,1264
124,1904,-666,2968,-10621,2766
573,1926,-612,1321,4014,2357
847,2005,-513,-327,18750,-1064
726,2001,-445,-511,24861,-4593
385,1960,-398,-1227,21403,-6217
51,1983,-289,-906,12679,-5273
-115,2048,-174,-1820,1313,-1472
1,2003,-21,-1624,-2859,1947
250,1983,80,-1422,1262,3181
446,2076,99,-1210,5031,404
446,2118,80,-1752,4990,-3469
321,2019,112,-325,-297,-4359
311,1909,176,521,-9179,-1409
538,1863,204,284,-9788,1577
789,1845,197,933,866,1311
852,1903,51,-437,8445,-913
703,1937,-48,-2294,10749,-3182
524,1940,-35,-1047,7180,-3118
456,1962,-83,-1290,4566,-2058
424,2023,-59,-1116,8696,-2404
313,2101,-47,-1639,5097,-1908
301,2066,-61,-1487,-2022,-366
469,1991,-95,-842,569,2084
622,1966,-132,-2985,10837,1962
484,1976,-41,-3758,18332,-1639
86,2023,43,-3061,10891,-3389
-178,2031,78,-3054,-4061,-2697
-47,1991,148,-3070,-7403,-1214
261,1972,179,-3518,-327,54
491,1970,155,-3558,4583,128
529,1959,158,-4111,5319,1114
487,1955,189,-5041,7507,1260
340,1964,224,-5361,11767,-726
65,1984,220,-5367,9485,-2772
-159,1980,201,-5093,1977,-4102
-224,1918,261,-3584,-2563,-4389
-131,1875,341,-2303,-5703,-3201
72,1887,374,-2456,-4409,-1711
239,1927,394,-3407,2127,-1356
284,1941,413,-3715,3978,-2156
247,1927,459,-3345,2127,-2048
209,1916,490,-3284,2353,-1572
158,1901,531,-3356,3840,-1747
88,1879,580,-2875,2522,-2059
60,1856,603,-2180,521,-2324
79,1832,602,-1954,1531,-2487
90,1826,589,-2958,3392,-2309
58,1815,597,-3009,4182,-2367
-44,1807,647,-2589,4053,-1593
-152,1818,695,-2002,1646,-807
-230,1826,761,-826,54,-414
-259,1822,774,284,-1100,-220
-261,1788,735,1241,-2698,-97
-246,1740,712,2045,-2927,591
-196,1745,715,2045,-3333,878
-117,1779,720,1783,-3790,871
-3,1813,716,1627,-2955,492
107,1834,688,1371,94,24
148,1838,643,1310,2866,110
124,1839,663,1193,2904,704
95,1842,725,1625,2473,1256
62,1834,743,1958,2811,1105
13,1826,726,1544,2992,868
-36,1840,707,798,2172,773
-72,1852,682,802,465,518
-78,1864,635,1047,-978,411
-57,1877,574,686,-841,601
-41,1890,563,361,803,581
-50,1902,588,34,1371,354
-70,1893,611,70,169,89
-62,1877,621,552,-330,-179
-43,1874,586,959,-803,-355
-21,1876,536,847,-1901,-350
21,1875,520,846,-1812,-85
76,1886,523,642,-290,-38
106,1896,537,268,1435,-24
94,1895,553,499,2346,130
51,1889,553,637,2107,65
0,1884,539,841,420,-112
-20,1880,528,910,-1240,-353
4,1886,531,894,-1801,-420
47,1898,540,720,-787,-301
75,1897,541,920,348,-143
74,1899,523,799,588,34
52,1896,509,686,1018,-37
21,1891,513,866,647,-209
-3,1896,521,880,-335,-213
0,1896,531,750,-83,-184
15,1896,539,533,344,-43
27,1905,559,112,1284,47
19,1903,572,332,607,221
2,1902,563,561,-254,230
-11,1901,534,771,-783,110
-9,1900,494,586,-1301,7
11,1896,484,509,-875,27
34,1895,494,375,-201,117
53,1899,502,461,312,109
69,1907,490,424,497,101
84,1913,479,306,582,32
88,1914,485,393,1281,-28
67,1916,481,307,1960,-51
20,1914,468,307,1989,-207
-38,1911,458,88,729,-180
-58,1907,471,163,-896,-88
-29,1907,495,653,-1153,-87
17,1914,495,808,-675,-89
47,1923,469,180,-2,-235
46,1910,465,205,-93,-225
52,1899,482,260,-126,-106
64,1900,498,529,214,89
65,1915,495,349,686,197
50,1919,490,416,503,109
34,1918,482,219,7,-35
24,1903,480,559,-509,-111
32,1902,478,637,-738,-138
47,1909,467,704,-750,-81
64,1910,454,639,-371,-3
80,1913,447,550,-33,42
85,1914,449,480,599,7
77,1917,455,443,852,27
58,1917,463,592,728,8
39,1914,463,893,400,-12
21,1911,452,805,-295,-4
15,1912,456,832,-587,56
22,1913,465,821,-542,-39
29,1916,471,526,-833,-117
51,1920,485,173,-1053,-99
85,1915,492,348,-475,-7
93,1912,486,412,4,-84
82,1917,479,252,24,-144
75,1914,484,154,-62,-55
79,1914,498,179,330,1
82,1917,512,35,595,69
66,1920,510,54,196,32
47,1918,501,230,-115,-142
43,1913,478,321,-595,-274
62,1910,467,301,-354,-253
80,1910,467,394,565,-139
76,1916,452,426,583,48
66,1919,430,542,156,101
70,1923,422,285,584,-72
69,1917,430,482,606,-175
58,1916,432,672,10,-148
52,1925,441,353,194,-153
54,1923,453,634,388,-37
59,1921,450,597,381,30
53,1921,445,585,178,-40
42,1922,440,406,-528,-98
49,1923,454,218,-537,-160
71,1925,475,80,-86,-183
91,1922,483,252,199,-157
86,1914,458,546,176,-285
72,1919,439,49,268,-288
76,1914,451,485,169,-140
81,1918,452,507,91,-22
81,1926,450,302,582,-88
73,1927,450,308,1046,-187
51,1923,446,481,326,-225
41,1917,437,608,-587,-148
51,1917,436,490,-98,-85
59,1924,441,342,871,-79
46,1931,439,350,662,-36
27,1932,433,204,-50,-115
34,1927,439,205,-399,-161
53,1924,446,132,-270,-145
67,1925,447,350,185,-174
65,1930,432,448,266,-181
57,1926,419,609,194,-98
59,1920,412,609,208,-28
65,1919,414,795,329,-8
62,1926,414,696,828,-52
59,1930,419,524,809,-30
68,1937,421,427,964,-24
54,1946,417,96,1182,-153
31,1944,421,-97,943,-243
8,1932,424,118,-13,-144
12,1924,415,420,-823,-37
37,1930,399,399,-503,-82
59,1942,385,155,37,-53
62,1938,384,282,106,-80
64,1932,392,281,70,-98
73,1926,406,240,11,-143
87,1925,418,322,547,-152
85,1934,422,248,1110,-96
62,1940,422,163,1055,-141
31,1936,424,233,18,-152
24,1929,413,199,-743,-129
37,1926,403,395,-666,-111
50,1933,395,309,-342,-141
63,1937,400,235,-385,-76
79,1932,408,431,-252,-61
81,1928,404,444,-134,-132
77,1920,397,845,-200,-125
75,1923,385,682,36,-114
74,1928,393,780,520,-67
73,1934,410,755,1024,-54
51,1941,418,587,684,-84
30,1944,428,274,205,-131
21,1943,443,193,-267,-145
18,1956,457,21,-830,-156
41,2036,527,-1910,-794,240
111,2111,669,-4441,1437,983
144,2056,796,-5098,4307,1528
75,1940,856,-6149,5940,1347
-45,1832,900,-8783,7648,-209
-161,1689,951,-7439,5703,-2139
-253,1575,953,-5029,-325,-2935
-268,1539,937,-3298,-3549,-1826
-214,1560,972,-2516,-1559,455
-152,1627,1058,-49,3264,2859
-161,1714,1074,2251,7704,4092
-241,1715,918,2541,7561,3785
-401,1613,472,7242,-1399,2026
-614,1625,105,9046,-288,-994
-632,1854,217,9643,-6623,-446
-441,2249,208,15550,-19435,694
-145,2429,-43,12420,-13949,4882
132,2210,-110,12132,-7734,6767
232,1920,-65,12956,-10307,7706
350,1803,-115,11443,-16208,7576
633,1872,-183,8578,-15503,2783
997,1984,-160,6921,-8040,-2887
1212,1946,-104,5641,891,-3669
1219,1896,-42,5400,5121,-2185
1108,1955,-12,3652,7244,-361
884,2077,1,385,13059,933
406,2118,80,-1561,15335,1295
-178,2149,206,-2558,7369,1846
-662,2084,282,-2076,-11803,2632
-846,1967,299,-990,-28177,2637
-674,1896,146,-1092,-32768,3366
-210,1824,-72,-965,-32768,4412
471,1786,-189,-611,-32768,4766
1204,1812,-213,-1780,-16666,3392
1569,1754,-136,-466,3425,1054
1335,1704,-215,706,10534,-410
924,1823,-311,-262,9378,-1169
577,1942,-313,96,7396,-1641
317,1957,-317,1049,3152,-1516
163,2022,-392,1497,-2810,-407
151,2104,-461,1238,-4457,378
185,2129,-531,985,-3814,313
233,2112,-608,391,-2514,-163
311,2107,-669,-59,85,-690
368,2092,-640,322,4469,-1113
356,2091,-586,954,4238,-892
395,2081,-529,1590,-106,766
618,1985,-409,1909,1968,2884
881,1908,-300,651,12835,3494
938,1853,-280,749,25239,201
684,1810,-361,1662,28978,-4121
290,1859,-400,803,23396,-6680
4,1974,-268,-1114,12807,-5295
7,2002,-51,-1784,6961,-957
152,1980,93,-896,9104,2549
194,1992,114,741,11044,3039
91,2069,51,1124,5005,758
4,2097,101,314,-2682,-962
83,2004,214,1661,-13048,1057
368,1962,177,1686,-16633,3311
648,1949,50,631,-2988,1825
674,1943,-46,797,8338,-1213
598,1942,-138,1338,1736,-534
794,1962,-277,166,-3485,1114
1194,1994,-341,-2522,14206,215
1223,2056,-376,-5382,28058,-2018
846,2077,-327,-5693,26095,-5373
392,2029,-192,-3599,17165,-6238
177,1948,-96,-3449,5021,-3663
263,1894,-42,-3584,3914,-1221
309,1929,-15,-5519,14653,-2012
11,2024,65,-7412,16578,-4617
-434,2074,198,-5624,931,-4113
-497,1987,288,-3819,-15435,-2549
-163,1865,335,-2898,-12401,-722
207,1825,296,-3254,-4182,-680
388,1839,293,-4100,2081,-2189
384,1873,335,-3506,3420,-3106
347,1902,339,-3885,1798,-3504
349,1904,381,-4204,3590,-3884
343,1897,451,-4038,7153,-4237
263,1897,512,-4137,8275,-3634
136,1887,557,-3853,7305,-2574
-26,1864,584,-2887,5856,-1534
-172,1832,577,-2065,2924,-619
-250,1818,566,-548,-586,-629
-291,1851,545,991,-2392,-752
-290,1897,512,1326,-3430,-479
-261,1908,489,1527,-4380,-219
-212,1882,506,1481,-4196,-488
-160,1831,544,1823,-3016,-335
-115,1800,580,2267,-2305,-338
-83,1811,616,2433,-1208,-751
-75,1836,644,2364,-1103,-856
-67,1856,665,2992,-1993,-706
-57,1879,646,3058,-2620,-427
-33,1901,612,2429,-2036,-124
-5,1908,604,2267,-1251,64
15,1900,601,2563,-736,413
25,1889,573,2895,-923,298
18,1904,547,2349,151,-308
1,1931,541,1149,1022,-714
-9,1949,551,456,524,-678
-10,1957,541,596,-244,-388
-14,1965,505,941,-260,-247
-48,1954,431,1274,-1525,-173
-74,1931,367,1195,-3095,10
-48,1917,368,894,-3074,416
10,1919,399,1191,-2162,749
73,1923,389,2315,-1805,677
97,1927,311,2840,-1728,440
116,1936,242,2388,-859,262
147,1952,232,1928,472,31
155,1967,254,1717,1473,-22
134,1971,278,1579,1820,86
95,1968,291,1743,1244,-9
42,1962,300,1992,310,-216
-5,1958,305,1806,-920,-168
-15,1969,316,1122,-2027,-15
16,1972,343,1144,-1671,51
51,1970,347,1477,-1134,221
79,1978,320,1187,-1101,347
92,1982,287,983,-1064,288
100,1988,271,552,-696,53
108,1999,272,-103,-558,-13
120,1990,274,-263,-83,107
121,1964,267,784,148,11
104,1947,237,1423,-523,-179
103,1944,224,1007,88,-182
115,1951,246,764,1621,94
116,1985,258,371,1807,248
95,2009,256,157,1439,79
69,2007,246,35,1283,-350
44,1989,242,-266,1086,-376
31,1980,248,-348,-34,-49
39,1977,263,138,-660,48
54,1981,255,116,-862,207
68,1978,238,-75,-429,389
73,1969,222,-188,10,338
78,1966,215,-345,-264,124
102,1975,222,-694,-55,-164
123,1981,232,-872,848,-226
122,1987,235,-1107,1565,-251
94,1969,239,-390,965,-144
63,1958,235,-103,-270,-52
58,1954,232,17,-161,42
70,1956,230,165,629,77
66,1956,215,466,156,22
66,1961,202,290,-855,5
94,1965,224,74,-75,-66
121,1970,259,-178,952,-96
117,1977,285,-445,1051,-65
93,1974,298,-241,335,-86
72,1972,301,-141,-228,-119
70,1973,312,-393,55,-61
75,1969,327,-238,67,48
72,1969,337,-411,-252,113
76,1973,347,-607,-400,136
83,1966,344,-108,-342,141
92,1960,322,-97,-384,53
110,1954,307,-277,-366,-90
126,1954,307,-260,189,-149
130,1950,306,49,1110,-192
118,1946,284,275,630,-211
118,1938,269,600,-90,-131
134,1944,269,721,682,-125
130,1952,270,756,1835,-253
95,1960,273,450,1300,-70
74,1962,300,371,501,103
80,1961,319,527,793,127
78,1973,319,179,1356,-31
60,1987,325,-370,1275,-132
40,1981,334,-199,518,-171
20,1961,315,113,-581,-118
30,1950,299,-197,-1317,-76
74,1955,298,-309,-1036,28
116,1962,297,-188,232,-90
125,1950,274,542,325,-238
121,1945,242,701,-322,-166
131,1947,241,681,266,8
145,1946,260,903,1220,-34
133,1956,274,811,1435,29
103,1969,283,638,1354,15
73,1974,289,612,1116,-128
51,1971,292,429,-171,-254
56,1968,303,271,-824,-279
70,1962,309,469,-351,-237
75,1964,289,419,-452,-153
87,1967,272,354,-675,-49
106,1962,275,554,-339,-127
116,1961,276,422,-94,-156
118,1966,276,267,401,-125
110,1967,269,492,822,-158
96,1966,266,439,781,-219
86,1967,280,426,786,-205
69,1965,299,623,886,-130
48,1964,309,660,814,-101
32,1973,313,404,386,24
24,1975,309,366,-49,166
32,1975,296,343,-280,88
43,1977,281,152,-232,-104
52,1970,266,292,-603,-124
66,1962,255,532,-543,-32
80,1957,246,718,-93,22
93,1961,236,619,-91,198
111,1967,243,518,503,249
115,1974,245,453,1031,116
101,1982,239,99,1010,29
81,1981,244,-12,884,-77
61,1975,247,113,360,-100
51,1976,238,141,-373,69
52,1975,230,135,-439,186
55,1971,228,112,-425,232
62,1965,226,209,-720,342
75,1965,229,222,-728,248
94,1973,233,-114,-628,95
114,1973,248,-162,-183,40
123,1966,248,-14,55,16
121,1956,231,217,-305,-27
126,1957,228,85,-266,-34
142,1965,245,-154,489,-6
157,1973,261,-255,1363,-60
141,1978,269,-285,1316,-72
118,1979,271,-438,723,-34
101,1973,279,-404,439,-39
95,1970,288,-482,51,-27
97,1959,289,-29,-394,-24
103,1956,278,31,-453,39
114,1958,277,5,89,24
117,1960,282,-49,160,-28
115,1968,296,-256,98,4
115,1966,315,-64,-37,28
111,1963,322,213,126,24
103,1960,322,308,270,-48
99,1959,328,196,-196,-67
108,1956,330,345,-346,-64
110,1959,315,346,-417,-136
110,1959,290,335,-814,-99
122,1960,272,202,-640,-160
145,1960,271,16,326,-197
153,1962,282,8,909,-115
142,1968,294,98,1031,0
127,1971,310,409,1242,-21
106,1972,323,642,1163,-30
88,1962,338,731,827,7
90,1950,353,796,635,99
106,1950,361,765,765,242
130,1986,380,-153,990,232
177,2114,493,-3198,1493,358
238,2239,686,-6218,3237,560
207,2215,861,-6906,5101,584
6,2099,907,-9935,5833,1765
-224,1880,927,-11703,3305,2216
-279,1590,984,-7284,-1878,718
-215,1383,963,-2853,-6994,-325
-65,1327,855,-1182,-2641,750
92,1392,747,-484,8355,1560
180,1544,819,1080,16822,1632
189,1710,851,4398,14666,-71
-169,1835,288,5815,8699,-3882
-779,2008,22,4387,11394,-5306
-1244,2167,179,10182,-18115,1110
-1037,2144,78,16082,-32768,7821
-276,1991,-157,14376,-32768,13038
682,1825,-285,8618,-22765,14743
1514,1771,-181,5684,-1058,6728
1675,1854,-95,5209,10965,-1168
1428,1913,-113,3458,14578,-5635
1071,1962,-75,3184,14684,-7197
710,2059,3,1754,11767,-4593
357,2116,48,2596,12022,-368
-167,2169,-8,4018,7335,3322
-755,2156,-22,4264,-9662,5389
-988,1993,14,5922,-32768,5642
-640,1917,-145,5627,-32768,4861
123,1992,-394,2608,-32768,3576
918,2012,-287,528,-14676,1068
1054,1850,-54,1894,2360,-447
663,1766,-68,677,-5643,449
437,1835,-90,-2535,-14609,1147
506,1855,-93,-402,-16499,485
669,1802,-330,1821,-15661,1475
934,1859,-536,1368,-4398,1049
1058,1963,-550,2069,9507,-327
843,2019,-577,1377,8897,-615
536,2022,-578,553,3242,-325
305,2000,-589,629,2004,397
183,2000,-625,123,1142,1060
156,2027,-648,-38,-825,1232
251,2040,-668,-805,495,1040
389,2038,-627,-2074,6732,-503
405,2013,-546,-1543,9308,-1626
353,1989,-452,-1430,8202,-1572
323,1990,-376,-521,6533,-1108
352,1970,-392,287,4469,-624
453,1949,-384,-353,7272,-1143
523,1930,-260,-657,15468,-2550
415,1945,-134,19,16948,-2616
261,1983,-109,-1425,9829,-1119
190,1999,16,-1702,7361,-456
166,1966,105,77,1356,258
248,1936,113,1142,-8320,1620
587,1901,56,545,-9339,2200
1027,1903,53,-235,7023,-400
1078,1911,25,-330,19109,-2953
833,1959,7,-800,17094,-2816
568,2046,19,-1469,9358,-649
462,2050,-30,-2677,7881,412
356,1984,-61,-2427,13400,-2539
87,1973,-66,-1016,12494,-5154
-151,2011,-41,-277,-298,-3784
-90,2025,50,517,-9273,-314
211,2018,123,977,-8001,2447
527,2025,75,-1144,-5089,3452
787,1994,0,-2744,3429,2382
849,1918,-29,-2832,14242,-787
623,1869,-6,-2898,14192,-3716
382,1887,-9,-2333,4666,-4668
363,1966,-62,-3141,1630,-4098
468,2066,-84,-5688,9175,-3593
444,2127,-51,-8125,14662,-5098
167,2086,51,-8177,15654,-6232
-196,1993,184,-6282,7202,-6177
-397,1881,302,-4054,-6423,-3488
-259,1808,405,-3275,-13704,826
108,1809,417,-4699,-7519,3009
358,1846,396,-6118,3088,327
342,1881,357,-5496,2442,-2772
223,1953,343,-5468,-2224,-3794
223,2024,360,-4784,-1552,-3272
297,2010,359,-4342,3211,-2313
313,1940,380,-4230,6852,-1534
224,1879,416,-3737,7518,-1449
79,1848,458,-3126,5933,-2125
-46,1823,481,-2708,2419,-2411
-118,1817,579,-2275,1450,-1364
-158,1827,689,-1828,1448,24
-210,1805,779,-1188,364,1021
-243,1751,844,547,-1802,2320
-207,1700,827,2328,-4119,1850
-142,1652,779,2480,-3775,1227
-93,1647,741,2536,-3652,781
-20,1722,760,1972,-3231,-112
77,1806,802,1538,-1489,-412
175,1872,819,1107,1547,537
221,1887,797,1357,4248,1280
153,1824,736,2485,3465,981
36,1770,689,2980,694,716
-40,1749,663,3355,-2346,671
-58,1767,649,3372,-2179,708
-37,1828,640,2588,-939,780
3,1908,642,1751,848,666
11,1979,648,776,2182,134
-17,1982,668,373,1190,-98
-46,1926,692,878,-1354,-8
-39,1863,685,1696,-2987,73
-5,1828,646,2647,-3156,163
17,1841,570,2638,-2665,368
48,1880,503,2409,-1143,475
80,1910,463,2463,-107,283
103,1936,435,1777,168,-315
112,1936,440,1494,1274,-736
96,1924,439,1939,1400,-915
62,1918,414,1857,675,-688
53,1929,419,1504,-16,-127
80,1948,445,1125,35,475
108,1952,442,1466,729,683
85,1946,376,1496,-436,468
49,1955,316,545,-1923,145
56,1949,332,19,-2066,-51
94,1935,392,20,-1681,82
140,1941,441,-160,-1092,237
173,1954,473,-437,-413,309
185,1943,475,127,-284,281
164,1927,439,409,-1018,104
164,1918,421,28,-1237,0
187,1909,441,104,-666,157
215,1918,462,553,577,174
210,1933,444,741,1066,36
170,1940,402,615,447,-105
135,1930,378,471,283,-313
129,1916,385,167,304,-239
142,1916,401,-29,56,-34
162,1934,416,-143,346,31
171,1945,416,331,426,-5
154,1948,391,142,-361,-128
147,1936,388,-157,-204,-285
155,1918,405,31,-25,-244
167,1908,403,517,16,-107
176,1915,382,658,424,-14
184,1931,368,284,1276,-180
183,1937,384,298,1783,-237
160,1931,396,600,1262,-277
126,1930,390,462,715,-314
108,1933,391,184,774,-256
103,1933,396,273,543,-144
99,1940,401,102,-103,-141
107,1946,413,125,-640,22
117,1937,406,752,-697,-17
130,1932,384,831,-307,-233
134,1921,365,725,255,-278
130,1920,350,617,-19,-216
135,1933,355,270,263,-174
137,1944,372,354,953,-231
130,1946,378,237,643,-311
125,1938,374,474,157,-295
123,1927,362,747,360,-247
116,1932,351,363,628,-194
100,1942,359,236,717,-114
78,1956,372,224,12,-30
66,1956,382,132,-773,77
71,1940,391,595,-1288,30
96,1933,391,688,-1161,-89
125,1929,377,599,-865,-22
157,1934,370,373,-298,13
176,1948,376,1,636,-167
167,1954,389,-303,944,-277
153,1949,399,-174,109,-133
147,1928,399,492,-517,17
153,1926,390,522,-79,-13
164,1934,391,261,848,-81
158,1941,393,310,1044,-106
139,1946,387,130,663,-76
132,1944,382,185,263,-79
122,1937,370,372,-211,-105
124,1935,366,376,-287,-153
132,1932,367,525,-35,-130
136,1936,355,419,147,-138
138,1940,348,244,291,-173
143,1944,360,142,522,-190
149,1942,371,321,181,-108
148,1937,369,592,305,-145
140,1935,360,458,607,-200
134,1938,358,184,667,-182
133,1944,368,-61,879,-144
