-55,1933,-736,45,34,-4
-53,1934,-737,19,-83,14
-47,1936,-735,-38,-42,14
-47,1937,-731,-73,-55,33
-47,1939,-727,-112,71,29
-49,1937,-727,-149,96,49
-48,1935,-728,-158,125,46
-44,1934,-729,-134,121,50
-43,1933,-726,-152,176,64
-42,1934,-728,-180,188,50
-43,1935,-726,-212,273,64
-46,1935,-723,-178,223,64
-47,1934,-721,-218,149,72
-44,1932,-720,-186,274,30
-43,1930,-721,-135,309,77
-42,1932,-723,-142,321,47
-43,1932,-721,-186,307,87
-45,1935,-721,-128,258,94
-45,1936,-722,-137,267,84
-47,1936,-722,-186,262,51
-47,1934,-723,-175,338,67
-46,1933,-730,-172,275,66
-48,1933,-732,-146,310,80
-50,1934,-730,-188,340,89
-50,1935,-727,-164,412,85
-51,1935,-722,-163,355,42
-46,1934,-723,-175,498,7
-47,1933,-722,-183,355,50
-45,1936,-724,-222,480,25
-49,1938,-720,-218,411,30
-51,1939,-721,-246,470,7
-52,1937,-721,-249,399,33
-51,1937,-717,-222,409,7
-51,1935,-719,-217,429,31
-51,1934,-723,-210,343,39
-50,1939,-722,-203,476,19
-53,1939,-723,-190,417,28
-54,1938,-721,-168,427,-20
-52,1935,-723,-177,465,-34
-54,1934,-720,-154,412,-37
-56,1938,-718,-212,435,-46
-61,1943,-717,-258,342,3
-63,1947,-713,-303,315,33
-62,1946,-709,-338,335,1
-61,1942,-706,-318,340,3
-59,1939,-708,-359,386,-20
-56,1938,-707,-356,434,-51
-55,1941,-707,-377,410,2
-57,1944,-704,-391,445,21
-59,1945,-701,-387,506,12
-58,1940,-699,-395,607,-30
-55,1939,-696,-358,640,-46
-52,1939,-696,-346,617,-111
-52,1941,-693,-322,678,-89
-54,1946,-695,-342,708,-93
-62,1946,-693,-284,531,-27
-66,1945,-691,-261,471,18
-63,1943,-687,-273,484,-24
-59,1940,-684,-300,557,-57
-54,1939,-679,-275,673,-93
-52,1939,-676,-264,675,-61
-55,1941,-676,-259,592,8
-60,1944,-680,-180,475,76
-64,1947,-681,-172,440,79
-65,1946,-685,-124,361,98
-63,1942,-687,-57,296,141
-54,1940,-692,-28,369,93
-51,1942,-692,-4,329,158
-48,1946,-687,-29,372,147
-48,1952,-687,-27,360,149
-52,1953,-687,-24,388,171
-56,1950,-688,-56,387,178
-55,1948,-689,-54,289,172
-54,1948,-690,-19,186,188
-56,1951,-690,-3,200,220
-58,1951,-692,29,236,206
-59,1948,-691,40,273,174
-57,1944,-692,7,187,187
-53,1942,-694,34,159,194
-53,1942,-697,39,93,166
-52,1942,-699,75,109,151
-54,1941,-701,89,96,150
-55,1942,-703,141,133,70
-55,1942,-702,69,202,74
-56,1941,-704,61,203,40
-55,1941,-701,131,198,17
-56,1943,-701,90,168,26
-57,1942,-703,119,88,74
-56,1944,-707,76,89,40
-58,1943,-711,91,56,52
-58,1943,-707,71,83,86
-59,1945,-702,65,21,115
-59,1947,-700,20,8,121
-60,1946,-699,13,0,114
-59,1942,-701,46,34,116
-57,1940,-703,41,45,103
-53,1941,-703,38,17,118
-52,1942,-700,21,91,125
-50,1945,-702,21,116,111
-51,1945,-700,-3,88,129
-52,1942,-700,-3,114,120
-52,1940,-703,-63,245,126
-53,1939,-707,-88,279,109
-51,1939,-706,-43,320,130
-51,1941,-712,-95,306,143
-52,1943,-712,-85,336,119
-55,1942,-713,-102,369,91
-56,1939,-711,-142,344,83
-57,1937,-711,-112,355,67
-58,1936,-710,-82,357,65
-57,1936,-714,-75,353,72
-59,1937,-713,-63,354,45
-62,1939,-715,-108,323,68
-64,1938,-714,-61,326,56
-67,1936,-718,-36,251,54
-68,1934,-716,2,243,56
-68,1935,-715,12,188,37
-66,1936,-716,9,259,42
-66,1938,-715,-59,282,40
-69,1938,-714,-42,245,68
-70,1939,-710,-20,194,108
-70,1938,-710,8,136,101
-68,1940,-710,-13,155,82
-70,1941,-712,-57,116,118
-72,1942,-712,24,48,166
-73,1941,-715,10,-67,201
-76,1938,-718,67,-157,222
-75,1936,-715,100,-101,210
-68,1934,-714,113,-64,149
-63,1936,-712,103,-93,149
-59,1940,-710,65,-83,109
-59,1942,-711,24,-46,126
-58,1940,-712,12,20,128
-61,1939,-708,-16,-26,130
-59,1937,-710,-72,106,84
-59,1936,-711,-84,130,112
-59,1935,-714,-94,113,97
-56,1936,-716,-87,147,125
-60,1940,-718,-129,167,121
-61,1938,-719,-99,235,114
-60,1933,-718,-72,258,60
-61,1930,-721,-33,325,48
-66,1930,-724,-13,168,141
-62,1932,-724,-54,264,140
-66,1934,-723,-44,275,122
-69,1935,-724,-64,299,112
-72,1935,-726,-34,268,142
-73,1935,-727,-24,221,128
-75,1935,-729,-38,168,128
-77,1934,-731,-76,214,127
-76,1933,-729,-41,221,115
-76,1933,-730,-101,212,152
-74,1933,-726,-105,214,110
-73,1934,-722,-73,263,110
-72,1936,-723,-155,227,112
-74,1936,-723,-164,151,188
-71,1938,-718,-156,189,172
-72,1938,-722,-180,115,232
-74,1936,-721,-141,3,284
-67,1934,-721,-165,45,242
-64,1933,-719,-138,106,222
-58,1934,-714,-125,212,223
-57,1934,-710,-129,164,208
-57,1936,-713,-115,215,207
-58,1936,-715,-91,231,210
-57,1934,-717,-107,189,217
-54,1933,-720,-92,212,215
-53,1932,-719,-52,253,197
-54,1934,-718,5,301,183
-58,1935,-720,31,274,199
-61,1934,-724,-23,204,201
-62,1933,-723,29,258,195
-60,1932,-724,-3,211,179
-58,1931,-723,23,266,191
-59,1933,-722,13,262,201
-58,1934,-721,11,318,215
-57,1935,-722,2,354,202
-59,1934,-723,-33,267,191
-55,1933,-723,-12,373,172
-53,1932,-721,-24,388,172
-53,1931,-723,-47,350,206
-52,1933,-722,-29,327,235
-53,1934,-724,-45,306,208
-55,1934,-724,-68,326,202
-54,1934,-723,-105,373,171
-51,1931,-724,-105,381,158
-50,1931,-725,-44,390,165
-45,1931,-729,-52,498,166
-42,1932,-728,-83,531,146
-42,1934,-728,-92,450,189
-44,1939,-727,-110,379,212
-51,1934,-733,-106,365,191
-50,1930,-734,-30,363,206
-46,1927,-735,-47,351,180
-42,1925,-736,-6,421,148
-39,1927,-734,-3,478,99
-40,1930,-734,-52,481,133
-44,1933,-732,-59,358,183
-47,1934,-733,-73,310,185
-47,1932,-735,-47,352,157
-48,1928,-738,-61,314,142
-46,1926,-738,-18,231,158
-41,1928,-739,-21,327,146
-42,1931,-736,-44,298,185
-45,1934,-737,-69,206,183
-46,1933,-735,-74,182,176
-44,1933,-731,-91,258,202
-41,1934,-733,-55,306,136
-37,1932,-733,-50,346,116
-37,1935,-732,-84,316,166
-41,1934,-734,-103,210,181
-41,1933,-731,-131,148,196
-40,1931,-731,-115,111,210
-38,1930,-728,-112,187,186
-37,1929,-728,-69,208,146
-36,1930,-726,-106,187,115
-36,1931,-727,-58,141,147
-34,1932,-730,-55,85,176
-33,1932,-732,-92,59,204
-32,1928,-734,-83,133,154
-31,1925,-733,-38,137,161
-26,1927,-734,-7,303,59
-25,1929,-735,-38,253,42
-27,1930,-733,-43,299,46
-28,1932,-734,-47,284,37
-34,1932,-738,-95,106,67
-37,1930,-741,-37,40,72
-37,1928,-741,-1,15,17
-39,1930,-739,-18,-27,-9
-42,1931,-733,-46,4,13
-45,1929,-734,-44,76,-14
-47,1926,-736,9,38,-21
-47,1927,-740,55,-1,15
-47,1930,-742,8,-143,28
-51,1932,-744,6,-149,70
-53,1932,-747,-28,-107,76
-54,1930,-742,-63,-105,91
-53,1931,-740,-94,-60,58
-55,1928,-737,-116,-106,67
-55,1929,-737,-144,6,85
-55,1931,-737,-144,91,93
-56,1932,-738,-157,43,95
-53,1931,-740,-159,45,112
-51,1930,-740,-141,72,132
-54,1930,-740,-179,37,166
-55,1930,-736,-200,111,137
-54,1927,-736,-201,153,110
-53,1927,-733,-178,142,104
-50,1927,-734,-127,177,75
-48,1927,-734,-157,199,93
-50,1929,-734,-154,166,108
-49,1932,-734,-194,134,117
-49,1930,-734,-146,174,128
-51,1931,-736,-170,157,105
-50,1931,-733,-213,163,98
-50,1930,-732,-183,213,77
-47,1929,-731,-206,253,77
-48,1929,-731,-165,157,127
-46,1930,-731,-146,246,131
-47,1931,-732,-195,206,130
-50,1932,-730,-129,194,168
-52,1932,-730,-112,247,166
-54,1930,-727,-74,236,140
-55,1931,-727,-64,204,107
-56,1931,-725,-37,164,105
-59,1932,-729,-75,217,137
-59,1934,-733,-63,157,137
-60,1934,-733,-67,141,137
-59,1933,-733,-38,147,143
-61,1931,-734,-53,75,175
-58,1931,-729,-126,183,172
-56,1929,-729,-130,226,128
-58,1930,-728,-106,186,184
-55,1932,-730,-122,204,152
-53,1933,-728,-97,262,173
-53,1933,-728,-111,246,161
-51,1930,-727,-84,245,139
-50,1931,-728,-95,316,162
-52,1933,-731,-87,274,141
-51,1933,-731,-70,286,130
-49,1931,-734,-58,285,143
-49,1931,-732,-84,277,122
-49,1929,-733,-78,334,132
-50,1927,-732,-88,329,130
-50,1928,-732,-59,329,116
-51,1929,-732,-65,310,111
-52,1931,-734,-66,298,143
-53,1933,-736,-88,300,141
-55,1933,-735,-90,285,145
-51,1933,-731,-91,354,128
-53,1934,-732,-114,305,141
-55,1933,-729,-134,289,154
-53,1932,-730,-93,263,138
-55,1930,-732,-99,229,180
-55,1929,-731,-49,214,211
-53,1931,-729,-78,203,188
-49,1933,-727,-99,239,188
-46,1930,-725,-73,284,163
-42,1928,-724,-70,318,150
-41,1927,-724,-22,339,129
-38,1930,-725,-59,429,133
-36,1934,-728,-105,496,122
-38,1934,-731,-49,416,171
-41,1933,-735,-68,392,200
-42,1932,-735,-45,402,143
-42,1930,-736,-75,441,159
-43,1927,-736,-75,400,132
-44,1930,-734,-59,354,144
-45,1933,-734,-74,368,160
-45,1931,-734,-67,402,107
-43,1929,-735,-78,382,108
-40,1927,-738,-33,361,118
-38,1926,-738,5,378,129
-38,1927,-739,18,412,110
-37,1929,-737,-23,387,173
-35,1930,-734,-68,475,133
-36,1931,-733,-86,437,94
-37,1932,-733,-88,489,92
-38,1932,-733,-78,462,97
-38,1932,-733,-93,445,118
-35,1930,-732,-106,464,82
-33,1928,-736,-51,510,97
-32,1927,-734,-24,483,104
-30,1930,-733,-83,411,129
-27,1931,-733,-76,441,127
-31,1929,-732,-72,456,120
-30,1927,-732,-47,522,78
-29,1927,-739,-82,493,71
-29,1928,-739,-37,402,118
-28,1930,-740,-89,403,138
-29,1931,-739,-83,375,157
-29,1932,-737,-80,417,165
-27,1929,-735,-106,426,135
-26,1926,-734,-83,430,111
-26,1926,-739,-40,461,117
-23,1926,-743,-91,425,153
-20,1928,-743,-55,411,145
-19,1928,-744,-57,443,157
-19,1927,-742,-49,440,151
-21,1925,-743,-67,484,107
-22,1924,-742,-28,492,78
-22,1928,-743,-18,481,54
-25,1929,-745,-54,349,130
-26,1932,-746,-80,365,115
-30,1930,-745,-63,317,94
-31,1928,-744,-48,305,74
-32,1927,-743,-38,262,103
-32,1929,-741,-65,226,83
-30,1929,-739,-66,227,128
-30,1929,-739,-86,240,107
-30,1930,-741,-81,247,102
-28,1930,-741,-84,222,98
-28,1929,-742,-96,201,97
-29,1930,-742,-107,126,108
-28,1932,-741,-111,130,102
-28,1932,-741,-135,152,99
-28,1930,-740,-82,150,83
-27,1928,-741,-84,95,108
-25,1928,-741,-94,159,79
-26,1929,-743,-124,34,97
-26,1928,-742,-48,52,130
-23,1928,-741,-104,123,95
-25,1927,-746,-75,35,150
-31,1928,-747,-109,-34,186
-32,1931,-744,-103,-63,174
-32,1930,-743,-141,11,149
-31,1929,-738,-147,1,118
-32,1927,-737,-130,-21,116
-33,1927,-737,-120,-12,165
-33,1928,-737,-115,-12,144
-34,1927,-739,-122,-6,116
-35,1928,-740,-73,29,114
-34,1928,-738,-88,25,109
-36,1929,-735,-113,66,128
-36,1928,-736,-118,112,102
-38,1927,-735,-61,34,111
-37,1929,-736,-126,50,101
-35,1929,-734,-149,69,122
-36,1930,-732,-140,104,121
-35,1930,-732,-113,115,108
-36,1929,-733,-153,119,129
-32,1929,-731,-167,131,159
-31,1928,-730,-113,181,145
-29,1929,-729,-116,158,171
-28,1929,-729,-105,219,173
-27,1927,-728,-104,257,172
-25,1927,-728,-78,310,151
-24,1926,-730,-57,331,142
-24,1926,-731,-65,375,132
-23,1926,-732,-40,418,118
-24,1928,-732,-56,447,150
-24,1928,-735,-54,446,101
-23,1927,-735,-67,479,100
-26,1928,-736,-26,468,101
-24,1928,-736,-12,533,79
-27,1927,-738,-5,484,96
-28,1926,-738,31,465,127
-28,1929,-742,-2,416,117
-31,1930,-745,-28,321,175
-32,1930,-744,-18,306,197
-33,1930,-743,-5,295,212
-33,1927,-743,-5,272,178
-31,1925,-743,11,263,178
-27,1925,-742,1,293,192
-24,1924,-745,5,279,175
-23,1925,-747,41,259,183
-23,1927,-750,-8,258,194
-22,1926,-751,41,253,165
-24,1926,-751,27,197,183
-23,1928,-749,-18,286,142
-24,1929,-749,-55,234,130
-25,1928,-750,-37,199,153
-25,1926,-751,-32,104,144
-24,1926,-750,-5,134,123
-22,1925,-751,-35,196,110
-21,1925,-751,-51,188,117
-23,1926,-750,-24,129,118
-25,1927,-748,-29,116,130
-25,1928,-747,-16,84,142
-24,1927,-748,-44,112,95
-24,1928,-749,-80,70,107
-27,1927,-747,-95,121,92
-27,1926,-747,-69,71,96
-27,1924,-745,-26,71,53
-28,1925,-746,-23,18,77
-29,1926,-746,-12,94,33
-31,1928,-749,-78,64,85
-35,1931,-749,-127,59,78
-35,1930,-748,-94,51,83
-35,1928,-748,-97,18,92
-32,1925,-750,-127,94,68
-32,1924,-748,-100,83,99
-34,1924,-747,-151,68,148
-30,1925,-748,-164,133,156
-29,1925,-752,-135,104,187
-34,1924,-750,-122,53,223
-35,1923,-748,-137,59,216
-32,1923,-746,-98,82,213
-29,1922,-745,-78,118,208
-25,1922,-745,-103,142,159
-22,1923,-747,-87,183,155
-20,1923,-748,-59,194,170
-20,1925,-747,-69,245,164
-21,1924,-748,-71,244,179
-19,1923,-746,-34,247,156
-15,1922,-745,-16,418,100
-15,1921,-748,-46,414,137
-17,1923,-748,-69,364,146
-17,1925,-746,-97,400,147
-22,1925,-748,-53,408,157
-24,1920,-752,-16,370,176
-21,1919,-754,21,329,195
-19,1921,-757,-3,298,228
-19,1923,-758,20,207,273
-20,1927,-757,43,177,312
-20,1926,-758,-25,220,303
-21,1924,-758,9,176,292
-18,1925,-755,-40,171,283
-16,1925,-755,-58,218,254
-14,1923,-758,-83,331,234
-11,1923,-757,-78,292,238
-10,1923,-755,-56,276,253
-11,1924,-756,-114,311,238
-12,1923,-755,-143,268,229
-13,1924,-754,-197,311,207
-12,1922,-752,-218,267,210
-10,1921,-753,-190,258,212
-7,1919,-756,-132,254,244
-6,1917,-758,-211,234,261
-5,1916,-760,-123,241,266
-11,1915,-764,-122,91,298
-13,1915,-763,-105,27,358
-14,1911,-762,-60,49,347
-16,1909,-763,19,8,336
-13,1909,-764,78,35,285
-9,1910,-767,93,85,278
-10,1912,-771,195,-1,247
-11,1913,-771,203,-103,261
-14,1913,-774,179,-139,274
-13,1915,-771,191,-128,233
-12,1920,-765,164,-137,238
-8,1925,-765,135,-50,172
-7,1926,-763,104,-109,177
-6,1926,-765,83,-47,110
-2,1926,-766,77,92,79
2,1929,-768,46,20,82
4,1930,-762,-18,34,30
3,1932,-758,-103,78,7
0,1933,-752,-143,137,-12
-2,1934,-749,-229,132,6
-1,1933,-747,-244,154,-24
3,1932,-747,-276,278,-60
7,1931,-747,-300,354,-72
7,1932,-747,-346,434,-105
4,1932,-747,-365,422,-82
3,1930,-747,-367,474,-108
-1,1929,-747,-391,501,-64
-4,1925,-744,-331,565,-122
-2,1921,-743,-300,643,-122
-4,1919,-749,-277,600,-142
-5,1922,-751,-249,630,-125
-10,1922,-753,-266,618,-148
-14,1921,-753,-266,699,-155
-20,1921,-751,-291,652,-137
-22,1918,-750,-213,622,-161
-24,1917,-753,-173,580,-142
-26,1916,-758,-149,451,-131
-23,1918,-759,-85,589,-153
-22,1922,-760,-119,550,-137
-23,1926,-755,-132,564,-125
-31,1927,-751,-175,365,-83
-32,1927,-749,-181,357,-34
-32,1928,-748,-158,319,32
-27,1931,-749,-191,303,38
-23,1931,-747,-235,256,70
-20,1929,-748,-269,202,140
-20,1927,-746,-202,221,152
-19,1927,-747,-234,262,133
-17,1923,-748,-203,303,135
-14,1922,-750,-168,355,94
-13,1923,-750,-210,301,120
-13,1923,-749,-205,297,118
-17,1923,-748,-212,273,105
-21,1923,-747,-206,205,104
-22,1922,-748,-167,248,68
-24,1925,-747,-141,285,94
-27,1926,-748,-157,253,98
-28,1926,-750,-157,134,120
-28,1926,-748,-158,149,126
-29,1927,-745,-177,81,132
-30,1927,-743,-152,83,93
-33,1929,-742,-167,52,95
-34,1933,-741,-180,-39,121
-33,1933,-740,-189,-28,116
-33,1931,-738,-203,-16,121
-31,1930,-737,-188,-36,144
-29,1930,-736,-195,-3,135
-30,1933,-732,-235,-75,127
-31,1934,-730,-229,-54,138
-33,1934,-726,-247,-17,124
-30,1931,-725,-228,57,100
-30,1933,-730,-158,-62,110
-30,1933,-730,-165,-45,124
-30,1934,-729,-209,-73,133
-28,1934,-726,-183,-7,116
-28,1931,-721,-136,-10,60
-27,1929,-720,-108,2,47
-28,1929,-717,-104,47,12
-31,1930,-718,-103,109,49
-34,1928,-721,-98,109,26
-32,1929,-724,-49,97,-15
-33,1933,-727,-74,80,-11
-36,1935,-727,-75,34,13
-36,1934,-728,-90,55,-24
-40,1934,-732,-73,39,-25
-42,1933,-731,-57,14,8
-44,1934,-733,-83,-58,20
-45,1935,-732,-105,-87,55
-45,1933,-732,-63,-113,51
-42,1931,-731,-74,-36,43
-39,1928,-733,-105,21,54
-37,1928,-734,-75,27,101
-38,1929,-736,-52,32,95
-39,1932,-733,-96,-33,143
-41,1932,-735,-96,-20,160
-42,1929,-734,-19,22,123
-44,1927,-735,-69,89,109
-43,1926,-733,-37,110,102
-41,1928,-730,-32,157,58
-43,1930,-732,-55,137,108
-44,1932,-735,-83,208,108
-46,1932,-737,-71,177,104
-47,1932,-734,-66,213,119
-46,1931,-733,-90,254,98
-47,1932,-731,-101,194,105
-47,1934,-732,-153,171,120
-48,1933,-730,-172,206,143
-50,1933,-732,-126,139,145
-51,1933,-731,-137,101,197
-49,1932,-732,-116,203,186
-46,1932,-731,-185,239,170
-45,1932,-725,-199,204,177
-49,1931,-722,-225,-8,293
-48,1935,-716,-288,-167,447
-48,1935,-710,-403,-32,430
-52,1932,-701,-525,70,501
-37,1929,-700,-686,658,474
-29,1922,-731,-1192,1814,291
-27,1902,-758,-1602,3533,0
-57,1841,-812,-1863,3211,-72
-73,1753,-884,-1277,3264,8
-104,1703,-972,-1187,2566,267
-129,1727,-1023,-898,1823,424
-145,1795,-1071,-965,2253,-81
-169,1836,-1101,-1281,2977,-812
-123,1835,-1114,-1214,5141,-1723
-43,1813,-1135,-1107,8410,-3156
0,1759,-1155,-282,9612,-4072
1,1720,-1129,744,10024,-4761
-64,1754,-1082,1199,8634,-5060
-131,1859,-1032,2080,8115,-4885
-213,2023,-1033,3139,7565,-4646
-322,2213,-1067,2784,7250,-4245
-399,2296,-1027,2885,7710,-4127
-416,2273,-941,3150,7789,-4205
-390,2233,-807,3562,6096,-3703
-356,2223,-660,1942,4193,-2692
-342,2238,-483,224,1829,-1331
-322,2242,-275,-1439,610,-602
-363,2208,-123,-2250,-1255,17
-407,2119,-27,-2452,-1994,608
-439,2035,-37,-2403,-2209,1065
-356,1936,-166,-2417,-832,845
-174,1853,-283,-2682,-797,844
68,1821,-346,-2882,-212,64
285,1827,-421,-2077,1954,-810
374,1786,-509,-1152,3778,418
324,1771,-572,-753,4725,1453
202,1709,-723,1579,4677,1915
116,1722,-778,2881,4580,1705
83,1728,-829,2669,2674,1444
115,1716,-790,3960,3440,444
102,1709,-791,4638,3146,267
44,1675,-825,6157,4416,1135
5,1706,-868,6502,5154,1549
18,1756,-898,5686,4847,2375
39,1819,-873,5294,3643,2384
21,1910,-837,4846,2553,1929
-66,1979,-855,3224,1026,1835
-154,2002,-853,2643,-181,1746
-196,2018,-845,1407,-1041,1620
-160,2022,-839,1098,-1735,1854
-74,2044,-854,287,-2138,2186
0,2078,-878,-460,-3881,2631
31,2116,-887,-846,-4813,2459
31,2151,-908,-1536,-4983,1814
36,2177,-930,-1857,-4092,1358
45,2195,-973,-2923,-4338,1146
46,2212,-1019,-4426,-5574,854
86,2189,-1024,-5139,-5987,527
87,2147,-1001,-6049,-7027,359
83,2063,-939,-6565,-5561,-134
33,1967,-899,-4289,-8110,144
58,1929,-942,-5155,-7709,172
90,1873,-921,-5300,-7765,97
77,1852,-845,-5400,-6703,55
98,1818,-754,-5685,-3287,-45
147,1763,-690,-4611,-2385,329
199,1722,-703,-3474,-2520,785
261,1705,-696,-3486,-587,19
208,1769,-632,-3507,-729,-485
206,1813,-559,-4082,1704,-570
234,1805,-490,-3129,4157,-982
206,1786,-537,-3034,4626,-1546
160,1821,-532,-3191,4678,-2344
76,1902,-460,-3508,3573,-1972
29,1947,-348,-3674,2695,-781
23,1939,-306,-2824,2815,-246
28,1925,-338,-2633,4179,-726
21,1934,-364,-2578,5881,-1908
-17,1968,-353,-2782,5771,-2773
-45,2015,-295,-3226,4211,-2676
-49,2054,-225,-3284,2653,-1949
-61,2116,-193,-3944,1953,-1647
-104,2159,-156,-4420,3074,-1728
-151,2131,-114,-5754,4380,-1631
-186,2038,-47,-4748,2756,-694
-143,1949,-25,-3660,749,-1
-127,1906,-14,-2735,-553,278
-133,1945,-14,-2567,-855,148
-131,2006,18,-3017,-531,-442
-122,2005,47,-2674,-275,-1090
-110,1978,14,-2325,231,-1598
-120,1914,-37,-2065,1129,-1926
-156,1857,-94,-1455,1524,-2072
-249,1858,-171,-887,414,-1564
-331,1913,-183,157,-805,-780
-369,2021,-243,1126,-1223,-8
-359,2112,-330,1038,-1324,415
-309,2123,-374,986,-716,426
-300,2123,-407,1009,-995,201
-346,2138,-432,1243,-2369,573
-356,2158,-430,1604,-1959,765
-350,2167,-472,1755,-1968,687
-309,2168,-491,1746,-1583,408
-258,2148,-489,1305,-1306,178
-221,2111,-468,894,-806,-23
-209,2070,-424,586,-553,-277
-238,2030,-386,936,-844,-174
-280,2019,-374,1590,-1270,154
-296,2021,-396,2080,-1345,499
-288,2025,-431,1993,-826,558
-275,2016,-454,1947,-912,683
-251,2009,-467,1686,-1336,900
-229,2000,-453,1424,-1691,1048
-218,1998,-424,1139,-1871,1023
-212,1997,-388,928,-1440,825
-220,1986,-370,1115,-1467,523
-232,1980,-377,1443,-1306,391
-252,2006,-401,1662,-1191,612
-273,2041,-434,1590,-1290,981
-268,2063,-456,1300,-1439,1429
-237,2061,-465,1168,-1709,1656
-200,2047,-465,1216,-2025,1748
-173,2031,-464,1116,-2276,1701
-164,2021,-457,890,-2339,1602
-161,2010,-451,579,-2019,1415
-158,1995,-450,561,-1592,1155
-151,1983,-450,536,-1281,1022
-147,1973,-453,504,-1080,917
-141,1975,-455,541,-1146,885
-138,1988,-454,524,-1191,933
-133,1996,-453,569,-1245,1022
-123,1996,-454,517,-1240,1093
-110,1987,-455,643,-1210,1108
-92,1985,-456,823,-1097,975
-87,1985,-459,933,-1131,881
-84,1998,-473,1323,-742,665
-88,2016,-515,1217,-472,543
-93,2026,-529,1155,-233,495
-102,2033,-530,1015,-307,556
-108,2033,-530,740,-626,628
-109,2018,-521,701,-746,612
-101,2000,-513,721,-582,449
-94,1988,-513,812,-434,295
-86,1982,-516,737,-93,247
-80,1982,-520,610,32,299
-74,1987,-521,619,287,332
-76,1993,-523,487,271,381
-81,1992,-525,467,230,416
-81,1984,-531,524,197,408
-78,1979,-534,507,324,290
-79,1977,-536,568,432,201
-84,1979,-540,496,329,165
-87,1985,-549,447,304,151
-92,1990,-553,396,258,114
-92,1992,-551,384,407,52
-92,1995,-554,317,469,-3
-92,1992,-555,374,383,26
-87,1991,-556,331,517,31
-87,1991,-548,219,599,-33
-91,1993,-546,70,589,-39
-94,1995,-553,24,482,32
-96,1996,-555,20,378,114
-93,1993,-559,3,496,56
-92,1994,-565,-152,583,63
-92,1990,-564,-183,441,109
-90,1986,-562,-194,299,142
-90,1984,-558,-170,216,119
-91,1983,-553,-183,260,83
-91,1981,-549,-137,258,78
-83,1979,-548,-57,325,7
-76,1980,-549,-22,491,-67
-76,1981,-556,-6,442,-20
-79,1988,-560,-9,143,139
-79,1993,-564,66,-99,282
-84,1997,-556,58,-147,313
-88,1998,-555,-56,-205,323
-87,1990,-558,8,-233,229
-85,1987,-565,141,-319,220
-86,1998,-566,49,-260,300
-97,2011,-570,-80,-562,478
-100,2007,-573,-23,-748,555
-94,1998,-572,-91,-581,441
-90,1986,-566,-28,-365,369
-83,1976,-567,-44,-372,312
-79,1971,-565,-53,-341,262
-84,1975,-563,-12,-466,303
-97,1986,-554,6,-728,420
-99,1992,-554,-145,-626,391
-101,1988,-550,-174,-471,301
-102,1978,-544,-141,-354,246
-100,1972,-542,-83,-243,170
-96,1973,-538,11,-216,156
-88,1977,-543,-37,-42,124
-88,1985,-549,-40,-113,87
-90,1990,-551,-60,-111,96
-88,1988,-553,-62,44,57
-88,1986,-555,-63,232,-27
-87,1980,-555,-4,261,-62
-83,1978,-556,-68,319,-79
-84,1978,-559,-79,376,-74
-90,1980,-556,30,422,-81
-96,1981,-560,13,402,-20
-98,1981,-559,56,417,-49
-98,1980,-559,41,400,-76
-95,1981,-555,94,370,-82
-93,1982,-555,113,322,-56
-92,1982,-555,45,347,-84
-94,1980,-552,45,383,-84
-99,1978,-549,74,362,-49
-101,1981,-551,76,360,-29
-103,1985,-550,97,306,49
-102,1988,-550,93,308,112
-97,1988,-552,114,344,166
-97,1987,-554,109,387,177
-97,1987,-559,93,325,212
-98,1987,-563,27,337,244
-97,1987,-567,38,422,282
-94,1984,-570,43,398,292
-95,1985,-571,59,282,255
-98,1986,-577,31,101,275
-98,1984,-579,-15,133,221
-98,1981,-580,-13,169,146
-96,1976,-580,18,244,110
-93,1975,-585,14,164,145
-86,1974,-589,40,211,130
-89,1974,-594,61,96,161
-93,1977,-592,94,88,188
-93,1977,-589,69,166,151
-91,1975,-585,66,195,105
-87,1973,-582,95,229,38
-85,1974,-581,45,325,34
-87,1974,-582,53,274,70
-88,1978,-584,73,227,68
-92,1981,-589,29,265,86
-94,1983,-588,-21,203,107
-92,1983,-589,-33,184,123
-88,1980,-588,-64,239,101
-89,1979,-584,-60,229,105
-90,1978,-587,-100,244,114
-89,1979,-591,-132,187,113
-89,1981,-588,-124,227,109
-90,1979,-591,-177,258,82
-94,1978,-594,-143,232,104
-95,1977,-593,-141,188,130
-92,1975,-590,-126,156,126
-91,1975,-589,-102,160,99
-93,1974,-589,-92,236,97
-95,1974,-589,-101,196,76
-96,1976,-590,-92,185,81
-95,1977,-591,-103,147,62
-92,1976,-589,-107,165,61
-91,1976,-586,-152,185,42
-91,1977,-579,-197,246,19
-95,1977,-575,-261,326,13
-96,1979,-565,-312,357,-9
-97,1975,-559,-498,298,-53
-69,1968,-556,-743,1054,-191
-31,1955,-577,-1098,3093,-611
-25,1935,-605,-1361,5010,-1160
-34,1893,-641,-1198,5807,-1508
-96,1829,-732,-1120,3706,-833
-180,1774,-858,-833,1172,390
-219,1752,-939,160,1026,860
-270,1786,-975,64,1467,713
-320,1856,-998,-461,1606,68
-314,1886,-1013,-173,2453,-840
-276,1900,-1034,155,3730,-1823
-276,1914,-1045,564,4295,-2329
-297,1943,-1034,1095,4025,-2125
-279,2002,-1016,1684,5279,-2257
-239,2084,-983,1652,7706,-2845
-207,2177,-922,1597,9675,-4009
-198,2197,-883,1732,9382,-4313
-196,2168,-800,2475,8235,-4001
-206,2136,-693,2521,7596,-3778
-290,2122,-567,1110,4229,-2785
-370,2116,-366,-247,-466,-1243
-397,2141,-139,-715,-2857,-97
-414,2167,-22,-860,-1159,289
-468,2146,-13,-576,-197,817
-429,2108,-77,516,1487,1673
-283,2042,-168,874,2074,1810
-81,1922,-364,1683,2194,1852
105,1827,-471,2137,1722,1515
294,1781,-534,2536,3570,747
379,1713,-546,3233,4839,597
352,1665,-551,2991,4578,338
279,1645,-555,4319,5894,791
174,1629,-623,6255,2410,2973
108,1612,-742,7390,558,4614
-14,1585,-859,9579,1358,4776
-157,1584,-981,8906,3109,2509
-160,1706,-994,8837,4501,133
-76,1842,-989,6521,4637,302
57,1902,-937,6367,4201,1705
152,1908,-950,5823,3205,3502
168,1919,-965,6028,3362,3864
123,1980,-992,5069,3791,3102
42,2034,-1001,3308,3171,2128
6,2075,-985,2102,3513,1307
-12,2097,-981,943,2640,979
-28,2108,-977,-227,1256,936
-7,2096,-994,-878,174,662
24,2079,-993,-1579,-717,304
29,2063,-1009,-2401,-2642,347
123,2083,-1043,-3539,-1630,-110
203,2062,-1044,-4610,-914,-216
240,2013,-1068,-5414,-1842,-324
267,1976,-1096,-6983,-2184,-355
237,1934,-1052,-7787,-2699,-190
162,1935,-970,-7978,-2641,-176
115,1904,-919,-7932,-2435,-204
88,1861,-940,-7320,-3653,-471
91,1841,-952,-7477,-3479,-1070
72,1856,-917,-7063,-5047,-1192
81,1909,-865,-5903,-5860,-847
132,1921,-845,-6471,-5326,-258
184,1906,-775,-6885,-3251,145
187,1859,-725,-5759,-1917,526
183,1834,-671,-6297,-1846,648
150,1823,-647,-4615,-2929,1057
132,1812,-610,-4109,-2478,1118
135,1778,-639,-3406,-1657,816
191,1764,-616,-3266,365,81
202,1813,-581,-4161,-240,-713
192,1888,-483,-2622,275,-1484
147,1919,-456,-3094,1110,-1662
83,1887,-401,-2670,2394,-1902
18,1831,-372,-2647,3060,-1975
14,1812,-313,-1645,3512,-2097
25,1871,-303,-1744,1909,-1897
60,1969,-277,-1726,904,-1462
23,2048,-240,-2232,1135,-2393
-47,2040,-206,-2023,2557,-2973
-97,2016,-173,-1929,3258,-3101
-126,2000,-143,-1607,2914,-2716
-136,2014,-105,-1616,1257,-1933
-138,2031,-83,-1798,-82,-1259
-129,2021,-56,-1897,-411,-973
-116,1970,-21,-2123,-272,-936
-103,1888,-13,-1436,-960,-810
-53,1839,-47,-985,-1101,-1016
-38,1887,-101,-716,-1034,-1266
-66,1996,-174,-485,-962,-1265
-132,2084,-256,-968,-1376,-668
-181,2128,-315,-681,-631,-345
-229,2132,-381,-413,-275,-216
-271,2115,-436,155,-1009,167
-293,2106,-469,140,-2100,687
-302,2112,-489,261,-3000,1128
-317,2137,-495,244,-3603,1389
-330,2147,-476,153,-3526,1399
-313,2116,-437,430,-2237,985
-324,2096,-437,628,-1870,930
-338,2073,-452,653,-2016,1303
-284,2018,-495,1701,-384,1264
-202,1959,-576,2437,-60,1299
-124,1941,-616,2944,-76,1477
-89,1956,-609,2968,-760,1642
-76,1975,-592,2814,-1327,1678
-96,1993,-578,2542,-1815,1519
-125,2002,-573,2299,-2173,1530
-153,1998,-571,2324,-2023,1486
-179,1988,-574,2276,-1508,1192
-196,1990,-584,2138,-1277,800
-165,1993,-598,1888,-904,437
-119,1998,-601,1784,-815,310
-82,1996,-605,1758,-734,382
-66,1996,-613,1769,-641,634
-71,2001,-616,1492,-425,811
-82,1995,-624,1301,-368,833
-80,1979,-625,1336,-184,772
-77,1964,-633,1382,-121,540
-78,1958,-638,1381,-269,459
-77,1962,-629,1197,-96,390
-77,1973,-616,954,-57,366
-83,1980,-603,850,-57,341
-84,1983,-594,704,-71,236
-84,1978,-588,559,-19,113
-84,1972,-590,424,-55,112
-78,1973,-593,204,-228,223
-78,1972,-600,68,-210,298
-80,1968,-611,114,-382,426
-70,1963,-627,299,-412,408
-56,1957,-642,548,-326,374
-47,1953,-657,624,-330,426
-35,1959,-656,551,-177,328
-35,1965,-650,347,-201,253
-42,1964,-646,405,-385,279
-50,1966,-640,458,-498,225
-54,1969,-642,431,-498,94
-56,1969,-637,523,-275,-10
-53,1968,-638,440,-186,-31
-51,1968,-636,439,-205,-76
-51,1966,-640,407,-185,-64
-61,1975,-634,186,-226,28
-76,1983,-618,74,-355,122
-88,1981,-608,50,-500,183
-92,1980,-607,83,-364,179
-91,1978,-609,80,-320,174
-85,1972,-611,87,-231,146
-80,1965,-613,109,-278,213
-80,1963,-615,134,-323,267
-82,1962,-618,96,-254,328
-82,1958,-620,169,-280,307
-83,1959,-623,38,-333,293
-82,1961,-624,155,-315,235
-85,1966,-628,94,-324,218
-89,1969,-628,25,-300,204
-89,1970,-625,-100,-141,154
-93,1964,-627,-100,-194,239
-88,1964,-632,-55,-284,316
-86,1968,-635,-69,-366,383
-86,1967,-643,-98,-444,480
-80,1970,-639,-101,-290,517
-76,1969,-639,-182,-384,537
-70,1967,-635,-126,-332,518
-70,1965,-641,-145,-441,515
-65,1961,-645,-67,-330,481
-55,1956,-648,-117,-47,373
-53,1949,-647,-110,4,350
-51,1943,-648,-40,35,324
-46,1940,-648,40,246,216
-43,1936,-655,100,502,76
-46,1937,-660,140,424,98
-47,1944,-657,155,504,10
-53,1952,-658,44,588,-85
-61,1955,-663,34,673,-156
-67,1959,-663,-30,729,-163
-73,1960,-664,-60,684,-150
-76,1964,-671,-19,413,-133
-79,1969,-675,-87,242,-71
-77,1972,-671,-153,263,-86
-80,1969,-664,-145,246,-73
-78,1962,-659,-126,272,-97
-79,1953,-656,36,226,-107
-79,1948,-656,121,303,-37
-81,1950,-659,104,129,13
-82,1956,-653,142,138,60
-87,1965,-650,16,5,96
-90,1966,-643,-14,-97,89
-91,1965,-641,-19,-171,102
-87,1961,-646,-21,-191,108
-85,1960,-647,-26,-143,101
-84,1961,-650,-98,-133,151
-82,1961,-650,-141,-60,168
-78,1962,-647,-172,-40,158
-80,1963,-645,-205,-82,129
-83,1961,-645,-175,-57,165
-83,1960,-649,-193,-134,140
-84,1960,-652,-188,-197,197
-82,1961,-647,-226,-192,219
-78,1960,-644,-253,-122,162
-80,1959,-643,-192,-142,169
-77,1957,-639,-173,-20,162
-73,1952,-637,-155,46,129
-69,1950,-639,-152,101,142
-69,1952,-641,-93,117,159
-72,1955,-641,-93,112,144
-79,1958,-646,-121,67,144
-86,1959,-645,-115,-6,166
-87,1959,-647,-65,-42,171
-83,1958,-650,-143,120,106
-82,1957,-651,-169,174,67
-82,1957,-651,-177,178,60
-83,1957,-647,-174,150,39
-87,1959,-648,-198,144,92
-89,1960,-646,-169,174,80
-89,1959,-648,-196,280,73
-87,1957,-652,-150,247,60
-85,1957,-654,-161,296,39
-87,1957,-650,-90,235,58
-88,1958,-647,-145,214,72
-91,1957,-645,-99,208,50
-94,1957,-644,-32,133,78
-92,1958,-644,-60,216,51
-94,1959,-645,-129,153,41
-91,1959,-645,-82,101,39
-91,1960,-643,-77,159,61
-91,1963,-639,-92,119,84
-87,1964,-636,-108,150,102
-88,1963,-638,-69,187,72
-88,1962,-643,-152,138,84
-91,1960,-648,-149,78,106
-91,1959,-646,-113,53,93
-92,1959,-648,-157,92,102
-92,1958,-646,-128,71,122
-92,1960,-643,-135,95,125
-93,1961,-642,-151,14,111
-92,1960,-638,-190,47,112
-95,1958,-634,-193,59,125
-94,1958,-634,-231,133,117
-97,1954,-640,-113,-25,204
-92,1961,-642,-154,70,178
-90,1963,-641,-230,70,86
-85,1951,-645,-308,140,-90
-81,1939,-673,-575,1109,-472
-107,1952,-697,-1113,2375,-796
-122,1941,-724,-1068,3818,-1012
-150,1877,-827,-1156,2827,-764
-146,1791,-910,-518,1995,-110
-143,1745,-986,-400,1851,267
-189,1751,-1018,-845,1543,103
-217,1786,-1012,-1063,2680,-757
-240,1831,-991,-1156,3951,-1533
-250,1844,-983,-608,4810,-2088
-268,1830,-989,284,4552,-2261
-307,1832,-989,917,3589,-1959
-338,1885,-961,1516,4054,-1801
-374,2005,-908,1979,5529,-2212
-400,2146,-863,1942,6988,-2438
-373,2208,-874,3223,6566,-2562
-311,2215,-837,3331,6316,-2313
-292,2192,-696,2569,3479,-1069
-292,2181,-431,856,-303,39
-208,2095,-150,1735,-678,329
-159,2025,-78,3321,1473,-25
-194,2038,-140,4051,3148,387
-178,2059,-227,3840,5048,773
-140,2002,-283,3014,5493,1225
-41,1931,-358,537,3824,1813
154,1850,-419,165,3808,1216
312,1752,-502,2399,5939,909
425,1679,-630,2847,10186,837
353,1640,-744,2994,8012,1664
279,1572,-834,4771,9023,1063
204,1472,-965,7612,6220,817
231,1533,-1027,9350,5922,531
223,1621,-1084,9100,4995,1281
177,1698,-1103,8378,4864,1304
128,1762,-1115,7041,5283,1281
121,1782,-1127,6282,5414,1456
120,1815,-1147,5410,4158,2252
102,1893,-1113,4672,2922,2999
57,1968,-1098,3338,2017,2692
8,2021,-1070,2930,1375,1710
-29,2054,-1075,1971,683,834
-44,2076,-1098,819,-498,120
-29,2060,-1129,-498,-1855,-43
16,2070,-1109,-1621,-2364,-163
87,2092,-1088,-2308,-1955,-143
146,2075,-1125,-2789,-2971,8
139,2036,-1142,-3940,-5540,511
139,2021,-1150,-5487,-5041,581
159,1986,-1140,-7117,-2843,-87
143,1917,-1194,-8338,-4104,-382
134,1886,-1158,-8728,-4804,-523
140,1880,-1043,-8125,-4029,-532
86,1871,-988,-8350,-7562,140
66,1870,-932,-7305,-6883,342
68,1835,-967,-8232,-7527,484
80,1834,-943,-8282,-6526,582
76,1858,-881,-8490,-6179,290
69,1837,-812,-8840,-5934,452
100,1805,-673,-7343,-4756,1243
154,1772,-636,-5898,-4990,1894
275,1759,-654,-7080,-1900,764
266,1776,-585,-5403,-1744,-247
210,1803,-530,-5989,-1241,-482
147,1794,-464,-4795,-929,-416
118,1778,-448,-3268,-984,-717
92,1795,-419,-3380,-1171,-940
64,1864,-374,-3259,-155,-969
48,1934,-300,-2875,800,-1022
39,1960,-282,-2915,1343,-1407
20,1977,-248,-2259,1432,-1396
-13,1989,-250,-2362,1185,-1340
-40,1997,-237,-1992,646,-1321
-66,2035,-193,-2466,193,-1330
-75,2074,-157,-2777,43,-1382
-90,2087,-130,-2788,-132,-1308
-99,2074,-118,-2765,-178,-963
-101,2050,-93,-2821,-799,-538
-98,2009,-75,-2461,-1609,-168
-87,1976,-53,-2631,-2292,-72
-79,1948,-26,-1900,-2518,-229
-91,1948,-33,-1736,-2367,-561
-125,1957,-69,-1249,-1893,-782
-176,1985,-118,-348,-1525,-389
-228,2018,-199,129,-1542,228
-264,2033,-271,456,-1953,902
-248,2043,-318,1298,-1900,1390
-213,2064,-359,1423,-2035,1465
-208,2078,-403,3009,-2098,1425
-210,2111,-504,2975,-2494,1763
-187,2088,-578,3008,-1561,1944
-162,2038,-609,2859,-1448,2124
-133,1993,-614,3288,-1421,1967
-120,1955,-628,3716,-1473,1533
-111,1938,-645,4544,-594,905
-111,1948,-727,4828,-479,664
-106,1952,-802,4849,-844,802
-101,1958,-845,4594,-751,830
-94,1960,-861,4244,-639,623
-90,1955,-859,3906,-313,317
-103,1952,-833,3805,-617,238
-113,1952,-808,3756,-834,160
-127,1952,-793,3453,-984,108
-128,1951,-773,2733,-522,-17
-107,1952,-757,2475,-1,-238
-80,1952,-761,2015,52,-299
-56,1945,-778,1655,88,-64
-31,1946,-781,1447,184,81
-26,1951,-782,1244,163,114
-42,1963,-774,702,-321,199
-49,1972,-753,638,-223,23
-51,1969,-746,449,199,-218
-64,1961,-747,263,-54,-211
-65,1959,-731,144,145,-278
-72,1956,-719,-26,21,-286
-79,1953,-704,-189,-11,-249
-79,1943,-703,-91,24,-212
-76,1931,-706,-6,-24,-114
-74,1932,-716,24,-108,-61
-85,1950,-717,-184,-445,82
-108,1972,-709,-376,-883,303
-124,1980,-701,-612,-1178,454
-131,1974,-688,-521,-1213,464
-125,1965,-673,-450,-1027,376
-113,1955,-669,-511,-842,258
-103,1944,-663,-488,-836,264
-94,1937,-658,-375,-661,268
-91,1932,-659,-222,-660,329
-88,1932,-665,-106,-632,322
-86,1934,-672,-102,-566,253
-90,1936,-673,-34,-534,175
-92,1939,-677,-26,-451,140
-95,1943,-676,-43,-435,109
-98,1950,-676,-26,-444,131
-101,1957,-674,-107,-531,175
-101,1959,-671,-165,-485,216
-106,1956,-675,-291,-451,252
-112,1952,-678,-230,-580,369
-108,1949,-679,-219,-493,403
-101,1945,-683,-177,-266,389
-95,1940,-691,-180,-235,368
-93,1938,-696,-84,-312,340
-89,1941,-704,-70,-405,317
-83,1950,-699,-126,-198,201
-81,1955,-688,-213,-74,43
-74,1955,-678,-192,218,-86
-71,1949,-675,-249,338,-138
-75,1942,-674,-196,400,-111
-85,1942,-677,-102,295,-2
-99,1947,-682,-130,228,143
-110,1951,-681,-201,68,249
-114,1947,-677,-111,61,234
-110,1943,-681,-86,107,217
-105,1942,-681,-70,90,187
-99,1942,-679,-49,173,114
-92,1948,-677,-52,423,48
-89,1956,-681,-118,493,24
-92,1958,-682,-123,383,86
-99,1956,-681,-150,287,177
-112,1950,-685,-118,41,303
-121,1944,-689,-84,-73,397
-116,1942,-693,-87,120,363
-110,1941,-693,-76,59,415
-100,1940,-696,-129,142,430
-93,1941,-697,-114,148,397
-90,1944,-696,-73,269,285
-98,1944,-694,-51,158,255
-103,1943,-692,-20,112,249
-103,1942,-693,-43,214,146
-106,1939,-692,6,238,110
-109,1936,-694,19,236,128
-110,1942,-699,-129,181,131
-111,1944,-693,-65,175,109
-115,1945,-691,-181,176,141
-120,1947,-688,-51,-21,297
-117,1950,-690,-134,-181,295
-113,1955,-685,-106,-275,285
-107,1960,-684,-237,-54,156
-106,1958,-677,-263,51,125
-104,1950,-675,-285,136,93
-101,1944,-678,-223,93,163
-100,1943,-684,-187,69,245
-95,1941,-689,-220,122,257
-90,1943,-689,-249,304,245
-95,1945,-687,-240,149,270
-99,1946,-683,-272,13,310
-100,1947,-679,-166,-154,282
-98,1951,-677,-88,-109,139
-100,1954,-676,-134,32,35
-93,1952,-675,-130,147,-17
-89,1949,-679,-113,160,-52
-90,1946,-682,-161,141,-40
-89,1949,-676,-173,82,-14
-88,1950,-671,-227,147,-26
-89,1949,-661,-167,279,-57
-91,1947,-661,-114,299,-41
-95,1948,-662,-99,180,30
-92,1951,-661,-63,211,55
-95,1954,-663,-125,153,87
-94,1956,-659,-57,192,77
-94,1955,-655,-31,168,66
-91,1954,-656,25,208,99
-92,1952,-659,-14,137,148
-92,1952,-662,-36,163,172
-92,1952,-667,-75,8,258
-89,1951,-674,-59,-14,279
-86,1948,-675,7,127,260
-84,1947,-678,-19,273,274
-82,1946,-685,3,152,265
-79,1948,-687,39,147,318
-85,1952,-687,-8,72,315
-88,1951,-692,-70,191,233
-96,1946,-699,-26,146,238
-98,1940,-703,89,184,199
-97,1938,-698,122,208,165
-96,1938,-698,145,157,121
-93,1942,-694,138,216,11
-94,1946,-693,102,241,-21
-97,1950,-691,31,265,-50
-103,1951,-691,3,307,-27
-104,1948,-694,-46,355,-25
-104,1943,-694,-11,299,-39
-103,1940,-697,18,206,-7
-104,1942,-692,3,179,44
-103,1947,-687,16,308,-22
-105,1951,-686,-46,314,-46
-109,1956,-682,-108,234,-30
-109,1957,-681,-166,263,-20
-108,1955,-681,-142,213,7
-105,1952,-679,-161,268,-23
-101,1947,-681,-161,224,37
-99,1943,-678,-80,264,48
-97,1946,-678,-162,236,59
-98,1945,-678,-107,234,57
-100,1947,-677,-68,182,78
-102,1949,-680,-121,242,70
-105,1952,-680,-199,363,72
-104,1953,-681,-267,425,72
-101,1947,-678,-208,488,25
-97,1946,-676,-239,500,20
-99,1949,-671,-205,466,56
-101,1947,-667,-176,561,61
-103,1946,-671,-175,631,17
-105,1945,-677,-127,697,25
-106,1941,-681,-48,675,24
-103,1940,-687,-103,681,10
-99,1943,-687,-183,890,-103
-96,1942,-689,-156,1044,-198
-93,1940,-682,-293,1391,-323
-84,1934,-664,-224,1758,-585
-74,1928,-669,-431,2315,-952
-68,1939,-695,-660,3639,-1430
-48,1951,-749,-974,5665,-2121
-44,1935,-798,-1245,5953,-2260
-73,1867,-880,-1652,3685,-1599
-93,1779,-959,-1089,1934,-957
-146,1744,-1051,-868,80,-21
-244,1802,-1061,-1373,-357,406
-360,1882,-1056,-1922,456,4
-423,1891,-1075,-2180,1316,-298
-352,1834,-1077,-850,3958,-1147
-243,1775,-1100,66,6088,-2204
-197,1766,-1055,1344,4736,-2312
-164,1857,-974,3042,5223,-2215
-162,2067,-919,3399,6804,-2568
-236,2230,-887,2982,7688,-1988
-293,2205,-840,3618,8838,-1124
-313,2095,-770,4097,8077,-875
-355,1982,-601,2808,4628,-729
-384,1891,-339,1503,47,-203
-340,1876,-114,2103,-1339,-1
-306,2015,-106,2594,811,-131
-310,2215,-187,2095,2191,718
-294,2282,-329,-450,2802,1131
-232,2122,-529,-2724,1645,1280
13,1894,-588,-1510,4574,454
267,1802,-626,-1207,5539,-900
362,1746,-651,367,4049,-597
309,1720,-631,1907,4774,351
267,1719,-608,1555,6219,1038
281,1636,-654,4032,6993,2714
344,1587,-749,7068,9529,3485
312,1634,-909,7669,10443,3939
182,1678,-1030,7623,8231,3959
113,1733,-1078,6984,9026,2824
55,1782,-1065,5974,7504,2126
38,1833,-1019,5406,6093,1981
62,1855,-977,5212,6610,1764
29,1833,-1028,4189,3581,2296
54,1876,-993,3257,3717,1953
84,1953,-971,1758,2981,1917
114,2001,-959,1355,2303,2055
77,2025,-1005,798,-8,2432
30,2079,-1046,-102,-2031,2193
30,2149,-1047,-1457,-1738,1643
93,2176,-1046,-3245,-642,1262
182,2162,-1047,-4447,-1275,904
262,2136,-1011,-4894,-1509,576
266,2109,-989,-4568,-3215,441
230,2089,-982,-4606,-4850,-78
195,2049,-1040,-7276,-7784,-555
218,1982,-1002,-6960,-7255,-1362
264,1886,-914,-4382,-4760,-2333
241,1863,-999,-7212,-8412,-2275
240,1878,-877,-5625,-6790,-2360
192,1884,-867,-5545,-9294,-2095
230,1858,-877,-5503,-6851,-2829
199,1847,-840,-5679,-6783,-2269
165,1872,-786,-7532,-4285,-1379
147,1839,-705,-5869,-4221,-17
163,1795,-710,-5039,-5104,955
210,1777,-718,-4960,-4792,1528
226,1780,-692,-5116,-4254,1691
177,1792,-570,-3831,-3983,1506
176,1762,-544,-2400,-1947,746
224,1717,-624,-2511,-823,-408
249,1758,-596,-3590,152,-1795
196,1865,-468,-3500,175,-2047
112,1936,-315,-2718,277,-1642
58,1922,-326,-2533,1285,-1827
33,1908,-398,-2183,2621,-2494
17,1942,-425,-3165,3212,-2937
12,2016,-343,-3491,3192,-2541
18,2085,-254,-3743,1249,-2241
-14,2118,-192,-3590,-256,-1707
-91,2154,-173,-4115,-615,-1824
-174,2115,-147,-3808,705,-1672
-197,2045,-131,-3549,1468,-1702
-159,1999,-119,-3623,1629,-1732
-107,1973,-97,-3296,1175,-1625
-73,1944,-85,-3037,415,-1387
-50,1916,-56,-2998,130,-1129
-73,1883,-45,-1953,-536,-869
-100,1865,-71,-1161,-1341,-525
-120,1876,-102,-129,-1255,-487
-171,1936,-158,403,-1649,-550
-240,2009,-221,557,-1551,-392
-311,2073,-270,1027,-1065,71
-347,2116,-345,1364,-789,639
-327,2145,-387,2176,-208,1118
-304,2193,-494,2322,-717,1875
-277,2185,-548,1952,-1457,2362
-258,2101,-552,2289,-2311,2624
-232,2020,-532,2428,-2561,2635
-195,1961,-543,2992,-1886,2302
-171,1933,-584,2937,-1649,2027
-161,1936,-625,3333,-1636,1901
-164,1957,-668,3182,-1648,1796
-169,1981,-692,2998,-2153,1737
-164,1991,-709,3250,-2352,1640
-160,1994,-741,3118,-2392,1591
-146,1994,-755,2879,-2432,1462
-120,1988,-752,2921,-2462,1187
-91,1978,-742,2684,-2496,923
-82,1973,-721,2527,-2613,981
-80,1975,-690,2306,-2275,1025
-92,1959,-683,2321,-2130,1025
-93,1937,-678,2253,-1433,885
-72,1932,-682,2017,-978,673
-44,1939,-685,1965,-778,466
-24,1953,-698,1705,-805,314
-20,1970,-712,1485,-501,323
-35,1986,-706,1298,-478,303
-43,1989,-707,1092,-430,164
-38,1988,-704,833,115,-84
-36,1989,-691,561,398,-298
-37,1988,-677,213,548,-402
-46,1983,-661,84,510,-400
-57,1976,-655,-95,507,-355
-66,1974,-649,-309,645,-337
-69,1978,-634,-474,658,-310
-68,1980,-622,-554,583,-249
-68,1978,-613,-631,252,-103
-68,1970,-610,-475,192,-71
-69,1964,-610,-371,356,-48
-75,1960,-618,-280,300,9
-74,1964,-618,-274,259,-5
-74,1970,-619,-310,188,7
-78,1972,-618,-331,238,-33
-82,1970,-620,-377,292,-6
-83,1970,-614,-201,363,-7
-78,1969,-611,-189,521,-48
-67,1964,-618,-216,690,-93
-62,1958,-626,-180,785,-134
-60,1953,-632,-150,786,-126
-64,1956,-635,-155,833,-180
-72,1959,-634,-242,802,-132
-78,1962,-629,-144,818,-122
-83,1959,-631,-114,731,-142
-83,1953,-635,-16,756,-193
-80,1950,-639,51,704,-163
-78,1951,-642,85,660,-124
-79,1956,-645,146,517,-78
-85,1961,-648,128,356,-100
-87,1966,-651,143,360,-70
-88,1966,-656,157,453,-92
-91,1962,-656,105,452,-60
-92,1965,-651,98,349,-9
-91,1969,-646,-49,288,22
-90,1964,-644,-51,181,82
-90,1959,-645,28,266,108
-92,1958,-645,-69,266,102
-93,1959,-642,-44,164,142
-93,1961,-644,21,63,144
-102,1964,-647,3,-124,236
-106,1965,-648,67,-220,290
-107,1967,-646,78,-246,279
-107,1965,-644,18,-243,268
-106,1961,-642,11,-260,261
-102,1958,-637,11,-249,222
-98,1957,-637,3,-147,262
-93,1956,-633,34,-127,279
-90,1959,-630,-2,-116,287
-85,1958,-630,38,8,250
-83,1955,-639,24,149,231
-82,1952,-647,61,156,195
-88,1954,-650,78,90,212
-94,1958,-658,64,33,190
-96,1961,-662,153,96,152
-96,1959,-663,179,229,68
-95,1955,-661,139,290,15
-96,1952,-659,179,60,9
-96,1956,-657,38,181,56
-96,1956,-653,92,345,50
-93,1956,-652,24,376,-17
-96,1954,-649,20,276,1
-97,1955,-650,46,141,30
-92,1955,-652,83,204,61
-86,1954,-660,60,348,50
-78,1954,-666,44,523,28
-74,1957,-666,38,585,-11
-70,1957,-670,-6,603,-38
-76,1956,-675,-32,357,18
-84,1957,-673,-78,239,58
-89,1959,-669,-115,355,27
-93,1959,-667,-189,393,25
-91,1958,-665,-164,418,15
-86,1955,-665,-132,312,4
-82,1956,-665,-129,300,7
-84,1953,-667,-162,218,58
-83,1950,-665,-100,281,79
-80,1946,-666,-4,246,63
-80,1943,-671,122,216,84
-81,1943,-680,151,210,87
-82,1946,-682,120,433,42
-88,1948,-679,4,383,10
-91,1951,-680,-3,187,23
-97,1957,-675,-52,199,-11
-104,1961,-673,-114,250,14
-108,1959,-676,-101,296,56
-106,1954,-679,-81,230,46
-106,1952,-677,-101,61,58
-101,1955,-670,-200,47,64
-99,1956,-664,-242,176,71
-104,1957,-663,-201,88,99
-104,1954,-666,-192,77,129
-102,1952,-666,-138,52,106
-98,1952,-668,-171,73,79
-95,1952,-667,-182,140,78
-99,1951,-666,-183,48,101
-99,1954,-662,-199,105,92
-101,1957,-658,-213,55,81
-100,1958,-656,-197,110,66
-98,1957,-657,-176,116,68
-98,1954,-661,-150,22,111
-98,1951,-663,-115,27,147
-95,1951,-663,-57,36,129
-92,1950,-663,-48,103,115
-86,1950,-665,-13,269,61
-82,1950,-666,-13,409,36
-84,1948,-671,3,433,14
-86,1948,-670,114,478,23
-89,1952,-672,17,433,4
-90,1956,-672,-12,411,32
-97,1957,-668,-13,336,59
-102,1956,-667,-70,324,43
-102,1954,-669,-114,352,4
-105,1951,-669,-123,222,15
-103,1953,-671,-134,270,-5
-104,1957,-670,-166,199,-20
-105,1960,-669,-216,217,-5
-106,1956,-665,-165,162,-13
-108,1949,-665,-194,142,12
-110,1947,-664,-138,106,30
-112,1947,-663,-81,59,40
-110,1949,-660,-20,26,42
-111,1953,-659,-32,0,29
-112,1955,-660,34,42,20
-112,1955,-663,-6,37,30
-113,1955,-663,58,16,32
-114,1957,-665,-85,48,56
-113,1959,-663,-150,95,34
-115,1960,-660,-209,36,82
-117,1957,-657,-196,60,116
-117,1954,-659,-265,62,96
-122,1956,-648,-279,-42,157
-126,1953,-649,-345,-242,214
-124,1948,-646,-672,153,55
-109,1936,-659,-889,1561,-418
-111,1939,-689,-1085,2380,-907
-80,1932,-717,-1060,4081,-1643
-108,1888,-767,-1225,3269,-1292
-161,1826,-867,-1071,1676,-472
-198,1783,-977,-285,44,486
-242,1787,-1061,-639,-778,975
-277,1803,-1101,-1126,-90,643
-296,1807,-1100,-1304,649,-40
-248,1816,-1085,-1398,2010,-964
-196,1817,-1036,-1192,3197,-1566
-182,1809,-971,-770,3717,-1758
-204,1825,-891,153,4389,-1749
-258,1882,-849,1627,5656,-1931
-346,1993,-879,3631,5234,-1593
-350,2085,-964,4907,5709,-1301
-321,2118,-932,5893,5450,-430
-314,2160,-834,4410,2222,1183
-290,2220,-562,1567,-3326,2655
-130,2185,-225,2625,-3930,1853
-64,2119,-142,4518,-692,92
-154,2088,-204,4981,2982,50
-238,2057,-296,4141,5247,936
-272,1974,-383,2896,3877,1860
-184,1911,-443,1516,1945,2643
13,1874,-464,1192,1845,1933
158,1793,-527,1982,3134,1663
250,1688,-641,3556,4411,1270
363,1641,-684,3067,6804,172
359,1574,-788,3833,5063,974
356,1469,-914,7567,5698,2411
242,1466,-1125,8242,1828,3431
139,1551,-1216,7513,2342,2861
86,1618,-1206,6851,2106,1650
57,1663,-1165,6263,1818,1276
42,1744,-1149,5261,1203,1412
22,1799,-1140,3983,167,2075
-1,1838,-1139,3777,-968,2849
-11,1909,-1117,2958,-1436,2765
25,1997,-1087,1997,-839,2276
55,2076,-1051,1229,-39,1830
41,2141,-1052,-734,-672,1820
13,2164,-1045,-1499,-575,2137
-24,2176,-1063,-2408,-2791,2247
44,2172,-1108,-3255,-2254,1557
97,2167,-1115,-3660,-2967,1081
133,2158,-1139,-4305,-4586,777
143,2121,-1119,-4924,-5296,621
146,2073,-1082,-6309,-4885,162
115,2001,-1007,-7491,-4303,-194
55,1899,-1040,-9866,-8032,133
70,1841,-971,-8570,-7980,-18
97,1820,-972,-9913,-7838,-323
113,1792,-881,-7684,-6512,-1101
78,1795,-857,-8409,-6232,-1172
124,1750,-777,-5328,-3031,-1391
173,1714,-856,-4768,-3197,-905
213,1711,-882,-5678,-2046,-734
189,1707,-849,-5591,-2684,-991
179,1782,-745,-6074,-1707,-960
244,1807,-713,-5726,-560,-414
251,1820,-674,-4990,707,-1013
189,1873,-641,-5370,1904,-1654
109,1911,-547,-5833,1973,-1327
46,1924,-428,-4309,1085,-791
48,1896,-405,-3021,1470,-1012
37,1881,-404,-2451,2128,-1517
7,1891,-398,-2150,3490,-1920
-33,1908,-401,-2063,3302,-2037
-56,1914,-374,-1443,2620,-1754
-56,1926,-342,-1115,2387,-1546
-62,1945,-333,-950,2418,-1406
-78,1973,-326,-1248,2772,-1351
-113,2001,-303,-1489,1883,-1060
-119,2033,-268,-1133,598,-656
-106,2060,-244,-1192,310,-638
-122,2062,-214,-1556,571,-651
-134,2042,-185,-2064,784,-554
-140,2004,-151,-2143,925,-579
-145,1980,-137,-2418,-37,-179
-151,1947,-157,-1870,-587,104
-199,1934,-209,-1592,-1163,133
-257,1950,-267,-1079,-1680,257
-299,1997,-297,-727,-2434,464
-323,2056,-332,-512,-2234,633
-322,2122,-361,-747,-1366,778
-331,2187,-422,537,-1924,1322
-269,2196,-546,496,-1039,1794
-170,2132,-633,2037,247,1781
-120,2077,-728,2406,113,2089
-104,2034,-751,2232,-865,2535
-82,1986,-719,2382,-1301,2662
-71,1954,-691,2640,-1942,2365
-87,1931,-710,3117,-1732,1874
-131,1922,-750,2789,-1473,1231
-159,1913,-769,3017,-764,731
-167,1914,-797,2443,-932,50
-166,1903,-791,2687,-594,98
-155,1911,-805,2622,-1044,-207
-157,1918,-800,2493,-1278,-74
-154,1924,-794,2492,-1706,173
-135,1926,-771,2692,-1323,271
-117,1931,-760,2123,-1185,311
-109,1934,-744,1926,-1114,362
-104,1940,-728,1532,-753,292
-117,1944,-722,1557,-831,269
-135,1958,-713,1165,-551,205
-160,1983,-698,834,-651,141
-169,1992,-690,770,-503,93
-165,1977,-696,564,-648,49
-152,1954,-697,610,-923,47
-138,1940,-700,532,-1004,72
-125,1939,-695,346,-963,104
-117,1949,-674,163,-629,46
-113,1960,-657,-37,-230,49
-110,1962,-659,-78,-12,50
-104,1958,-668,-124,33,36
-98,1954,-668,-132,-20,93
-92,1953,-667,-67,-37,75
-93,1953,-663,-70,-97,65
-89,1955,-656,-199,240,13
-98,1963,-659,-348,350,-84
-120,1971,-657,-220,194,-30
-130,1974,-656,-287,234,-32
-131,1973,-652,-397,290,-70
-127,1971,-637,-560,348,-106
-122,1964,-625,-684,178,-126
-116,1959,-608,-770,269,-200
-120,1957,-602,-777,229,-225
-125,1953,-600,-897,103,-152
-120,1953,-594,-716,259,-87
-113,1953,-600,-679,418,-111
-107,1952,-607,-598,371,-124
-100,1955,-610,-524,414,-102
-99,1956,-613,-314,465,-125
-107,1966,-620,-174,540,-15
-114,1978,-624,-193,534,70
-117,1979,-630,-197,574,146
-116,1970,-630,-78,502,122
-113,1962,-631,-104,399,101
-112,1958,-632,-112,253,88
-115,1959,-631,-125,160,136
-119,1963,-632,-155,125,136
-123,1967,-634,-84,152,149
-126,1970,-637,-68,52,203
-125,1968,-637,-61,-32,224
-120,1964,-636,-61,-88,259
-118,1965,-634,-141,-145,297
-117,1961,-630,-99,-177,320
-116,1961,-629,-43,-115,300
-121,1970,-630,-55,-99,348
-132,1983,-632,12,-208,416
-138,1993,-639,-194,-486,571
-141,1984,-636,-19,-566,668
-137,1959,-636,135,-550,594
-125,1937,-639,329,-453,471
-113,1926,-644,443,-425,370
-110,1926,-643,520,-614,349
-107,1940,-639,445,-490,250
-108,1952,-633,343,-142,53
-113,1954,-635,346,199,-60
-118,1954,-638,314,262,-109
-118,1951,-640,268,296,-172
-116,1948,-638,205,329,-204
-117,1947,-639,190,393,-197
-116,1951,-647,169,587,-221
-123,1959,-657,203,463,-87
-123,1967,-669,152,555,-78
-124,1971,-671,109,758,-130
-125,1969,-677,40,761,-82
-128,1958,-678,0,651,-126
-128,1947,-676,48,626,-146
-128,1939,-671,184,667,-179
-131,1941,-670,185,693,-211
-132,1947,-671,219,806,-259
-137,1949,-675,211,790,-245
-142,1954,-674,141,549,-148
-144,1956,-675,-42,457,-142
-146,1952,-669,8,367,-136
-144,1949,-669,20,425,-126
-148,1950,-668,24,371,-89
-150,1952,-671,40,327,-71
-149,1955,-673,-45,305,-29
-144,1960,-672,-82,275,-3
-142,1962,-676,-173,169,48
-148,1958,-679,-115,139,106
-151,1954,-679,-50,90,140
-149,1954,-677,-67,145,132
-147,1951,-668,-119,166,125
-144,1946,-665,-136,116,109
-139,1941,-665,-133,202,57
-137,1943,-668,-52,326,24
-138,1949,-673,-113,272,37
-144,1952,-678,-105,-28,119
-145,1950,-680,-87,-138,169
-145,1947,-677,-82,-48,200
-137,1947,-672,-76,128,127
-131,1945,-671,-147,231,62
-131,1945,-667,-152,283,62
-136,1949,-668,-165,150,80
-143,1954,-670,-154,-37,145
-147,1952,-671,-123,0,150
-143,1947,-674,-109,143,125
-137,1944,-673,-144,189,90
-134,1946,-672,-195,252,72
-136,1947,-668,-185,207,98
-142,1950,-672,-143,59,163
-145,1953,-676,-179,93,163
-144,1954,-676,-192,152,150
-146,1951,-673,-236,77,135
-143,1949,-673,-248,179,102
-147,1949,-672,-253,132,160
-149,1950,-672,-140,59,179
-150,1956,-674,-170,-51,242
-152,1958,-680,-238,-92,261
-150,1955,-683,-172,-140,268
-150,1950,-681,-172,-317,296
-144,1946,-678,-96,-291,283
-146,1944,-677,-124,-240,244
-151,1948,-670,-107,-287,227
-154,1952,-661,-94,-229,217
-152,1953,-652,-52,-154,161
-152,1952,-654,-54,-80,149
-147,1953,-656,-132,8,137
-146,1951,-652,-138,-38,153
-150,1950,-652,-130,-108,216
-154,1953,-657,-88,0,281
-157,1956,-661,-81,-26,332
-157,1960,-670,-227,-157,400
-159,1959,-669,-190,-296,480
-159,1958,-669,-185,-353,485
-159,1953,-669,-220,-413,491
-154,1948,-662,-88,-433,440
-148,1945,-658,-83,-421,400
-148,1943,-657,-77,-447,392
-148,1942,-655,56,-598,396
-145,1940,-657,108,-573,418
-141,1942,-657,108,-646,436
-135,1944,-657,101,-536,425
-127,1947,-659,71,-415,378
-118,1947,-656,86,-238,352
-112,1946,-653,16,-134,336
-113,1949,-647,-11,-122,353
-115,1955,-645,-76,-38,332
-115,1954,-642,21,62,320
-115,1951,-647,-41,131,321
-114,1946,-656,97,212,345
-119,1947,-662,88,-4,445
-122,1950,-668,158,-142,524
-121,1956,-668,99,-131,530
-119,1961,-671,39,-79,527
-119,1961,-670,-3,-17,500
-118,1958,-667,-35,3,480
-118,1953,-667,-38,-43,448
-120,1952,-671,-30,-124,433
-119,1953,-681,29,-234,477
-116,1955,-681,-26,-167,511
-110,1953,-680,-42,43,489
-111,1952,-676,-89,98,404
-111,1952,-675,-206,117,331
-117,1952,-673,-217,-27,340
-120,1952,-673,-210,10,299
-119,1950,-674,-242,33,277
-122,1947,-675,-222,153,212
-131,1947,-671,-291,146,75
-141,1959,-659,-373,340,-123
-150,1959,-686,-426,794,-438
-133,1953,-707,-702,2402,-1009
-123,1925,-756,-972,3011,-1359
-148,1868,-816,-1146,2067,-1016
-176,1805,-875,-966,1186,-551
-207,1775,-920,-420,1048,-106
-248,1782,-978,-478,1112,-61
-259,1796,-1016,-351,1742,-386
-240,1806,-1058,-979,2267,-762
-199,1806,-1074,-1214,2794,-1148
-166,1790,-1055,-745,3393,-1371
-147,1770,-1027,-265,3911,-1488
-140,1750,-980,1016,4498,-1632
-141,1770,-944,1515,6365,-2260
-194,1855,-917,2638,7231,-2349
-242,2056,-873,3608,7530,-2217
-254,2244,-841,4249,7429,-2334
-280,2265,-848,4940,6271,-1273
-291,2225,-797,4381,5016,-248
-321,2181,-591,2700,958,147
-272,2081,-302,2777,387,-466
-241,1970,-199,3795,1922,-979
-261,1935,-224,4498,3687,-219
-274,1967,-296,4594,4235,1228
-234,1963,-396,4113,3990,1789
-115,1935,-541,1615,2368,1728
107,1880,-598,651,3797,622
302,1814,-631,1534,6443,-164
371,1706,-730,3406,8714,1012
337,1594,-838,3100,9148,2756
159,1530,-954,4581,3140,4364
44,1545,-1014,7538,1540,3841
-21,1589,-1096,8290,2341,2440
-35,1644,-1104,8606,3836,908
-5,1694,-1152,7023,3312,780
32,1696,-1188,6215,1318,2156
98,1688,-1192,5037,684,3498
141,1691,-1194,5161,-899,4818
173,1784,-1171,4168,-723,4443
150,1902,-1140,2976,933,2898
63,1982,-1151,879,1101,1937
-19,2018,-1128,-860,10,1766
-54,2005,-1133,-1650,-1915,1821
14,2038,-1103,-1467,-1653,1641
93,2096,-1096,-1922,-1412,1538
120,2123,-1139,-2937,-3527,1324
133,2139,-1159,-3551,-4981,1112
148,2120,-1177,-3966,-5540,839
144,2103,-1148,-4932,-5103,653
159,2041,-1243,-7833,-6184,372
216,1967,-1225,-7721,-3812,-625
234,1901,-1274,-8402,-3794,-1171
176,1862,-1159,-7327,-6633,-825
150,1841,-1117,-8600,-8261,-850
197,1780,-1056,-7440,-6045,-1242
169,1771,-1031,-7808,-6866,-834
183,1770,-958,-8107,-3737,-921
186,1731,-924,-7768,-2630,-658
183,1695,-848,-7286,-3535,146
240,1692,-789,-6355,-2572,445
267,1717,-707,-6602,-1119,-35
265,1743,-695,-5907,1213,-808
152,1751,-600,-4834,281,-1052
110,1716,-605,-4424,373,-789
88,1718,-554,-3027,-1464,-898
67,1780,-516,-3013,-969,-1177
39,1827,-496,-2573,1562,-1786
-8,1850,-472,-1962,2204,-2387
-19,1872,-460,-1435,3284,-2360
-28,1931,-463,-2161,2573,-2248
-41,1985,-437,-2065,1434,-1614
-65,2030,-403,-2174,699,-1344
-76,2052,-371,-2179,775,-1331
-93,2070,-323,-2560,1097,-1365
-111,2066,-276,-2901,1531,-1174
-135,2040,-242,-3000,932,-736
-135,2003,-222,-2690,-310,-356
-105,1983,-205,-2427,-424,-436
-110,2014,-211,-2429,-791,-547
-109,2035,-226,-2565,-179,-708
-116,2024,-240,-2287,514,-803
-140,1987,-274,-1818,953,-511
-149,1936,-328,-1004,1074,-54
-171,1925,-349,-296,286,503
-176,1952,-392,318,-129,969
-166,2010,-437,196,-105,1040
-175,2056,-457,749,33,962
-197,2094,-536,1053,-161,1159
-209,2096,-584,956,-94,1290
-218,2047,-604,1357,253,1411
-212,1989,-608,1432,224,1358
-195,1930,-633,2200,335,1024
-182,1921,-647,2531,338,720
-184,1944,-672,2669,80,711
-182,1955,-706,2692,501,586
-179,1948,-746,2738,380,503
-167,1941,-760,2593,279,478
-169,1941,-761,2409,-166,507
-176,1950,-745,2183,-593,495
-187,1962,-728,2081,-953,463
-196,1971,-724,2226,-947,368
-199,1977,-720,2125,-631,139
-193,1978,-723,1869,-571,44
-173,1976,-714,1717,-361,-52
-162,1973,-709,1411,-403,-48
-153,1966,-692,1345,-347,-95
-148,1959,-690,1412,-33,-220
-155,1958,-690,1143,-222,-259
-165,1964,-685,959,-473,-205
-168,1965,-675,770,-399,-228
-172,1966,-667,541,-441,-172
-174,1961,-654,441,-547,-117
-163,1950,-659,529,-383,-126
-152,1945,-671,536,-368,-148
-146,1951,-680,347,-414,-46
-150,1959,-671,240,-500,90
-152,1967,-666,66,-460,167
-153,1968,-664,-5,-577,204
-146,1968,-661,38,-440,176
-140,1964,-667,46,-184,112
-137,1965,-672,-29,-335,163
-129,1964,-672,-164,-299,196
-127,1962,-669,-260,-311,265
-130,1958,-664,-290,-342,307
-135,1956,-655,-329,-404,325
-138,1950,-652,-288,-401,301
-141,1940,-655,-331,-413,301
-139,1930,-658,-174,-377,312
-139,1928,-661,-199,-376,341
-139,1930,-664,-175,-396,417
-143,1931,-668,-52,-489,491
-147,1927,-679,-74,-539,592
-152,1923,-684,89,-863,706
-145,1921,-686,347,-800,724
-139,1928,-695,290,-863,692
-134,1937,-699,304,-848,675
-134,1946,-697,252,-898,698
-135,1950,-695,251,-877,684
-132,1958,-692,247,-906,622
-121,1968,-688,158,-747,503
-115,1975,-681,96,-675,450
-110,1978,-679,-10,-747,456
-105,1981,-672,-166,-680,408
-103,1981,-659,-217,-604,365
-100,1979,-649,-325,-492,275
-96,1975,-638,-365,-226,169
-93,1968,-626,-402,150,85
-96,1960,-629,-428,242,89
-99,1954,-629,-420,109,151
-100,1952,-630,-400,99,209
-96,1956,-632,-374,190,171
-97,1960,-635,-322,280,131
-98,1962,-634,-309,303,96
-101,1959,-635,-281,346,65
-110,1961,-639,-287,311,91
-121,1964,-639,-296,329,141
-127,1962,-646,-231,307,182
-130,1958,-655,-168,118,194
-128,1954,-658,-114,116,183
-125,1952,-659,-156,161,95
-125,1950,-657,-223,98,123
-126,1946,-652,-160,-79,210
-123,1943,-649,-4,-38,164
-119,1946,-650,-2,147,100
-116,1946,-652,-47,242,42
-109,1950,-647,-67,476,15
-108,1957,-637,-72,675,14
-118,1960,-635,-189,460,55
-115,1959,-637,-62,471,21
-113,1957,-640,118,279,18
-113,1953,-648,171,170,37
-121,1955,-650,85,256,41
-129,1959,-651,62,306,80
-136,1966,-653,-53,261,65
-134,1970,-658,-32,370,27
-132,1971,-663,-101,250,54
-131,1968,-670,-144,285,98
-131,1962,-671,-173,295,107
-133,1957,-671,-237,399,46
-136,1950,-668,-222,258,96
-130,1946,-666,-175,266,91
-135,1941,-669,-121,299,152
-143,1939,-670,-158,268,203
-153,1935,-673,-147,182,205
-156,1934,-680,15,133,169
-157,1941,-687,16,-67,211
-161,1944,-692,122,-329,299
-162,1944,-698,166,-378,331
-157,1941,-703,196,-397,264
-156,1938,-701,166,-466,279
-146,1941,-691,107,-410,263
-138,1945,-682,116,-303,267
-129,1953,-667,49,-119,252
-122,1958,-659,-77,-50,234
-117,1956,-657,-159,-5,253
-113,1952,-658,-131,13,237
-118,1954,-661,-126,-155,294
-114,1965,-658,-149,-90,257
-111,1974,-650,-233,61,225
-113,1973,-642,-315,-55,205
-111,1966,-635,-291,42,169
-107,1958,-632,-277,49,136
-98,1954,-632,-255,188,62
-93,1954,-633,-260,393,6
-90,1953,-630,-332,610,-22
-94,1949,-628,-254,637,-13
-99,1944,-631,-185,545,-52
-104,1944,-637,-21,468,-141
-113,1943,-652,-8,290,-141
-128,1946,-656,-15,225,32
-140,1957,-659,-5,39,197
-145,1969,-658,-46,253,283
-149,1969,-673,-6,157,274
-147,1959,-686,79,-49,316
-145,1943,-694,134,-237,349
-141,1937,-689,152,-115,346
-136,1944,-678,46,118,345
-128,1957,-674,2,233,282
-122,1965,-671,-41,276,238
-121,1960,-669,-64,241,275
-124,1952,-666,-115,197,284
-122,1948,-663,-185,329,260
-120,1950,-659,-187,382,187
-119,1953,-658,-195,463,99
-127,1954,-658,-122,187,98
-126,1955,-659,-70,238,77
-130,1952,-663,-83,192,78
-131,1949,-665,-137,229,163
-131,1943,-660,-40,69,200
-123,1940,-659,-48,18,239
-120,1939,-661,52,-36,277
-114,1938,-662,81,86,292
-111,1939,-663,135,117,292
-106,1945,-669,100,262,239
-100,1947,-671,103,364,159
-98,1949,-673,79,361,181
-96,1949,-670,116,429,159
-96,1951,-676,44,475,162
-97,1954,-670,84,544,149
-94,1955,-675,31,581,117
-94,1955,-677,48,512,102
-96,1953,-677,-67,538,64
-107,1954,-673,-94,551,89
-119,1959,-669,-125,432,181
-122,1961,-674,-173,311,238
-118,1963,-675,-205,238,206
-117,1958,-679,-451,-11,231
-104,1939,-687,-306,431,23
-134,1956,-746,-971,787,9
-159,1986,-758,-1858,2341,-97
-168,1954,-767,-2154,3022,-284
-179,1863,-819,-2185,2809,-136
-167,1780,-884,-1863,2518,38
-178,1740,-954,-1522,1860,317
-206,1760,-1004,-1472,1970,208
-239,1798,-1027,-1574,2011,110
-227,1824,-1035,-1451,2862,-438
-197,1813,-1034,-1235,3929,-1076
-175,1787,-988,-441,4805,-1624
-174,1793,-923,555,5149,-2004
-181,1862,-881,1716,5863,-2945
-246,2012,-828,2943,5435,-3354
-370,2214,-777,4350,3473,-2501
-450,2289,-790,3780,2002,-667
-406,2222,-634,3045,-561,583
-260,2109,-347,4242,-1218,398
-121,1992,-253,5982,1930,-400
-84,1943,-298,7193,4627,-676
-109,1983,-360,7879,3573,76
-84,1987,-421,7093,3106,1405
-27,1918,-459,5469,2325,2297
43,1850,-483,4632,1855,2512
138,1818,-537,4885,3190,1583
180,1801,-643,5398,3456,180
189,1707,-729,7540,4471,-556
211,1645,-847,6991,3866,-673
227,1556,-976,6735,3315,781
286,1446,-1110,8958,4404,1599
276,1380,-1325,10764,3085,2460
207,1457,-1418,8891,3836,1815
152,1543,-1412,6990,5288,477
111,1595,-1313,5381,4743,39
108,1675,-1218,2980,4860,899
118,1720,-1174,3114,4575,2232
74,1764,-1173,3355,4477,3055
-57,1851,-1175,2722,3761,2016
-134,1968,-1138,1666,2117,602
-92,2066,-1115,445,1586,232
-53,2098,-1138,-66,332,984
-27,2128,-1163,-1455,-482,1502
0,2153,-1215,-1949,-1885,1637
-4,2159,-1309,-2783,-5444,1721
21,2159,-1366,-2868,-6506,1548
41,2153,-1384,-4060,-6597,1151
43,2120,-1376,-6435,-7914,1047
73,2053,-1317,-8458,-7258,927
86,1925,-1326,-10718,-8636,977
161,1797,-1263,-9789,-4341,41
166,1693,-1292,-8829,-4383,48
125,1661,-1167,-7095,-5464,227
133,1641,-1146,-7525,-6560,126
169,1620,-1129,-7571,-5854,66
186,1610,-1116,-7648,-3886,-146
169,1614,-1034,-8142,-2053,-316
141,1656,-919,-7769,-1299,-569
145,1687,-841,-7804,-2162,-714
170,1691,-783,-6785,-1454,-814
148,1696,-749,-5532,-2533,-754
141,1745,-684,-5853,-515,-1260
74,1808,-605,-5278,127,-1678
22,1836,-578,-4187,361,-1746
36,1817,-595,-3126,1154,-1833
38,1831,-605,-2742,276,-1394
67,1904,-544,-3107,1534,-1313
56,1959,-480,-3317,1808,-1505
1,1952,-434,-2840,1236,-1198
-12,1950,-426,-2261,1658,-1089
-20,1987,-429,-2035,1925,-1400
-49,2042,-397,-2782,1570,-1355
-70,2071,-314,-2736,1750,-1129
-73,2063,-282,-2859,1940,-1148
-86,2027,-266,-2705,1551,-1156
-99,1977,-261,-2576,1415,-1057
-133,1945,-253,-2443,132,-847
-129,1924,-280,-2556,-310,-573
-111,1921,-293,-2185,-81,-676
-131,1961,-322,-2194,218,-564
-174,1984,-358,-2174,743,-439
-225,1979,-390,-1595,748,-308
-265,1964,-427,-1032,1088,-4
-283,1962,-481,-109,1059,486
-272,1974,-549,283,814,819
-257,1993,-568,551,449,1056
-243,2011,-574,718,-303,1254
-218,2009,-587,822,-333,1000
-211,2001,-588,1109,-443,749
-227,1996,-603,1789,-441,770
-252,2002,-638,1888,-139,766
-277,2006,-663,1627,-132,858
-273,2007,-675,1466,-285,1017
-248,2005,-670,1514,-542,1024
-224,2001,-676,1298,-1101,1066
-200,1992,-677,1516,-980,967
-188,1987,-680,1592,-818,823
-175,1979,-687,1642,-462,775
-177,1968,-695,1630,-418,794
-177,1961,-699,1445,-319,767
-168,1953,-695,1412,-392,667
-158,1948,-695,1490,-419,492
-164,1951,-697,1331,-576,302
-175,1962,-686,1152,-513,163
-182,1968,-678,1030,-456,125
-181,1971,-672,997,-491,64
-171,1968,-668,984,-371,-47
-159,1961,-666,949,-209,-152
-151,1950,-670,788,-78,-158
-151,1943,-667,676,-153,-34
-151,1948,-653,671,13,6
-155,1951,-649,567,46,75
-156,1956,-643,543,16,141
-154,1963,-637,448,-36,157
-153,1964,-642,267,-116,148
-154,1963,-637,162,-109,216
-156,1966,-629,120,-119,255
-151,1969,-629,-20,-163,288
-146,1974,-629,-47,-269,298
-145,1978,-621,-93,-268,333
-140,1977,-624,-195,-241,267
-141,1978,-626,-100,-557,336
-139,1981,-628,-173,-587,352
-139,1984,-629,-178,-739,419
-133,1987,-624,-319,-695,445
-126,1985,-617,-371,-608,453
-119,1969,-617,-302,-411,349
-110,1951,-621,-325,-168,244
-106,1935,-618,-202,-90,207
-104,1928,-620,-151,33,230
-106,1915,-629,133,-81,252
-90,1900,-647,435,178,92
-83,1900,-661,718,290,-43
-86,1912,-678,761,426,-129
-97,1924,-681,760,577,-182
-113,1943,-675,656,479,-113
-129,1962,-666,454,162,-3
-142,1975,-655,464,-141,66
-149,1986,-646,282,-254,142
-150,1993,-637,214,-210,187
-142,1991,-634,140,-138,108
-129,1989,-632,8,-40,72
-119,1989,-631,-77,-167,148
-108,1985,-628,-207,-119,207
-106,1979,-624,-170,-11,224
-104,1972,-626,-263,119,219
-107,1970,-625,-323,225,162
-115,1967,-626,-332,314,137
-120,1961,-629,-269,321,157
-121,1957,-634,-209,270,144
-117,1960,-637,-192,340,168
-111,1965,-642,-215,357,157
-108,1968,-644,-300,420,95
-108,1969,-643,-336,402,106
-113,1966,-643,-310,400,111
-119,1962,-649,-299,406,118
-122,1957,-651,-293,453,119
-121,1955,-650,-269,533,53
-116,1949,-652,-191,587,4
-115,1945,-654,-308,637,28
-121,1945,-654,-338,600,35
-133,1943,-651,-213,476,133
-141,1947,-645,-147,416,160
-147,1952,-651,-168,272,192
-145,1954,-650,-124,329,212
-138,1951,-647,-159,393,147
-134,1948,-641,-118,442,145
-131,1947,-647,-34,484,134
-133,1947,-652,9,470,175
-137,1948,-656,79,369,198
-136,1952,-657,82,295,190
-133,1957,-657,-11,278,159
-131,1959,-657,-30,224,113
-134,1958,-655,-61,112,126
-135,1956,-655,-25,119,118
-135,1957,-655,4,185,98
-133,1956,-656,-20,193,100
-129,1958,-656,-97,283,88
-128,1956,-656,-136,225,150
-126,1956,-654,-80,170,122
-124,1957,-652,-12,212,96
-124,1958,-651,-42,239,101
-124,1959,-648,-73,199,86
-123,1960,-647,-64,177,90
-123,1959,-647,-10,166,113
-123,1961,-646,-47,127,119
-123,1962,-642,-102,138,87
-125,1961,-639,-152,129,104
-124,1957,-636,-83,195,90
-121,1951,-637,-11,257,114
-115,1950,-641,1,358,81
-112,1951,-644,25,255,104
-109,1954,-644,-42,344,123
-115,1957,-651,1,194,167
-118,1960,-653,38,223,189
-123,1960,-650,49,202,183
-122,1959,-646,6,265,150
-123,1957,-643,-6,277,109
-122,1956,-647,-22,279,94
-121,1956,-651,15,307,132
-121,1959,-655,-18,251,137
-119,1962,-654,-48,276,131
-120,1962,-652,-40,266,124
-123,1957,-650,-56,196,129
-125,1956,-651,-29,243,139
-128,1956,-650,-16,225,162
-127,1957,-656,-74,318,152
-129,1955,-656,-39,237,184
-127,1954,-658,-51,219,184
-126,1953,-662,-90,156,178
-126,1952,-663,-75,159,151
-127,1950,-662,-13,166,149
-126,1950,-664,-46,253,158
-124,1953,-665,-51,215,144
-125,1957,-666,-45,175,155
-126,1958,-667,-135,124,145
-127,1957,-666,-136,164,130
-127,1956,-663,-138,85,148
-129,1955,-661,-160,106,166
-127,1956,-657,-161,136,124
-124,1956,-657,-203,124,143
-123,1956,-656,-229,139,123
-123,1957,-654,-208,150,144
-121,1956,-652,-214,259,111
-120,1956,-654,-196,195,103
-121,1958,-654,-168,127,139
-121,1960,-651,-185,194,114
-124,1957,-648,-174,222,107
-124,1957,-643,-177,209,105
-124,1956,-641,-167,211,100
-122,1955,-642,-135,236,79
-120,1957,-645,-147,274,86
-120,1956,-646,-159,217,93
-120,1958,-647,-150,191,147
-121,1959,-646,-132,205,125
-122,1958,-647,-158,216,143
-121,1958,-643,-155,201,123
-121,1958,-642,-188,261,117
-122,1957,-641,-177,231,100
-122,1958,-642,-160,186,122
-123,1959,-644,-147,169,149
-123,1960,-642,-135,188,178
-120,1960,-642,-116,201,138
-120,1957,-641,-78,169,136
-119,1956,-640,-113,244,138
-120,1955,-637,-139,223,116
-123,1951,-637,-100,174,84
-125,1949,-640,-148,124,32
-116,1936,-685,-246,323,-238
-121,1938,-749,-190,724,-371
-123,1954,-758,-948,2246,-683
-147,1925,-772,-1148,2377,-868
-200,1872,-805,-1140,1054,-504
-222,1832,-863,-1332,260,73
-248,1805,-924,-1102,-40,438
-288,1798,-971,-1264,500,586
-296,1805,-997,-1558,1114,314
-275,1802,-986,-1361,1459,-48
-244,1777,-968,-953,1868,-290
-213,1756,-939,-400,3125,-725
-192,1761,-900,484,4447,-1334
-165,1807,-878,1266,5826,-1966
-114,1923,-826,1894,7649,-2817
-116,2040,-829,3781,7507,-3458
-190,2147,-889,4991,5399,-2522
-239,2209,-916,5771,4610,-806
-251,2232,-862,4932,3475,445
-277,2233,-652,2811,305,878
-263,2188,-383,2502,-980,717
-272,2096,-283,3400,-464,616
-295,1999,-295,4660,1989,898
-313,1928,-339,5205,2900,1294
-265,1895,-369,5684,3322,1495
-175,1871,-397,5037,3259,1623
-64,1858,-421,4727,2777,1596
52,1862,-464,5383,2969,831
151,1852,-609,5880,3025,-195
212,1779,-721,6003,3507,-420
214,1684,-788,6427,3240,917
205,1588,-844,7745,3825,2617
176,1440,-1079,9981,2989,3888
202,1313,-1321,9017,4193,3026
167,1461,-1346,9606,3829,1993
122,1594,-1395,6415,2348,1603
127,1640,-1325,5433,1840,1639
134,1711,-1261,3296,2429,2665
173,1736,-1212,3228,3949,2779
131,1754,-1204,2646,4309,2440
37,1787,-1204,1583,3815,1560
-17,1851,-1185,1045,2852,1155
-17,1925,-1167,-235,1826,1181
-4,1973,-1156,-1215,440,1432
16,1995,-1171,-1497,-919,1573
56,2015,-1213,-1770,-951,1448
103,2072,-1258,-1862,-1394,1344
110,2097,-1302,-3508,-3320,1771
135,2088,-1320,-4456,-3954,1855
175,2049,-1304,-5039,-3710,1892
238,1998,-1289,-6628,-1995,1662
296,1906,-1269,-7207,-476,1016
317,1831,-1248,-7581,524,743
292,1791,-1237,-8573,-479,767
237,1761,-1150,-6732,-2596,655
245,1759,-1180,-8817,-3579,96
284,1691,-1146,-9058,-3118,-438
269,1638,-1095,-7868,-5151,-536
252,1631,-1023,-8129,-4595,-920
200,1657,-940,-6342,-5233,-898
181,1726,-919,-7106,-5795,-607
220,1764,-886,-6422,-3348,-453
211,1779,-858,-7245,-2860,-394
200,1785,-799,-6613,-1375,-594
182,1803,-722,-5117,-1432,-498
215,1812,-714,-5197,-1273,-551
224,1806,-681,-3182,-1725,-230
269,1809,-716,-5225,-175,-504
245,1856,-601,-3992,1278,-1564
140,1871,-584,-5104,1295,-1259
55,1868,-482,-3454,889,-761
14,1853,-444,-2918,951,-497
28,1868,-437,-1861,2149,-1209
52,1911,-470,-2264,2733,-1817
64,1946,-466,-2109,2862,-2178
72,1969,-447,-2192,2727,-2339
51,1985,-413,-2415,2420,-2418
7,2016,-370,-2683,2051,-2514
-31,2060,-332,-3193,1768,-2442
-59,2086,-284,-3036,1440,-2215
-83,2085,-258,-2980,1177,-2027
-94,2063,-239,-2744,776,-1776
-85,2028,-235,-2240,798,-1493
-68,1999,-239,-2185,128,-1280
-41,1970,-228,-1974,-210,-1164
-22,1947,-207,-1468,-384,-1153
-44,1938,-227,-1015,-893,-1008
-71,1935,-245,-347,-838,-925
-109,1958,-273,336,-766,-893
-130,1991,-302,222,-643,-700
-136,2013,-311,415,-690,-657
-138,2032,-318,628,-964,-471
-142,2041,-335,761,-1319,-197
-153,2043,-336,761,-1581,203
-174,2034,-333,678,-1862,593
-185,2023,-321,729,-1873,711
-191,2023,-320,837,-1768,647
-191,2040,-358,1061,-1810,664
-187,2057,-416,805,-1414,765
-180,2047,-460,583,-1089,951
-171,2019,-485,715,-1295,1133
-153,1980,-489,1376,-952,1106
-142,1958,-521,1866,-858,1045
-142,1960,-573,2489,-670,1144
-154,1969,-623,2494,-825,1488
-163,1980,-645,2555,-1485,1891
-157,1991,-659,2600,-2332,2205
-141,1996,-673,2622,-2663,2197
-133,1988,-690,2407,-2511,1904
-125,1974,-706,2597,-2606,1610
-104,1956,-721,2787,-2042,1247
-90,1947,-728,2840,-1975,1081
-73,1938,-737,3046,-1384,932
-66,1943,-745,2602,-1485,836
-49,1947,-750,2534,-1161,600
-41,1954,-755,2155,-1335,513
-49,1967,-746,1853,-1497,556
-59,1968,-742,1641,-1417,583
-70,1963,-739,1359,-1217,543
-78,1952,-732,1354,-727,381
-91,1944,-734,1014,-727,241
-99,1946,-731,859,-684,153
-101,1950,-724,777,-474,13
-100,1950,-725,735,-359,-86
-94,1944,-735,725,-290,-94
-89,1942,-741,696,-242,-50
-93,1941,-740,614,-292,3
-98,1944,-741,421,-425,16
-98,1944,-737,413,-400,-21
-93,1941,-733,192,-191,-49
-86,1932,-725,233,77,-91
-82,1921,-729,96,248,-116
-79,1919,-725,206,180,-83
-80,1928,-725,137,201,-53
-86,1940,-728,11,201,-4
-92,1947,-726,-45,187,43
-93,1948,-719,-111,213,-16
-95,1946,-716,-142,161,-41
-93,1945,-709,-192,157,-45
-93,1944,-701,-256,43,-57
-93,1948,-692,-282,121,-24
-96,1950,-690,-331,76,62
-97,1949,-685,-339,86,94
-95,1947,-684,-357,22,87
-93,1943,-688,-300,-60,141
-85,1949,-687,-317,38,119
-80,1950,-685,-367,-9,179
-77,1948,-686,-375,-96,254
-78,1948,-685,-334,-73,253
-79,1948,-682,-327,-4,280
-83,1949,-678,-376,-54,283
-81,1948,-672,-328,-18,294
-78,1942,-676,-271,54,294
-75,1937,-681,-163,29,334
-71,1939,-688,-183,-5,357
-68,1944,-688,-246,-69,366
-68,1945,-685,-323,-93,342
-70,1947,-682,-344,-71,347
-73,1945,-685,-270,-72,333
-73,1944,-687,-183,-113,336
-65,1946,-689,-186,-145,333
-62,1947,-691,-219,-263,358
-65,1948,-686,-173,-281,385
-65,1946,-682,-209,-170,346
-68,1943,-675,-115,-239,343
-66,1943,-670,-51,-254,276
-60,1943,-671,11,-50,178
-59,1943,-675,-74,-5,163
-62,1940,-676,-142,52,186
-67,1940,-684,-31,-192,235
-69,1941,-691,-2,-286,289
-71,1949,-695,-79,-407,351
-71,1952,-696,-128,-349,320
-66,1948,-697,-156,-100,259
-68,1944,-697,-156,-131,235
-69,1947,-701,-206,-276,264
-71,1951,-704,-193,-334,327
-75,1952,-702,-238,-329,333
-76,1952,-698,-356,-278,278
-69,1950,-691,-363,-98,219
-68,1946,-687,-457,-47,138
-72,1942,-681,-369,-123,183
-74,1943,-680,-276,-37,169
-78,1951,-679,-265,-131,182
-80,1953,-685,-233,-64,218
-81,1953,-689,-250,-1,181
-83,1948,-688,-182,-38,185
-80,1944,-690,-178,8,113
-81,1941,-690,-158,-52,90
-81,1945,-685,-134,-2,51
-81,1950,-678,-151,125,36
-82,1952,-677,-161,164,-9
-86,1953,-678,-226,66,70
-89,1955,-676,-256,-27,81
-91,1955,-670,-293,-2,76
-93,1957,-664,-319,0,81
-89,1956,-656,-291,41,76
-85,1953,-654,-223,101,56
-82,1952,-656,-143,150,60
-82,1954,-656,-155,211,85
-85,1954,-654,-218,268,92
-84,1956,-656,-230,219,97
-87,1953,-652,-158,245,120
-87,1951,-647,-135,299,96
-88,1949,-654,-118,306,52
-90,1952,-658,-66,312,124
-90,1953,-658,-98,321,127
-89,1954,-656,-139,324,109
-85,1952,-654,-84,399,73
-84,1950,-653,-75,396,41
-85,1949,-658,-20,434,37
-88,1950,-661,-16,475,31
-91,1952,-665,-14,388,72
-90,1955,-667,-39,276,75
-88,1953,-667,-77,305,73
-87,1952,-666,-21,329,76
-87,1953,-667,-27,300,101
-87,1955,-665,-50,242,130
-88,1956,-661,-73,338,116
-87,1955,-660,-99,332,71
-84,1955,-660,-103,335,54
-79,1954,-659,-111,436,95
-79,1952,-666,-125,318,142
-82,1951,-668,-24,258,189
-79,1954,-671,-105,354,148
-78,1954,-665,2,371,151
-74,1954,-660,-62,353,122
-70,1951,-661,-49,452,67
-69,1950,-666,-173,493,50
-72,1947,-667,120,488,37
-73,1951,-675,50,418,54
-73,1954,-677,12,370,81
-75,1957,-676,-66,363,85
-78,1958,-672,-124,347,90
-81,1957,-668,-114,337,81
-79,1953,-667,-104,437,50
-80,1949,-671,-114,365,92
-82,1951,-675,-100,262,125
-86,1954,-677,-145,145,173
-86,1957,-671,-158,249,132
-86,1957,-671,-163,173,154
-83,1955,-669,-176,217,99
-82,1951,-667,-152,179,95
-82,1949,-665,-147,183,85
-81,1948,-668,-124,157,109
-79,1949,-666,-113,178,76
-80,1950,-668,-111,55,106
-66,1942,-672,-169,658,-120
-58,1925,-702,-27,908,-366
-41,1924,-779,94,2551,-717
-32,1960,-779,-478,6008,-1654
-42,1957,-767,-1151,6257,-1674
-58,1869,-821,-1272,4219,-1158
-76,1781,-886,-581,2265,-550
-94,1755,-937,-229,2441,-372
-176,1766,-975,-530,2585,-572
-237,1775,-992,-176,3070,-1031
-241,1775,-1029,61,3745,-1440
-218,1777,-1040,316,4216,-1597
-191,1780,-1033,669,4274,-1663
-170,1780,-997,1256,4545,-1596
-165,1786,-950,1767,4692,-1829
-169,1832,-883,2541,4937,-2098
-186,1952,-836,2846,4667,-2512
-327,2098,-807,4209,1236,-1674
-373,2192,-829,3297,1541,-379
-408,2187,-729,1522,-1573,488
-349,2101,-457,1905,-3278,673
-212,1993,-312,3559,-564,-425
-176,1943,-346,5246,2963,-841
-216,2022,-432,5946,2509,274
-182,2090,-516,5558,2445,1303
-129,2030,-555,5545,688,2023
-53,1962,-608,5018,569,2289
37,1892,-666,6159,422,1993
174,1797,-763,6191,3516,667
300,1684,-809,7342,7777,-903
355,1586,-857,7591,9932,-1004
323,1522,-987,6609,7243,845
295,1442,-1083,8156,6709,2031
175,1380,-1262,9140,1459,3263
123,1434,-1390,6605,3911,2312
124,1541,-1339,7185,7075,459
135,1650,-1303,4408,7340,-70
170,1699,-1243,3832,7276,1164
222,1734,-1226,2456,7664,2288
228,1742,-1213,2318,8510,2829
142,1766,-1209,2509,7147,2274
20,1859,-1196,1418,4280,978
-20,1956,-1173,-131,3002,-237
12,2018,-1154,-1013,844,-214
71,2068,-1170,-1281,-1273,449
134,2095,-1235,-1752,-1147,640
132,2103,-1291,-2927,-2627,267
133,2110,-1295,-3516,-3136,-480
150,2083,-1305,-4603,-4262,-990
161,2047,-1263,-5637,-5010,-940
195,2035,-1222,-6704,-4073,-994
251,1971,-1215,-7471,-3222,-1137
275,1863,-1254,-8011,-3695,-1264
235,1795,-1282,-10033,-5351,-784
220,1736,-1126,-8525,-3370,-1025
177,1695,-1105,-7733,-5573,-1011
198,1674,-1083,-7604,-4347,-1193
189,1659,-1079,-7525,-4594,-1111
129,1665,-1017,-7585,-5888,-859
113,1659,-1013,-6565,-4887,-821
103,1681,-956,-6925,-5906,-710
83,1716,-941,-7468,-6106,-385
82,1756,-834,-6451,-3914,-487
44,1744,-789,-8089,-3585,-130
40,1717,-670,-6136,-3399,26
121,1773,-655,-6187,-1863,-582
141,1829,-598,-5226,-833,-878
111,1846,-506,-4576,-420,-752
90,1845,-482,-3167,-190,-1453
33,1860,-460,-1947,-317,-1767
-2,1912,-466,-1654,163,-1918
-24,1978,-439,-1355,394,-1530
-36,2043,-409,-1321,1321,-1937
-79,2048,-387,-1420,1505,-1990
-116,2040,-357,-1537,1107,-1600
-148,2048,-314,-2307,186,-1112
-172,2052,-259,-2720,-530,-671
-172,2043,-222,-2621,-742,-595
-172,2040,-189,-2733,-809,-746
-162,2040,-175,-2423,-523,-862
-152,2018,-191,-1765,-623,-975
-132,1985,-225,-1929,-877,-766
-92,1950,-228,-1945,-838,-520
-73,1940,-239,-1387,-1857,-232
-44,1953,-290,-1193,-1071,-327
-62,1978,-329,-1180,-464,-396
-123,1993,-372,-1094,-314,-10
-178,1990,-404,-1322,-242,76
-234,1981,-401,-1187,-187,-46
-275,1970,-428,-519,-327,74
-276,1975,-461,-227,-240,130
-267,1982,-490,301,-606,131
-264,1991,-510,407,-918,184
-263,2000,-511,268,-1332,353
-258,1997,-507,453,-1510,341
-261,1996,-511,626,-1821,365
-272,2022,-514,1563,-1551,479
-298,2085,-563,1644,-1594,951
-318,2128,-584,1163,-1511,1464
-288,2118,-593,844,-717,1541
-222,2065,-598,1130,-209,1244
-160,2003,-626,1323,-371,1006
-128,1963,-630,1741,-873,1041
-120,1952,-632,1787,-910,1104
-131,1956,-623,1711,-545,1028
-156,1961,-616,1457,-167,906
-185,1950,-619,1608,8,807
-207,1941,-632,1515,-9,717
-213,1938,-638,1570,-135,552
-206,1942,-646,1620,-413,521
-194,1951,-652,1641,-530,576
-181,1969,-647,1476,-717,643
-167,1979,-653,1418,-699,711
-164,1979,-651,1397,-783,764
-161,1976,-648,1243,-817,662
-158,1971,-634,1130,-754,547
-155,1967,-629,971,-562,371
-151,1967,-625,901,-466,239
-146,1977,-626,730,-429,230
-141,1992,-618,654,-445,252
-134,2010,-611,415,-330,237
-131,2016,-598,282,-225,178
-128,2010,-593,43,-210,130
-125,2000,-583,-168,-76,104
-121,1988,-579,-151,98,19
-123,1979,-573,-94,246,-9
-126,1975,-571,-110,220,39
-126,1973,-565,-172,254,-15
-131,1968,-562,-117,251,-8
-136,1959,-571,60,194,-18
-130,1955,-588,111,273,-28
-123,1954,-598,91,412,54
-119,1954,-598,86,459,95
-120,1956,-603,35,280,141
-122,1959,-606,130,224,222
-123,1963,-610,64,250,236
-123,1966,-609,79,285,213
-120,1970,-610,52,174,168
-116,1975,-613,45,-16,108
-116,1982,-615,-37,26,113
-127,1986,-612,-170,14,158
-137,1985,-608,-149,27,139
-142,1979,-605,-186,1,154
-142,1971,-600,-142,-61,188
-137,1966,-604,-69,50,179
-138,1962,-614,-24,-65,228
-142,1962,-616,-60,-132,325
-146,1960,-612,-90,-134,397
-145,1953,-611,15,-218,406
-145,1949,-616,85,-319,373
-145,1957,-620,53,-386,420
-146,1965,-620,37,-476,415
-148,1966,-622,90,-547,467
-147,1965,-625,81,-464,406
-147,1969,-623,60,-568,411
-141,1976,-621,79,-576,343
-137,1979,-616,-35,-512,326
-136,1980,-610,-102,-381,304
-132,1975,-602,-77,-232,306
-129,1972,-602,-134,-247,281
-121,1971,-600,-101,-172,252
-117,1975,-599,-85,-161,198
-120,1979,-598,-146,-49,189
-122,1980,-593,-129,82,202
-121,1981,-591,-229,147,144
-123,1984,-588,-289,155,131
-121,1984,-582,-311,224,52
-116,1984,-583,-360,304,33
-113,1983,-583,-340,445,16
-112,1980,-582,-242,611,3
-112,1975,-586,-255,598,7
-110,1971,-589,-244,631,-8
-111,1970,-588,-283,565,22
-119,1972,-584,-339,543,31
-128,1976,-583,-352,452,37
-134,1981,-580,-311,449,35
-135,1986,-579,-308,517,46
-135,1985,-579,-380,493,61
-129,1981,-581,-382,602,86
-127,1978,-586,-366,591,136
-124,1974,-588,-360,704,189
-122,1975,-584,-417,609,244
-122,1977,-588,-405,458,255
-129,1979,-594,-455,322,295
-131,1979,-595,-406,252,234
-128,1980,-598,-440,414,130
-120,1975,-600,-382,393,39
-115,1975,-600,-420,334,39
-110,1972,-597,-459,345,-2
-112,1969,-594,-385,389,-14
-116,1967,-585,-349,327,-13
-118,1969,-584,-338,336,39
-121,1972,-583,-339,253,84
-125,1975,-582,-378,134,170
-123,1974,-578,-296,172,171
-120,1972,-573,-281,154,163
-115,1967,-571,-214,103,173
-109,1968,-569,-104,162,145
-112,1972,-567,-116,136,124
-113,1980,-564,-156,155,107
-114,1984,-563,-176,210,93
-117,1984,-558,-159,240,88
-115,1981,-558,-158,197,116
-116,1984,-559,-92,187,154
-118,1990,-559,-131,154,167
-119,1993,-561,-237,142,152
-121,1992,-560,-235,49,217
-122,1989,-557,-224,-7,251
-122,1986,-556,-232,0,221
-123,1983,-555,-219,-4,179
-123,1979,-549,-134,18,183
-121,1980,-552,-175,106,141
-120,1980,-554,-117,117,157
-117,1981,-556,-108,175,154
-116,1979,-558,-97,235,134
-114,1976,-561,-53,258,112
-114,1974,-562,14,239,145
-115,1975,-565,33,234,164
-117,1977,-569,17,233,148
-119,1979,-567,43,252,137
-121,1981,-567,50,312,90
-121,1983,-566,42,275,79
-118,1983,-566,40,297,56
-119,1984,-568,10,313,30
-121,1983,-570,27,313,76
-119,1982,-568,-24,373,49
-122,1983,-564,-53,351,74
-123,1984,-562,-35,341,71
-124,1983,-561,-31,289,73
-123,1985,-561,-91,337,65
-122,1983,-560,-137,388,47
-121,1983,-556,-139,501,44
-125,1982,-561,-142,393,119
-125,1981,-565,-106,425,140
-126,1984,-569,-101,306,143
-129,1988,-567,-139,270,131
-127,1990,-570,-183,274,114
-128,1988,-571,-213,188,107
-128,1987,-569,-190,149,106
-130,1986,-567,-214,170,110
-132,1985,-564,-260,113,168
-131,1982,-562,-256,151,121
-130,1977,-559,-206,180,139
-128,1976,-560,-144,186,160
-125,1978,-559,-152,122,170
-121,1978,-560,-147,156,123
-124,1976,-562,-191,41,105
-114,1954,-573,-141,239,-60
-118,1943,-627,-450,95,-88
-126,1977,-655,-1465,2832,-439
-168,1954,-683,-1467,2323,-91
-170,1871,-797,-1132,1432,616
-136,1787,-914,-505,493,1389
-104,1741,-985,-248,913,1486
-96,1736,-1018,-834,1894,684
-102,1739,-993,-702,2836,-214
-88,1749,-941,98,4656,-1173
-95,1766,-905,1138,5496,-1863
-130,1786,-890,2452,5731,-2168
-189,1855,-854,3853,5713,-2434
-279,2001,-855,5217,5019,-2398
-335,2175,-883,5460,4996,-2024
-348,2229,-849,5579,4552,-1453
-331,2227,-730,4428,2762,-1506
-326,2221,-512,2611,204,-1246
-287,2174,-309,2969,413,-1454
-290,2129,-239,3826,1727,-1623
-314,2122,-285,4867,2997,-986
-367,2186,-345,4257,1316,237
-372,2184,-378,3478,-160,1389
-291,2118,-388,3559,-1314,1876
-171,2048,-435,3552,-762,903
-93,1923,-545,3309,-873,268
-33,1757,-671,2924,-861,-236
40,1620,-755,3419,-190,-434
152,1551,-738,5335,2370,137
219,1452,-861,8376,685,2319
368,1379,-1061,6794,6958,2481
369,1455,-1108,8135,7310,2079
275,1527,-1185,5975,5667,1462
209,1553,-1146,7120,5275,916
129,1649,-1170,5580,5408,1505
38,1749,-1140,4980,6384,1485
-66,1839,-1109,5010,5652,1073
-77,1911,-1094,4055,6760,107
-78,1958,-1076,3271,5906,-106
-38,1979,-1065,2708,4830,439
21,1974,-1082,2257,5908,1236
-13,1990,-1086,1148,3442,1720
-71,2043,-1095,-34,1957,1306
-138,2072,-1129,-684,-488,969
-156,2094,-1180,-1599,-2669,880
-104,2103,-1205,-2325,-3343,789
-34,2102,-1232,-3406,-4384,755
26,2088,-1259,-4578,-5389,949
65,2072,-1234,-5834,-5872,1205
111,2039,-1221,-7478,-4872,965
123,1970,-1208,-8211,-3860,504
98,1877,-1211,-9311,-4193,156
40,1807,-1130,-9358,-6029,-101
0,1758,-1047,-7152,-7306,-390
62,1741,-1101,-8842,-7749,-678
88,1709,-1049,-7214,-6884,-474
76,1737,-1074,-8463,-7504,-701
77,1777,-1000,-8390,-6038,-1359
108,1806,-908,-8216,-3249,-1452
138,1791,-788,-7342,-1566,-652
190,1763,-743,-7466,-110,-336
199,1748,-699,-5672,-359,-433
201,1756,-616,-5567,956,-1207
128,1784,-534,-4896,586,-1180
88,1788,-494,-3123,1537,-1008
36,1782,-485,-2661,2135,-1104
17,1789,-492,-2829,2655,-1271
-7,1851,-426,-3056,2646,-1590
-53,1909,-366,-3227,1728,-1444
-102,1945,-338,-3062,529,-1111
-121,1990,-308,-2559,704,-1058
-133,2051,-298,-2964,1041,-1235
-151,2099,-258,-3265,1657,-1467
-165,2119,-214,-3064,2088,-1464
-191,2118,-183,-2849,1122,-1099
-224,2102,-170,-2535,74,-532
-221,2055,-165,-2268,122,-7
-180,1987,-156,-2163,411,337
-118,1925,-142,-2093,286,464
-72,1904,-142,-1701,-367,729
-55,1931,-169,-1187,-1179,872
-64,1981,-195,-1355,-1010,536
-107,2003,-211,-1331,-890,314
-135,1986,-227,-1234,-893,182
-157,1954,-250,-882,-1161,-84
-200,1947,-265,-606,-1747,-191
-247,1968,-283,-180,-2085,-170
-296,2001,-326,261,-2313,-87
-321,2035,-369,765,-2105,118
-311,2061,-419,946,-1674,279
-290,2064,-463,880,-1414,545
-278,2049,-481,783,-1407,864
-275,2031,-496,1024,-1764,1234
-270,2015,-518,2472,-1327,1411
-283,2052,-593,2635,-1379,1878
-303,2092,-628,2307,-1817,2251
-299,2089,-649,1881,-2085,2402
-278,2050,-648,1815,-2623,2386
-237,1986,-652,2241,-2640,2141
-185,1925,-671,2628,-2416,1795
-148,1903,-694,2872,-1831,1381
-134,1921,-712,2924,-1719,1183
-121,1947,-726,2811,-1430,1035
-113,1961,-735,2889,-1453,877
-117,1973,-736,2663,-1544,829
-129,1988,-733,2467,-1965,682
-134,1993,-729,2523,-2193,512
-129,1993,-720,2233,-1940,277
-126,1986,-696,2090,-1463,27
-124,1977,-680,1695,-1148,-26
-116,1971,-666,1377,-965,-98
-110,1965,-646,1157,-814,-67
-115,1961,-633,1010,-988,-20
-120,1965,-626,983,-1258,90
-113,1974,-620,758,-875,56
-119,1974,-624,567,-786,22
-115,1961,-640,594,-396,-12
-111,1957,-650,565,-385,61
-101,1953,-658,579,-254,54
-101,1953,-665,302,-299,43
-105,1960,-658,233,-355,90
-118,1968,-654,85,-284,135
-133,1969,-647,28,-200,140
-147,1963,-652,23,-380,245
-140,1957,-654,67,-299,222
-132,1954,-658,77,-296,173
-128,1965,-658,-47,-389,207
-123,1978,-655,-225,-342,200
-124,1979,-646,-215,-298,213
-122,1974,-645,-230,-110,179
-125,1971,-638,-288,-91,155
-120,1968,-634,-384,43,101
-118,1970,-630,-397,-74,143
-117,1971,-621,-401,19,149
-114,1968,-614,-344,236,101
-111,1964,-614,-347,284,82
-107,1964,-609,-302,353,23
-112,1968,-609,-412,344,3
-119,1967,-604,-378,285,42
-125,1965,-603,-291,282,91
-127,1962,-610,-205,278,80
-126,1963,-616,-180,272,99
-124,1961,-616,-141,273,133
-122,1959,-612,-160,325,137
-120,1958,-610,-170,384,94
-118,1954,-613,-109,418,47
-119,1950,-620,87,332,97
-118,1951,-629,134,408,112
-116,1956,-634,212,493,45
-118,1958,-637,135,564,29
-119,1959,-635,128,577,0
-122,1961,-634,134,522,-8
-125,1965,-634,151,549,-16
-132,1970,-641,79,522,-28
-136,1972,-645,14,458,9
-138,1975,-645,-96,483,59
-141,1974,-644,-165,387,82
-142,1970,-641,-197,258,104
-145,1967,-639,-168,19,152
-143,1966,-638,-157,56,188
-137,1964,-637,-142,120,132
-135,1967,-630,-217,222,105
-134,1964,-632,-285,199,145
-134,1959,-637,-204,89,153
-134,1955,-637,-73,197,184
-132,1956,-634,-3,224,159
-132,1959,-635,-110,208,130
-130,1962,-631,-110,255,87
-131,1958,-632,-80,274,62
-136,1956,-634,-47,274,85
-142,1958,-638,-34,213,130
-142,1962,-641,6,210,131
-138,1966,-642,-43,252,62
-135,1966,-641,-75,337,69
-134,1964,-636,-109,361,74
-134,1961,-630,-204,387,42
-135,1958,-625,-114,406,36
-135,1956,-627,-110,454,46
-136,1956,-626,-180,646,33
-135,1958,-622,-180,639,13
-136,1961,-620,-243,568,14
-138,1960,-627,-175,468,66
-140,1963,-627,-58,377,72
-140,1970,-628,-133,443,54
-141,1974,-628,-230,452,67
-141,1971,-626,-227,486,40
-141,1968,-625,-205,387,71
-140,1963,-623,-166,404,65
-141,1962,-621,-194,389,97
-141,1962,-622,-203,406,114
-139,1960,-623,-123,283,159
-137,1958,-625,-57,288,177
-134,1959,-629,-90,291,170
-131,1960,-633,-108,378,157
-133,1964,-632,-113,301,215
-136,1969,-631,-123,233,252
-138,1971,-629,-134,195,228
-138,1971,-627,-169,163,231
-133,1967,-624,-102,198,213
-128,1961,-627,-49,209,161
-124,1960,-626,-24,311,148
-123,1962,-627,-100,318,156
-125,1963,-622,-98,304,172
-126,1962,-622,-14,322,180
-126,1961,-628,-14,311,179
-122,1962,-633,-16,330,168
-119,1964,-628,-37,408,146
-117,1964,-628,-113,474,136
-121,1965,-625,-89,391,153
-123,1964,-628,-24,443,157
-124,1968,-626,-9,382,176
-122,1971,-625,-84,431,164
-118,1969,-623,-118,433,126
-116,1966,-623,-65,412,124
-119,1962,-627,-17,364,177
-120,1960,-631,27,324,196
-118,1960,-634,28,411,197
-116,1960,-634,6,341,196
-116,1961,-631,8,323,180
-119,1962,-634,14,270,202
-120,1964,-636,3,217,228
-120,1965,-638,-22,133,247
-116,1966,-634,-65,192,221
-114,1967,-634,-96,128,272
-113,1968,-633,-161,159,287
-110,1967,-636,-122,108,325
-109,1967,-636,-160,30,383
-104,1967,-634,-121,63,367
-103,1965,-632,-123,59,341
-100,1961,-633,-33,54,334
-94,1959,-636,17,194,252
-94,1958,-637,16,140,262
-93,1960,-636,-59,202,221
-97,1959,-637,-52,157,218
-98,1959,-635,18,162,209
-95,1964,-636,-73,175,217
-92,1965,-638,-58,239,196
-88,1965,-634,-68,309,160
-87,1964,-636,-167,358,138
-91,1962,-636,-128,315,147
-92,1962,-637,-194,305,128
-93,1964,-638,-235,395,57
-101,1967,-634,-253,473,18
-107,1964,-633,-312,701,-93
-115,1958,-637,-289,625,-129
-114,1943,-663,-321,628,-251
-110,1920,-700,-165,1311,-494
-100,1906,-740,-476,2893,-943
-111,1884,-783,-596,3543,-1109
-133,1851,-803,-759,2844,-612
-153,1828,-846,-1159,1250,74
-161,1825,-901,-1254,1068,491
-206,1840,-964,-1393,1634,397
-258,1829,-1030,-1544,2261,-8
-253,1784,-1063,-1440,2958,-478
-207,1730,-1068,-721,3362,-975
-181,1681,-1062,-168,2804,-1183
-143,1689,-983,438,4186,-1656
-116,1768,-913,313,6639,-2795
-164,1840,-846,776,6675,-2825
-190,1947,-812,2525,6093,-2652
-271,2104,-829,4832,3679,-1713
-340,2274,-846,4529,3362,-239
-377,2347,-763,4288,2470,1197
-363,2332,-580,3657,300,1248
-300,2271,-370,3622,-584,876
-226,2182,-269,4614,1065,235
-212,2103,-278,6018,2993,644
-203,2084,-346,6308,2977,1772
-166,2062,-411,6161,2997,2524
-97,1994,-487,5449,2200,3099
-5,1903,-575,4405,1654,3198
81,1807,-638,3710,3325,2830
127,1720,-689,3455,4644,2376
147,1659,-703,3998,4980,2172
177,1624,-732,4638,5169,1935
198,1607,-795,3582,2565,2263
235,1586,-895,5595,3270,1662
284,1633,-1008,5842,5256,595
263,1705,-1073,4868,3714,816
249,1729,-1090,4089,1603,1465
234,1720,-1091,4250,-9,2282
221,1732,-1096,3023,737,2532
197,1682,-1121,3435,249,2643
238,1698,-1131,1900,2297,1797
274,1759,-1095,2273,4314,698
202,1844,-1084,1511,2522,387
113,1927,-1068,71,997,289
94,1938,-1045,-453,1499,178
115,1920,-1035,-141,1521,330
117,1947,-1042,-749,261,549
119,1994,-1045,-1084,-798,623
141,2029,-1043,-1952,-1052,428
143,2064,-1040,-2243,-1760,356
136,2073,-1075,-2144,-2976,266
138,2070,-1119,-2167,-3843,3
88,2063,-1162,-3780,-5850,-151
40,2018,-1213,-6430,-9901,-23
128,2009,-1126,-5353,-6615,-1079
149,2015,-1157,-7827,-8305,-1091
204,1966,-1104,-7811,-6400,-1539
135,1951,-1055,-9049,-6844,-1568
99,1869,-1034,-8785,-6150,-2087
75,1818,-970,-7461,-6000,-2212
69,1783,-964,-7288,-7033,-1795
129,1768,-928,-7241,-4202,-1565
136,1760,-892,-7488,-3592,-794
121,1731,-811,-6885,-2977,-110
108,1750,-740,-5494,-3477,629
176,1760,-708,-5148,-2468,702
211,1741,-732,-4579,-1142,202
169,1769,-655,-4456,756,-985
46,1808,-575,-4313,1132,-1529
-6,1805,-536,-3285,1688,-1775
-9,1783,-504,-2659,2166,-1962
-11,1794,-492,-2895,2832,-1912
-30,1867,-433,-3144,2469,-1822
-42,1914,-388,-3113,1880,-1742
-64,1930,-383,-2875,1446,-1749
-81,1969,-377,-2813,2174,-1843
-112,2021,-353,-3262,2579,-1917
-168,2053,-288,-3908,2210,-1867
-191,2075,-205,-4038,1789,-1419
-194,2086,-168,-3531,1046,-1196
-205,2077,-165,-3429,775,-973
-218,2037,-152,-3427,896,-713
-209,1975,-135,-3256,1175,-496
-196,1928,-129,-2913,207,110
-165,1889,-146,-1988,-66,521
-157,1878,-201,-719,345,707
-163,1908,-267,-293,913,574
-180,1952,-306,-294,912,417
-219,1998,-322,-37,-123,744
-259,2033,-347,45,-1051,1175
-289,2040,-366,445,-1490,1242
-300,2049,-379,842,-1799,1273
-285,2061,-392,1057,-1843,1156
-255,2070,-405,1062,-1922,993
-242,2059,-414,1071,-1805,959
-242,2044,-415,1158,-1518,1094
-264,2036,-440,2173,-1178,1233
-281,2047,-498,2414,-786,1666
-262,2042,-563,3071,69,1858
-215,2024,-636,3337,-345,1882
-151,2006,-678,3412,-823,1877
-115,2000,-698,3463,-1340,1887
-119,1999,-708,3488,-1731,1835
-157,1997,-712,3438,-1954,1770
-197,1990,-720,3325,-1973,1516
-208,1974,-732,2992,-1381,1029
-210,1962,-745,2667,-1311,642
-203,1955,-744,2550,-1476,429
-189,1956,-740,2378,-1666,328
-179,1960,-738,2104,-1702,433
-162,1971,-729,1736,-1611,531
-132,1972,-723,1548,-1377,508
-108,1967,-712,1323,-1276,389
-84,1974,-698,938,-1117,331
-78,1993,-679,571,-1123,327
-82,2001,-662,245,-710,313
-94,1991,-646,113,-560,315
-95,1978,-633,7,-234,209
-82,1963,-620,-39,360,-25
-66,1947,-631,36,598,-301
-65,1940,-639,27,453,-288
-77,1941,-646,-169,191,-51
-93,1945,-640,-261,224,126
-114,1945,-633,-262,277,201
-122,1941,-631,-55,411,207
-110,1939,-639,-88,390,198
-97,1943,-641,121,215,206
-83,1950,-647,63,306,183
-81,1955,-656,-55,292,231
-81,1959,-657,-49,201,327
-83,1963,-656,-77,225,277
-87,1968,-653,-167,239,182
-90,1971,-650,-185,340,96
-95,1969,-649,-231,429,74
-94,1965,-644,-173,441,30
-89,1964,-641,-153,446,0
-81,1967,-634,-100,533,-94
-81,1968,-637,-166,418,-85
-86,1964,-636,-109,264,-18
-90,1960,-631,-117,402,-5
-97,1959,-626,-117,345,10
-100,1958,-623,-55,354,47
-95,1959,-623,-44,355,16
-93,1957,-628,-7,349,4
-95,1962,-634,-27,325,23
-95,1970,-637,-94,241,70
-95,1978,-637,-188,267,75
-93,1978,-631,-175,254,98
-94,1977,-632,-228,183,102
-92,1972,-632,-243,238,97
-89,1967,-633,-261,317,59
-87,1964,-636,-231,487,-2
-91,1969,-638,-324,454,56
-101,1978,-632,-369,203,138
-107,1983,-629,-410,175,182
-110,1981,-630,-420,61,175
-111,1975,-630,-368,45,183
-108,1970,-626,-374,63,133
-105,1970,-617,-442,50,86
-104,1967,-612,-429,62,48
-105,1962,-609,-449,155,49
-107,1955,-609,-336,213,31
-105,1953,-612,-271,152,42
-105,1960,-613,-342,233,59
-103,1968,-613,-370,349,33
-102,1973,-610,-387,408,36
-104,1973,-603,-423,400,41
-106,1971,-603,-405,313,19
-109,1969,-602,-347,310,49
-116,1976,-601,-362,452,80
-117,1980,-598,-420,513,76
-119,1981,-595,-449,431,66
-117,1975,-596,-357,343,59
-113,1971,-599,-284,200,83
-106,1969,-599,-312,308,37
-107,1969,-593,-351,422,40
-114,1969,-589,-340,321,70
-111,1970,-587,-305,446,45
-110,1967,-587,-279,517,53
-107,1964,-588,-183,463,78
-102,1961,-594,-188,559,65
-98,1960,-601,-121,562,21
-98,1965,-605,-71,562,41
-102,1968,-607,-121,403,73
-105,1970,-600,-114,515,65
-112,1971,-594,-124,444,86
-114,1971,-593,-61,407,50
-114,1969,-599,13,428,77
-109,1970,-603,15,329,103
-106,1970,-605,44,306,85
-104,1970,-603,-18,318,112
-106,1975,-604,15,179,172
-108,1976,-600,-36,215,150
-107,1975,-599,11,191,150
-105,1973,-599,4,138,135
-102,1971,-600,-16,119,130
-99,1974,-599,-18,232,106
-100,1976,-598,-43,253,77
-98,1976,-597,-35,302,118
-99,1974,-602,21,163,130
-101,1973,-603,15,160,136
