-74,2036,125,121,144,121
-72,2041,128,74,258,159
-73,2044,132,39,278,197
-71,2048,134,51,220,145
-79,2052,131,104,14,183
-82,2050,132,62,20,151
-85,2049,132,94,-3,170
-80,2053,134,73,79,92
-80,2055,135,25,134,129
-73,2051,139,-73,364,157
-75,2047,138,-113,377,183
-80,2041,137,-121,449,174
-85,2039,133,-25,334,168
-81,2041,131,-81,334,94
-77,2042,133,-75,484,32
-79,2038,136,-6,299,13
-85,2039,137,1,441,13
-95,2045,125,60,196,29
-91,2047,120,90,302,30
-85,2044,119,31,326,9
-81,2039,123,-17,431,-15
-88,2037,124,60,268,48
-85,2038,123,124,249,58
-84,2042,124,125,268,72
-84,2048,123,58,202,35
-88,2054,117,39,119,57
-88,2054,114,-10,128,70
-92,2050,115,-21,160,45
-89,2045,122,-9,145,70
-86,2040,126,103,-79,120
-82,2037,128,109,142,152
-84,2037,128,92,381,144
-86,2037,130,169,218,114
-83,2039,127,143,166,118
-83,2037,125,208,112,76
-85,2040,121,220,13,87
-87,2045,120,206,41,67
-88,2051,119,54,181,68
-91,2052,115,64,177,57
-91,2051,112,-41,219,70
-87,2051,112,-79,460,52
-93,2048,111,-102,521,31
-93,2044,107,4,466,9
-90,2051,101,-29,258,15
-86,2057,95,-19,227,-22
-89,2059,96,41,415,-66
-92,2060,94,-96,549,-75
-98,2052,87,-39,220,-65
-100,2050,84,167,209,37
-100,2055,75,-76,357,114
-93,2051,87,-35,348,115
-82,2050,100,26,411,116
-81,2050,101,-19,310,99
-84,2047,99,28,261,164
-89,2039,98,81,295,119
-94,2039,100,-41,218,118
-88,2043,105,71,273,132
-84,2049,104,-121,170,150
-82,2045,106,-73,218,188
-86,2040,105,-77,177,193
-89,2037,104,40,241,189
-93,2041,104,-76,287,209
-89,2048,105,-114,254,212
-83,2050,104,-89,257,162
-86,2049,104,-101,420,159
-96,2047,101,27,294,175
-94,2050,100,-40,191,140
-91,2052,102,-48,148,131
-91,2047,101,-105,261,100
-94,2043,100,-91,295,162
-96,2041,100,-77,323,141
-96,2038,97,-92,323,127
-96,2036,95,-161,263,156
-92,2034,95,-244,318,181
-92,2029,93,-172,382,91
-97,2035,97,-129,396,68
-99,2046,97,47,194,72
-90,2062,93,12,163,87
-95,2066,90,7,-1,60
-98,2073,97,15,102,116
-98,2077,95,-122,321,148
-91,2065,100,-204,451,179
-79,2050,106,-175,330,228
-81,2042,104,-82,182,255
-84,2039,102,61,136,156
-90,2042,96,126,58,128
-88,2049,95,25,19,73
-80,2053,93,-93,-12,52
-75,2047,91,-72,70,72
-75,2039,92,78,151,74
-79,2040,90,78,320,159
-81,2046,86,-10,385,150
-79,2055,83,-85,365,175
-75,2055,89,-86,346,146
-74,2053,97,-112,327,181
-78,2047,97,-61,316,153
-84,2044,97,-3,144,168
-82,2044,99,-110,82,150
-80,2045,105,-146,169,157
-76,2044,106,-137,200,139
-78,2039,106,-64,180,171
-79,2040,100,-75,246,199
-84,2041,100,-26,71,194
-81,2046,101,-101,130,148
-78,2046,103,-74,131,121
-81,2045,101,-26,179,166
-78,2044,101,-137,348,152
-82,2041,105,-84,289,130
-79,2042,108,-127,268,150
-82,2037,108,16,3,102
-84,2040,106,52,68,181
-92,2045,95,-96,277,214
-91,2041,96,-47,273,150
-90,2041,101,-46,254,123
-87,2041,105,-69,358,66
-87,2036,105,-24,323,95
-86,2036,105,46,221,136
-86,2045,100,93,103,88
-85,2051,90,121,164,38
-90,2057,85,70,88,-16
-93,2057,83,69,199,-42
-91,2056,83,59,190,-59
-88,2049,84,80,232,-11
-85,2045,84,102,200,55
-83,2043,85,64,198,94
-83,2043,82,126,126,124
-81,2045,83,89,101,140
-85,2048,78,60,92,96
-85,2050,79,149,11,95
-83,2056,79,131,-27,101
-82,2059,75,116,42,119
-83,2059,71,35,56,105
-85,2057,70,20,2,125
-83,2051,72,87,33,135
-80,2051,73,42,111,166
-74,2051,78,-54,224,199
-70,2049,82,-105,264,174
-72,2046,81,-117,261,179
-81,2041,77,42,220,152
-90,2046,69,-66,120,87
-88,2050,73,-14,65,61
-84,2055,71,-99,118,21
-80,2053,67,-108,198,3
-83,2050,69,-41,149,36
-89,2051,62,-178,176,102
-85,2044,72,-39,209,120
-77,2046,77,-115,393,122
-80,2045,78,-125,301,102
-82,2045,77,-47,277,121
-83,2046,81,-30,203,48
-81,2050,78,-97,243,43
-82,2052,80,-1,225,-7
-85,2052,78,-78,281,26
-90,2050,76,-53,196,65
-91,2046,71,-18,191,56
-84,2048,70,-62,267,40
-81,2046,73,-99,276,60
-87,2044,72,-117,303,93
-89,2044,77,-57,242,96
-87,2046,76,-99,218,68
-85,2048,80,-48,230,70
-83,2050,77,-102,211,63
-84,2052,74,-59,219,49
-85,2053,75,-68,233,21
-84,2054,71,-154,360,26
-90,2052,69,-136,165,57
-88,2048,70,-112,181,63
-91,2044,71,-104,219,100
-93,2041,72,-38,217,65
-91,2044,75,-112,234,54
-90,2048,81,-63,243,43
-89,2049,78,-137,232,68
-94,2044,77,-86,212,104
-97,2040,76,-12,216,116
-96,2047,74,0,23,77
-85,2053,76,-66,120,54
-86,2052,75,-69,189,36
-88,2049,74,31,276,-17
-88,2050,75,-118,372,0
-92,2051,75,-51,490,54
-90,2051,80,-142,604,105
-91,2049,82,-40,503,95
-93,2045,82,-107,478,106
-99,2037,86,-114,406,85
-103,2029,91,-43,244,31
-104,2029,82,2,110,18
-105,2036,75,155,-82,-20
-107,2053,66,39,-339,-15
-106,2061,63,24,-281,-16
-105,2063,62,15,-185,-27
-103,2061,59,-22,-94,10
-96,2057,59,-61,28,88
-86,2052,60,-25,110,156
-83,2049,60,2,109,196
-87,2048,63,74,93,196
-96,2049,59,51,115,174
-103,2051,53,14,137,164
-104,2048,51,10,102,170
-97,2046,52,1,115,170
-88,2047,59,-87,200,200
-85,2047,69,-27,269,204
-95,2054,71,-155,301,228
-97,2058,72,-192,360,262
-93,2060,74,-296,349,153
-87,2058,75,-294,360,80
-92,2051,70,-214,296,57
-98,2047,67,-188,308,37
-100,2048,67,-357,281,38
-94,2042,73,-192,371,35
-94,2039,68,-285,449,86
-97,2037,63,-150,349,120
-101,2039,59,-84,125,136
-99,2045,58,-52,42,108
-100,2051,62,-42,100,111
-93,2052,65,-138,173,90
-93,2049,65,-50,152,154
-97,2051,66,-14,196,241
-98,2054,69,-57,223,292
-94,2056,82,-126,190,273
-91,2052,86,-129,151,218
-95,2047,83,-15,157,195
-95,2046,84,43,303,153
-90,2053,84,-40,337,120
-88,2054,88,-115,267,129
-87,2050,88,-177,262,135
-88,2046,88,-109,403,154
-91,2046,88,-56,330,139
-93,2046,83,-24,300,97
-91,2044,77,-107,269,109
-90,2040,74,-53,217,66
-92,2036,72,-5,150,62
-92,2033,67,117,49,61
-94,2038,63,113,171,97
-97,2042,59,61,192,116
-94,2044,55,63,127,130
-90,2043,51,130,74,151
-84,2044,53,157,141,110
-84,2047,57,186,161,116
-89,2052,56,177,87,137
-92,2057,54,113,129,192
-92,2059,57,86,130,186
-86,2058,56,76,262,183
-85,2056,59,83,322,206
-85,2049,61,70,311,221
-82,2048,58,63,238,176
-84,2047,56,81,89,172
-83,2049,58,41,82,165
-83,2049,57,-16,348,159
-90,2050,59,-120,402,136
-90,2051,61,-72,396,189
-88,2051,57,-85,366,175
-85,2049,57,-87,314,129
-80,2044,55,-85,364,96
-83,2041,56,-59,309,60
-93,2049,48,43,277,117
-95,2056,43,-53,303,123
-91,2057,45,-87,270,133
-81,2053,52,-110,396,133
-80,2048,56,-32,279,135
-78,2048,52,-17,197,135
-79,2050,49,25,223,130
-78,2056,48,-57,247,120
-77,2059,50,-56,201,102
-83,2063,48,-141,108,99
-84,2060,51,-110,183,141
-83,2053,50,-42,144,133
-77,2052,50,-59,379,111
-78,2048,53,-110,400,157
-80,2043,51,-133,307,195
-79,2040,52,-75,327,191
-84,2042,51,-62,318,164
-85,2043,52,-33,278,139
-84,2045,56,-65,193,130
-80,2044,55,15,71,113
-80,2045,55,12,98,107
-80,2048,54,-2,98,130
-80,2051,58,3,158,143
-73,2051,60,-93,199,131
-72,2048,57,-68,236,166
-75,2046,58,-32,221,160
-77,2044,59,-39,308,160
-77,2045,62,-100,368,143
-78,2048,62,-12,336,124
-78,2052,57,-56,377,97
-84,2050,54,-36,388,83
-88,2051,53,-58,345,104
-87,2047,51,-126,443,82
-87,2041,51,-25,324,68
-81,2035,54,-37,313,25
-81,2039,56,3,325,90
-92,2050,45,8,389,134
-93,2052,38,-82,505,128
-97,2050,39,25,197,174
-95,2048,40,139,-48,171
-94,2049,40,219,-169,193
-91,2049,35,218,-277,170
-80,2051,37,239,-157,139
-74,2054,38,175,-22,173
-76,2054,37,179,68,184
-75,2055,35,72,179,153
-74,2054,38,98,157,165
-71,2055,38,13,211,145
-70,2050,40,-6,410,107
-73,2048,40,5,493,93
-80,2049,34,30,299,75
-83,2048,26,110,242,66
-86,2049,18,44,279,93
-84,2050,17,61,310,59
-78,2052,19,15,331,105
-75,2052,22,2,337,122
-75,2053,25,28,293,161
-75,2054,24,-3,214,192
-76,2054,24,27,250,177
-77,2053,25,-30,270,170
-78,2056,26,-37,302,140
-75,2057,27,-3,332,139
-75,2059,20,-47,229,179
-76,2056,17,-25,294,160
-79,2055,20,-21,300,119
-78,2056,26,-127,340,156
-74,2051,31,-132,448,154
-72,2042,28,-148,271,154
-68,2039,28,-12,243,219
-82,2049,18,-4,152,270
-83,2055,15,-58,265,205
-80,2058,22,-77,214,226
-73,2058,27,-81,248,255
-70,2051,28,-3,238,277
-70,2043,26,33,177,302
-70,2039,28,79,157,263
-69,2042,30,43,153,255
-69,2044,30,17,158,237
-68,2049,28,33,147,208
-68,2051,30,61,182,166
-72,2052,27,50,214,178
-78,2052,23,83,196,207
-74,2052,25,-52,191,196
-67,2051,31,-42,192,202
-62,2050,29,-14,164,182
-63,2049,26,-19,193,177
-71,2047,21,-35,180,109
-74,2044,18,48,125,105
-76,2046,15,9,14,67
-74,2043,9,111,-11,92
-71,2046,6,39,72,121
-65,2051,6,-11,198,129
-63,2057,8,2,123,135
-65,2060,9,-31,84,179
-65,2059,8,-64,108,150
-65,2056,11,-90,162,162
-62,2056,12,-162,233,186
-59,2055,15,-148,328,189
-61,2053,13,-172,263,189
-66,2051,11,-17,116,114
-66,2051,10,-117,108,85
-65,2050,14,-84,79,91
-66,2055,16,-153,160,167
-62,2054,10,-143,250,222
-58,2052,12,-57,354,208
-55,2050,12,-135,365,190
-58,2043,20,-111,366,199
-61,2039,22,72,387,207
-64,2040,17,78,407,252
-63,2045,14,122,354,256
-57,2051,14,75,313,198
-56,2056,11,64,245,149
-56,2061,10,-11,200,103
-56,2060,15,-98,301,69
-56,2056,17,-149,371,71
-53,2054,17,-146,335,56
-50,2049,18,-120,309,74
-53,2050,20,-138,299,87
-59,2051,22,-147,360,75
-66,2046,18,-113,193,79
-70,2042,13,-49,61,69
-65,2044,6,-22,43,65
-57,2045,7,31,93,73
-55,2047,9,-36,-16,90
-54,2047,11,-19,-22,137
-56,2047,13,12,-56,162
-60,2048,7,21,-55,134
-61,2048,6,53,49,135
-59,2051,10,-12,79,168
-53,2053,10,-34,135,136
-53,2054,9,-77,131,150
-51,2053,9,-50,132,162
-53,2052,12,-95,201,142
-53,2051,15,-96,149,100
-52,2051,15,-190,202,50
-50,2053,12,-65,165,94
-56,2060,1,-229,226,96
-61,2058,6,-127,277,67
-61,2057,11,-156,331,33
-63,2053,7,-198,263,16
-62,2050,6,-173,246,15
-58,2048,8,-45,233,0
-53,2052,10,-126,342,-26
-57,2052,13,-134,334,-17
-64,2050,17,-165,432,44
-67,2049,15,-152,346,67
-71,2052,12,-163,202,79
-66,2051,11,-88,156,88
-65,2051,7,-175,207,41
-64,2048,13,-171,270,5
-64,2049,15,-73,247,-6
-66,2051,14,-122,195,14
-67,2054,12,-169,239,20
-69,2050,12,-94,300,65
-72,2049,10,-140,198,79
-65,2048,12,-104,214,56
-63,2050,10,-69,241,61
-65,2054,13,-89,237,56
-68,2059,14,-100,212,39
-69,2062,15,-138,333,62
-68,2059,16,-93,337,66
-66,2057,13,-141,222,92
-61,2053,12,-120,238,119
-65,2051,14,-236,321,116
-69,2046,19,-185,326,139
-70,2046,20,-163,246,124
-66,2048,20,-173,281,103
-64,2049,17,-145,240,67
-66,2049,20,-161,145,115
-71,2049,15,-91,120,147
-72,2050,17,-84,174,181
-67,2049,19,-29,176,202
-62,2050,20,-29,205,180
-60,2052,17,-53,180,171
-62,2049,21,-50,141,166
-66,2049,22,-105,106,128
-70,2051,23,-98,40,131
-69,2053,22,-23,64,138
-64,2056,21,-62,92,145
-60,2056,19,-87,80,135
-60,2053,18,-158,144,135
-63,2051,18,-133,209,127
-69,2051,19,-130,218,146
-65,2053,19,-153,209,150
-61,2055,19,-179,201,134
-63,2055,24,-226,174,135
-66,2053,23,-198,72,132
-67,2050,26,-123,-8,138
-62,2051,23,-225,21,128
-61,2050,26,-205,-82,115
-57,2047,22,-213,-65,111
-55,2044,24,-185,-3,124
-58,2045,21,-200,113,120
-57,2045,20,-123,87,123
-57,2046,21,-158,136,81
-54,2045,19,-146,148,82
-56,2045,19,-106,245,94
-58,2049,16,-129,279,115
-58,2054,19,-147,260,81
-60,2056,23,-173,253,75
-58,2054,28,-182,282,54
-52,2052,31,-164,348,39
-57,2054,32,-181,233,101
-66,2053,30,-170,175,125
-66,2053,32,-199,225,87
-64,2054,36,-206,247,88
-66,2054,38,-153,78,87
-70,2055,38,-162,54,124
-67,2051,37,-178,34,116
-60,2050,38,-206,-50,94
-53,2049,40,-177,-43,48
-57,2048,42,-180,47,21
-67,2050,40,-164,62,65
-71,2052,33,-131,25,112
-66,2053,29,-73,66,98
-58,2052,27,-189,130,102
-56,2048,29,-159,169,147
-57,2043,29,-88,219,135
-60,2043,31,-54,179,164
-62,2045,28,-40,111,171
-65,2050,30,-70,79,148
-68,2052,31,-59,83,186
-68,2051,30,-72,126,170
-67,2052,31,-53,25,175
-63,2055,32,-116,75,132
-59,2055,34,-164,79,95
-60,2052,42,-133,22,133
-58,2049,42,-118,90,131
-63,2050,39,-75,80,123
-65,2051,38,-65,98,177
-66,2057,40,-124,20,164
-63,2058,40,-169,-32,144
-60,2056,42,-181,-17,140
-55,2050,43,-153,44,116
-55,2045,42,-144,72,125
-53,2044,41,-191,191,101
-56,2041,40,-121,136,83
-58,2043,38,-88,122,138
-65,2044,28,-21,21,191
-61,2046,27,46,59,145
-51,2050,27,38,244,92
-56,2049,30,52,324,90
-57,2048,31,-4,354,126
-53,2045,33,12,317,127
-52,2042,36,41,334,103
-53,2045,37,62,372,83
-58,2052,38,-20,426,76
-64,2060,40,19,352,101
-66,2061,37,-11,219,93
-68,2060,32,-16,135,74
-66,2058,33,-66,187,58
-59,2053,36,-103,267,79
-55,2050,38,-107,305,116
-56,2045,36,-88,226,155
-59,2040,35,-92,246,141
-66,2041,31,-33,143,91
-69,2042,25,2,-56,75
-68,2044,12,-176,20,98
-67,2041,3,-426,54,89
-62,2033,-6,-555,208,22
-48,2027,-29,-581,259,-59
-25,2027,-60,-705,-385,-187
-5,2021,-109,-1110,-1279,-318
7,1999,-157,-1015,-2256,-457
20,1998,-190,-1077,-2626,-532
20,2013,-211,-994,-2446,-474
6,2040,-231,-1348,-2273,-246
14,2060,-234,-1315,-2812,40
41,2083,-230,-1559,-2742,408
71,2096,-228,-1785,-3195,669
127,2112,-220,-1463,-3248,742
180,2155,-185,-1314,-2200,671
175,2197,-158,-1259,-1653,673
160,2213,-137,-769,-372,696
113,2223,-144,-587,-253,746
84,2223,-153,-129,54,743
68,2223,-162,370,2,593
81,2232,-139,662,736,462
98,2262,-112,1197,723,413
126,2299,-68,1764,573,452
145,2336,-9,1278,1264,336
129,2319,107,1169,2266,182
85,2242,226,246,3716,85
-27,2111,359,266,4185,42
-156,1962,426,1073,3005,-71
-270,1871,405,2359,308,-211
-272,1874,372,2118,204,-592
-244,1895,350,2085,447,-1020
-182,1942,368,1937,864,-1246
-156,1960,329,2064,782,-1080
-136,1946,275,3006,-209,-1166
-131,1956,199,2859,-878,-1119
-116,1940,156,3465,-1028,-1132
-110,1937,161,3867,-629,-1258
-157,1918,222,5838,-3264,-1688
-239,1895,211,7255,-7995,-2196
-318,1854,98,10499,-9386,-2299
-406,1889,-21,13355,-12328,-1745
-384,1983,-191,8255,-5513,-1654
-305,1997,-248,6879,-1996,-1966
-203,1922,-351,6014,1705,-2350
-206,1885,-355,4078,-731,-2091
-264,1834,-323,5255,1039,-2808
-385,1863,-350,4040,1371,-2583
-447,1859,-374,4293,-1238,-2460
-371,1878,-376,4413,-2305,-2725
-282,1930,-429,2245,-4657,-2685
-219,1999,-418,1452,-3538,-2095
-256,2104,-469,-148,-4850,-1273
-230,2212,-399,-1592,-4916,-713
-186,2247,-393,-2058,-1433,-609
-205,2239,-439,-2078,-822,39
-212,2272,-407,-4005,996,504
-202,2257,-406,-4718,3612,371
-232,2188,-386,-4303,3772,752
-226,2098,-428,-5074,4325,949
-243,2022,-396,-6306,4413,1232
-278,2005,-298,-5173,5962,934
-359,2012,-358,-5619,4596,923
-295,2003,-283,-6331,6217,708
-300,1984,-316,-5273,2959,626
-311,1978,-251,-5144,3695,1082
-312,1947,-236,-3817,2967,807
-320,1960,-250,-4261,1138,917
-291,1945,-152,-3189,2691,864
-340,1964,-191,-4410,2393,877
-382,1954,-103,-2970,3113,394
-441,1966,-147,-4228,417,802
-387,1964,-65,-4000,1815,1073
-412,1958,-53,-3925,-412,892
-417,1963,46,-4884,471,930
-400,1950,93,-4033,775,584
-390,1972,58,-5287,1629,1105
-363,1976,135,-5391,-816,1286
-278,1950,261,-5045,-855,1159
-266,1956,241,-3903,232,695
-306,1965,283,-4237,444,865
-326,1950,322,-5183,-928,1040
-259,1882,398,-4503,-166,1115
-222,1834,407,-3977,-139,910
-227,1833,465,-4421,-529,878
-239,1792,513,-4124,-142,821
-232,1784,525,-3799,813,521
-280,1830,573,-4130,497,644
-297,1844,618,-3673,457,496
-305,1833,638,-3225,-160,120
-294,1836,631,-2984,-632,107
-289,1851,579,-1742,-2170,377
-252,1884,543,-2009,-2049,278
-206,1924,518,-1185,-1662,-6
-172,1984,462,-608,-2162,-220
-132,2037,396,-366,-1507,-323
-121,2053,343,-455,-902,-414
-133,2005,322,-497,-723,-205
-125,1944,318,1148,-1986,432
-84,1974,248,1720,-3587,611
-47,2021,170,2649,-4811,301
-26,2106,90,2851,-4332,57
-24,2206,80,2477,-2466,-33
-14,2288,84,1641,-655,-177
6,2327,125,1257,679,40
46,2334,113,1027,344,407
80,2303,95,1453,17,1015
71,2265,55,1465,-69,1253
36,2215,40,1511,-14,1081
5,2179,32,1783,-3,896
-3,2198,5,1662,75,710
-11,2217,-15,1698,76,437
-36,2211,-27,1297,499,131
-63,2185,-27,1351,495,219
-72,2147,-11,1095,1327,317
-72,2108,4,887,1429,389
-47,2074,44,810,1596,614
-13,2058,70,683,2069,808
-11,2048,86,603,1925,825
-37,2037,115,671,1961,858
-84,2035,132,578,1753,774
-118,2037,141,348,1791,568
-137,2041,148,419,1451,362
-124,2037,148,164,1509,127
-110,2033,172,59,1422,75
-111,2031,188,7,1298,139
-110,2028,202,-20,1225,161
-121,2027,204,88,640,171
-116,2033,211,137,515,191
-108,2044,213,-35,704,188
-99,2050,218,-59,830,158
-103,2055,209,-32,653,268
-112,2052,207,-93,516,380
-124,2049,203,-260,182,355
-120,2039,213,-153,-89,298
-104,2032,220,-151,8,244
-91,2032,209,127,-214,116
-91,2028,185,99,-617,150
-92,2027,178,217,-628,150
-96,2042,170,65,-355,172
-86,2048,169,66,-1,139
-73,2049,171,142,128,183
-67,2043,166,142,254,262
-71,2029,159,181,265,359
-68,2017,162,246,340,269
-66,2015,162,185,343,238
-70,2017,161,234,398,224
-82,2026,155,271,178,216
-80,2039,153,277,185,190
-75,2048,158,125,251,191
-78,2048,154,131,225,135
-78,2047,151,104,205,186
-76,2050,151,77,255,183
-68,2052,153,29,480,161
-68,2050,154,-37,593,155
-77,2048,156,-10,549,161
-87,2046,156,-22,406,200
-90,2048,160,-60,426,189
-90,2053,151,-118,147,193
-78,2056,147,-104,171,154
-74,2055,149,-108,277,168
-82,2051,142,-66,162,205
-87,2051,138,-189,169,226
-85,2046,145,-196,133,241
-76,2038,156,-206,65,277
-70,2028,161,-211,56,327
-69,2018,162,-185,0,275
-77,2014,157,-32,-167,305
-82,2025,156,28,-129,282
-93,2037,149,-80,-263,312
-81,2045,157,-98,-229,304
-70,2052,159,-187,-169,288
-67,2048,165,-76,-200,273
-59,2045,169,-100,-144,282
-55,2043,173,-69,-31,265
-56,2043,174,-85,171,272
-63,2042,172,43,144,239
-63,2045,168,13,151,220
-64,2043,162,-37,322,215
-61,2039,161,93,193,228
-54,2040,157,24,292,241
-53,2039,160,159,246,265
-48,2041,156,19,324,237
-46,2039,157,2,378,175
-56,2043,161,77,178,247
-64,2048,159,54,-90,283
-66,2055,160,-25,-187,290
-60,2059,168,-38,-9,233
-57,2062,170,-127,-97,247
-56,2060,175,-143,-116,304
-63,2055,175,-149,-406,309
-56,2049,175,-136,-483,330
-48,2044,171,-188,-293,265
-43,2033,166,-166,-285,226
-36,2023,159,-90,-243,173
-37,2018,159,28,-228,130
-33,2017,152,74,-89,82
-34,2017,147,101,32,113
-37,2023,136,187,91,188
-38,2026,127,201,74,223
-26,2031,122,266,69,160
-14,2039,128,268,256,135
-14,2047,132,212,373,105
-24,2054,134,210,414,170
-29,2055,134,199,463,201
-28,2056,140,113,485,146
-27,2055,142,50,467,135
-25,2056,143,30,460,95
-27,2055,149,-59,684,101
-34,2047,144,-39,603,106
-38,2043,140,-99,514,157
-45,2040,140,-6,436,137
-45,2045,138,-49,319,139
-37,2052,141,-86,216,151
-34,2053,139,-126,230,88
-41,2047,138,-47,312,115
-52,2042,138,-24,168,163
-46,2037,139,31,253,137
-40,2039,137,-84,261,137
-36,2038,140,-7,378,191
-43,2041,140,-21,200,209
-50,2044,138,-53,10,223
-48,2046,138,-10,-57,206
-51,2048,129,-36,-231,169
-45,2049,130,21,-118,108
-41,2048,132,-104,-90,81
-33,2046,133,-112,59,65
-32,2043,131,-100,196,65
-36,2042,131,-50,158,106
-45,2047,127,-145,42,113
-45,2047,134,-36,-36,55
-38,2046,134,-165,117,-32
-37,2039,131,-123,68,-11
-36,2036,135,-23,72,-3
-34,2040,136,-33,68,36
-29,2043,137,-85,161,76
-30,2045,138,-36,149,101
-34,2047,137,-54,76,154
-36,2051,132,-68,-2,163
-29,2051,132,-66,90,158
-25,2050,134,-119,194,98
-27,2044,138,-125,322,89
-35,2041,141,-29,151,114
-34,2042,139,8,68,105
-37,2045,138,-33,-1,94
-37,2046,136,-25,-62,84
-32,2045,133,-77,87,70
-27,2040,132,-42,102,23
-27,2035,129,-57,160,21
-38,2034,128,27,-37,89
-41,2037,124,-22,142,126
-50,2040,124,-86,-18,118
-50,2041,126,-100,-91,110
-44,2037,130,-106,-80,126
-33,2033,117,-184,-9,140
-24,2025,96,-227,104,112
-11,2012,58,-292,617,-1
-19,2009,2,-701,1196,-149
-40,2025,-53,-1048,1153,-253
-19,2043,-105,-1156,270,-244
19,2057,-165,-1154,-976,-92
64,2070,-202,-824,-1308,-87
62,2104,-231,-1227,-1038,107
46,2117,-227,-1119,-2180,588
87,2120,-231,-592,-2576,879
136,2141,-263,-12,-2458,899
197,2170,-310,1064,-1672,737
246,2231,-356,1501,-207,628
247,2287,-377,1456,-424,638
244,2325,-363,1609,-1223,626
258,2339,-298,2247,-552,807
228,2346,-260,3130,-881,1068
241,2365,-188,2706,1128,1218
234,2358,-67,2452,2460,1258
242,2323,121,1996,3473,982
242,2268,295,1357,5030,598
173,2181,457,1165,5331,322
41,2070,559,1182,4087,409
-86,1977,577,1693,2089,284
-153,1918,562,2318,1373,-225
-155,1912,535,2220,1728,-956
-140,1914,478,2489,2881,-1916
-152,1910,427,2645,3616,-2170
-190,1869,350,3706,2971,-1767
-206,1824,272,4395,2277,-1642
-215,1801,242,5142,1607,-1617
-219,1779,212,6349,921,-1561
-270,1781,199,7853,-408,-1453
-351,1810,100,9145,-1756,-993
-404,1841,-5,11034,-4189,-790
-387,1830,-143,13183,-6095,-1659
-327,1871,-348,6907,-2141,-2105
-344,1840,-415,8022,-4100,-2132
-335,1823,-434,6889,-3119,-2143
-413,1838,-479,6102,-3168,-2014
-518,1869,-531,7074,-6265,-1989
-442,1936,-552,5927,-6366,-2515
-294,1979,-526,4296,-4222,-2650
-237,2014,-494,5092,-4716,-2215
-196,2127,-487,3402,-4325,-2177
-170,2183,-515,2004,-4008,-2821
-150,2166,-564,262,-2992,-2571
-69,2142,-491,-836,-833,-1659
-36,2130,-484,-2109,1477,-900
-116,2142,-395,-2715,-2061,-280
-113,2144,-456,-2720,-1108,35
-113,2090,-474,-3837,-1012,766
-130,2070,-482,-2763,1529,1050
-243,2168,-547,-4861,1835,763
-396,2219,-553,-5120,-527,2035
-293,2153,-563,-5372,2442,1919
-252,2084,-509,-7179,3214,1703
-331,2026,-419,-5594,2350,1384
-395,2019,-373,-6224,1768,887
-341,2002,-252,-4880,4815,-67
-307,1955,-322,-5906,4902,292
-302,1862,-396,-2039,5218,227
-276,1906,-387,-7945,5048,695
-281,1892,-200,-4247,6839,358
-393,1918,-260,-4465,3965,1005
-440,1917,-407,-5625,111,1444
-337,1864,-302,-3470,1641,909
-323,1949,-277,-7078,2213,602
-384,1962,-106,-3068,1000,554
-442,1976,-165,-4259,-1427,960
-393,1960,-139,-3134,-2431,963
-334,1989,-83,-4049,-1323,951
-352,2014,-15,-3739,-1862,839
-333,1996,20,-3641,-1963,747
-307,1970,56,-4376,-2620,800
-219,1917,116,-3687,-2229,630
-192,1913,123,-4885,-1616,943
-196,1911,193,-4815,-725,1408
-250,1941,244,-5651,-1667,1746
-233,1925,318,-5310,-1097,1642
-198,1913,348,-5429,-1025,1344
-153,1908,420,-5447,-603,1548
-98,1908,493,-4667,-149,1578
-81,1918,495,-4142,883,1204
-118,1923,495,-4019,1379,1028
-157,1894,456,-3410,494,683
-143,1887,457,-2996,970,481
-187,1889,443,-3202,-331,300
-213,1846,406,-2044,-2327,476
-185,1835,402,-1745,-2565,513
-135,1868,410,-1111,-2291,288
-107,1934,371,-1073,-1956,257
-118,1990,345,-912,-1169,363
-98,2015,326,-1746,368,262
-58,1990,348,-1142,297,347
-9,1992,329,-311,-841,424
2,2013,268,790,-2325,383
-26,2087,199,1327,-2838,325
-59,2194,169,1278,-1707,268
-56,2281,156,370,-70,-7
-19,2296,182,140,1567,-247
-6,2284,197,406,1040,192
41,2288,174,1178,-21,598
39,2295,119,1996,-988,809
32,2312,54,2494,-1195,590
39,2356,-4,2792,-1030,247
67,2398,-28,2027,241,-188
47,2385,-4,1358,1707,-470
-8,2317,19,978,2235,-271
-23,2218,40,986,2460,92
2,2135,77,840,2080,475
41,2068,116,646,1258,673
68,2014,147,726,840,752
17,1980,167,620,-46,826
-52,1953,161,557,-73,647
-68,1935,159,341,1118,394
-79,1939,141,187,1634,439
-74,1962,148,297,1256,628
-40,1986,152,433,634,870
23,1985,127,560,565,887
34,2022,156,414,823,928
-10,2058,196,-87,303,1036
-15,2039,215,30,441,719
-9,2022,203,244,699,476
-1,2029,184,111,689,407
5,2031,185,-67,853,365
-8,2016,198,-63,1101,76
-36,2003,206,-39,1520,-168
-62,2003,211,-71,1417,-280
-58,2005,209,-72,1672,-175
-52,2013,201,14,1506,-78
-65,2023,201,-35,1004,-10
-62,2023,212,-73,1153,-18
-57,2027,224,-136,1203,-49
-50,2027,229,-243,1532,-12
-56,2022,230,-170,1131,68
-64,2020,235,-45,1019,157
-81,2020,244,-150,966,191
-95,2021,249,-111,638,167
-100,2024,250,-80,371,201
-95,2033,244,-97,233,126
-91,2039,230,85,-354,111
-82,2046,226,36,-366,109
-82,2055,221,-118,-427,38
-87,2053,215,-3,-364,51
-90,2046,205,99,-431,65
-83,2046,196,45,-297,91
-65,2046,197,177,-173,-10
-58,2049,191,227,-244,3
-61,2052,177,327,-117,84
-71,2055,172,246,102,44
-68,2059,176,250,275,35
-58,2060,182,80,651,-19
-56,2055,185,76,553,81
-41,2049,187,21,589,143
-39,2038,197,38,699,145
-47,2031,197,68,505,139
-50,2029,198,47,510,163
-52,2031,198,8,425,122
-53,2035,198,-19,389,95
-55,2036,189,-21,356,82
-61,2035,187,56,121,7
-66,2039,185,140,-48,53
-57,2048,184,27,182,66
-51,2057,189,-62,434,64
-52,2059,190,-114,353,103
-54,2049,193,-74,456,157
-56,2044,197,-117,567,205
-59,2039,197,0,422,241
-57,2038,197,-134,418,262
-64,2034,200,-60,368,291
-72,2034,193,-25,416,242
-80,2038,181,-101,259,208
-79,2038,180,-62,180,196
-68,2033,183,-42,193,147
-61,2031,183,-77,197,135
-62,2025,185,47,265,177
-69,2033,183,108,267,245
-72,2044,177,-42,269,287
-67,2048,181,-55,260,225
-60,2046,190,20,275,180
-59,2040,194,54,181,127
-56,2034,193,-6,266,133
-62,2025,196,77,137,85
-64,2025,195,78,58,126
-56,2027,195,169,-99,105
-57,2036,194,118,-246,48
-54,2043,195,109,-306,21
-51,2048,198,76,-324,3
-52,2050,196,120,-120,-11
-61,2054,190,-22,-111,21
-56,2057,187,-89,-97,106
-42,2057,189,-73,99,145
-35,2057,194,-136,116,196
-37,2055,194,-55,127,257
-42,2047,185,19,-55,229
-50,2036,174,33,-246,196
-44,2030,175,97,83,187
-40,2028,173,31,235,143
-35,2028,176,54,416,145
-41,2027,168,66,522,118
-44,2023,167,164,341,88
-47,2022,164,226,314,124
-43,2022,159,286,434,82
-40,2024,152,271,419,0
-39,2032,157,360,554,43
-47,2048,149,139,540,177
-54,2055,151,147,317,228
-51,2057,153,125,175,200
-53,2056,156,104,-33,183
-41,2055,162,140,186,116
-35,2057,168,38,291,176
-33,2059,171,-23,387,243
-32,2059,168,-43,344,267
-38,2053,162,86,240,243
-40,2053,154,32,279,192
-41,2049,152,-91,230,180
-38,2042,156,-116,308,178
-35,2034,160,-49,561,156
-38,2031,154,-120,392,179
-43,2027,152,-47,166,214
-46,2031,153,-36,78,177
-48,2034,154,17,159,115
-47,2036,156,35,254,83
-43,2039,147,79,262,80
-40,2043,142,97,199,110
-43,2048,139,-16,158,100
-46,2046,144,-18,88,139
-44,2046,149,-11,144,122
-38,2048,151,-66,214,114
-38,2049,153,-52,326,102
-38,2047,153,-112,286,81
-38,2038,149,-149,236,57
-46,2040,153,-21,264,117
-52,2045,148,-190,267,126
-49,2045,153,-155,253,110
-43,2050,157,-192,169,96
-42,2046,164,-107,24,98
-39,2041,158,-182,75,99
-46,2036,157,-4,82,82
-48,2043,157,-126,121,119
-44,2049,162,-59,29,125
-36,2050,162,-118,48,58
-36,2042,155,-131,48,66
-41,2030,145,-115,76,53
-39,2019,136,-143,-19,13
-37,2019,127,-260,-115,12
-29,2017,106,-519,-92,-93
-24,2012,78,-805,-34,-234
-18,2007,37,-1014,-339,-446
4,2007,-20,-1354,-1018,-645
15,1997,-73,-1416,-1684,-617
12,1983,-123,-1172,-2358,-359
17,1981,-175,-798,-2890,12
37,1993,-230,-617,-3048,425
81,2016,-270,-643,-2648,738
118,2029,-284,-500,-2682,1008
144,2047,-299,73,-2293,1277
173,2104,-290,626,-1662,1444
182,2194,-296,1184,-140,1486
171,2284,-301,1167,-120,1310
179,2361,-285,2186,-35,1302
198,2469,-253,2588,999,1234
231,2589,-181,2404,1170,919
301,2677,-49,3068,3317,484
293,2749,76,2159,4574,-86
287,2714,260,1288,6310,-372
199,2564,466,-418,8544,-387
2,2278,607,516,6591,-437
-151,2019,610,1949,3112,-452
-200,1869,571,2404,2464,-1281
-201,1772,534,2832,3010,-2410
-166,1741,519,3482,3755,-3338
-197,1757,446,3468,4255,-3540
-228,1753,331,4356,3867,-2955
-266,1740,231,5124,2584,-2061
-285,1753,147,5567,2077,-1644
-308,1758,92,6030,358,-1118
-258,1749,101,7355,458,-1056
-266,1739,86,8020,548,-1370
-315,1738,64,10359,-971,-1630
-352,1779,-15,11621,-2135,-2020
-420,1792,-94,13489,-3744,-2453
-443,1819,-290,9736,-3252,-2724
-490,1776,-374,11615,-4189,-3009
-536,1777,-473,10850,-5417,-2830
-521,1827,-530,9947,-5019,-2473
-447,1885,-598,9235,-5823,-2489
-320,1917,-654,6479,-2939,-3000
-305,1921,-651,4533,-564,-3419
-357,1976,-529,3992,-4235,-3321
-236,2058,-490,3202,-1256,-3004
-206,2121,-583,-358,-3372,-964
-143,2161,-483,191,-2684,503
-168,2254,-530,-1922,-1763,1354
-237,2304,-539,-3888,-2153,1686
-264,2286,-520,-1833,-1157,1694
-292,2272,-609,-5335,520,2061
-289,2218,-591,-5626,1806,2129
-256,2145,-600,-4755,3895,1741
-305,2067,-626,-8279,948,1882
-329,1948,-570,-4269,1967,1476
-298,1925,-547,-6289,5577,507
-369,1889,-557,-7151,4258,233
-446,1870,-512,-5805,2525,829
-391,1923,-368,-4446,3837,867
-359,1974,-503,-8294,5061,724
-395,1927,-395,-4926,3951,464
-383,1961,-401,-7178,4013,454
-413,1984,-411,-6651,1622,511
-358,1971,-214,-5495,3973,99
-362,1965,-280,-7612,4348,-254
-434,1904,-230,-5859,2687,200
-475,1873,-188,-6481,-507,738
-423,1898,-67,-4875,-175,880
-391,1917,-7,-4675,156,511
-399,1901,30,-3369,-1136,726
-382,1887,40,-3181,-2462,1275
-328,1894,107,-3374,-1839,1697
-291,1910,115,-2689,-1397,1792
-282,1939,151,-3005,-1078,2022
-306,1946,147,-3431,-2332,2269
-274,1917,181,-3794,-2071,2204
-230,1883,229,-3957,-1132,1834
-246,1883,277,-4676,-457,1368
-307,1873,351,-4847,-1212,1354
-310,1846,428,-5097,-706,1106
-332,1817,451,-4729,-1208,876
-335,1791,456,-4136,-1062,834
-334,1804,466,-4033,-2663,918
-350,1798,423,-4224,-4138,771
-353,1788,358,-2971,-5664,1086
-287,1818,324,-2281,-5324,1305
-155,1899,327,-2103,-5235,984
-20,2029,287,-1281,-4468,-1
45,2142,254,-1543,-2075,-571
-18,2158,217,-2328,239,-466
-34,2106,235,-2040,124,233
1,2107,221,-1215,-686,788
-6,2118,178,-627,-1608,571
-23,2131,161,40,-1912,477
-25,2195,155,157,-1159,383
-16,2280,152,411,-374,9
-3,2361,113,526,-642,-135
26,2409,59,835,-1030,205
45,2430,35,1078,-1089,612
74,2458,7,1966,-2092,740
114,2485,-23,1649,-1169,484
41,2417,-57,1541,-399,73
-35,2291,-82,1385,-40,9
-46,2164,-90,1715,169,299
11,2077,-69,1220,807,346
66,2019,-29,1316,1384,359
105,1980,7,839,1561,687
95,1946,29,1003,1752,1109
41,1945,48,1164,1565,1217
-13,1965,60,1088,1811,910
-67,1989,59,727,1796,540
-91,2019,73,601,1897,330
-78,2055,101,286,2460,172
-59,2086,112,56,2443,103
-35,2097,143,-183,3017,110
-37,2095,177,-562,3555,245
-49,2077,182,-717,3151,391
-49,2053,204,-645,2501,477
-37,2033,224,-610,2755,424
-53,2029,231,-699,2513,427
-76,2034,239,-699,2061,408
-94,2044,244,-665,1554,196
-106,2043,251,-717,1388,-58
-127,2032,249,-495,1079,-93
-130,2025,255,-422,893,-50
-123,2026,255,-422,535,-45
-109,2026,258,-456,312,21
-96,2019,265,-209,110,148
-90,2014,262,-284,240,272
-88,2010,263,-156,199,336
-76,2009,269,-147,89,275
-77,2009,267,31,-223,333
-86,2017,260,125,-220,418
-100,2025,249,-22,-469,397
-87,2028,265,162,-225,254
-81,2035,262,33,-174,180
-80,2029,259,86,-208,181
-71,2022,245,120,-253,142
-65,2018,237,64,-238,107
-61,2016,236,190,-112,111
-66,2024,236,210,-20,120
-66,2033,226,72,193,108
-68,2034,224,95,243,108
-75,2031,219,109,315,64
-79,2035,218,73,379,69
-78,2042,228,169,381,111
-66,2052,227,4,394,103
-55,2051,228,-84,481,88
-59,2042,229,-133,258,21
-66,2034,231,-57,-5,-8
-67,2031,226,4,95,-6
-71,2030,218,-103,82,-41
-69,2030,213,-78,84,-69
-65,2033,206,-117,107,-61
-67,2035,203,-115,101,-87
-74,2035,201,14,120,-54
-77,2037,192,25,87,17
-72,2038,188,-37,108,64
-64,2037,192,-3,273,56
-59,2037,198,-65,314,101
-51,2035,201,-91,390,124
-62,2033,200,-17,269,163
-79,2036,193,-46,135,227
-82,2036,199,67,38,158
-77,2046,200,-141,78,176
-69,2052,207,-96,44,158
-65,2058,215,-156,130,188
-61,2058,223,-317,173,220
-62,2051,231,-257,211,233
-63,2044,232,-280,209,234
-63,2036,230,-183,280,224
-69,2036,223,-207,202,208
-69,2039,221,-110,218,177
-70,2047,222,-219,442,131
-75,2051,228,-325,592,114
-85,2051,230,-296,376,105
-83,2048,235,-275,398,160
-82,2042,236,-316,320,132
-74,2033,241,-264,270,170
-68,2027,240,-362,259,145
-64,2016,242,-266,330,101
-68,2010,244,-154,330,85
-80,2012,242,2,238,102
-91,2022,237,2,-39,128
-88,2026,236,42,-217,143
-82,2029,228,40,-96,111
-79,2031,228,105,-79,112
-74,2037,220,120,-146,148
-68,2040,222,26,-203,159
-66,2042,226,84,-44,180
-65,2042,225,13,0,199
-63,2041,225,22,-158,229
-67,2044,224,51,-47,224
-72,2044,216,96,-107,174
-66,2051,214,1,-21,196
-61,2055,217,-96,-68,123
-51,2052,229,-153,-4,94
-47,2044,231,-199,14,40
-53,2031,227,-99,10,66
-59,2028,227,-101,189,95
-61,2032,221,-69,-50,165
-50,2039,221,-149,-66,204
-34,2040,219,-70,15,116
-33,2036,221,-190,322,78
-50,2030,220,-125,256,155
-58,2030,221,-66,103,193
-48,2034,223,-138,276,208
-37,2031,226,-162,280,141
-34,2023,232,-122,326,144
-43,2019,222,-34,284,202
-47,2017,221,0,314,191
-52,2018,213,-92,237,190
-51,2017,215,-17,105,180
-43,2020,214,64,232,161
-49,2028,214,71,250,174
-57,2032,209,30,136,202
-59,2032,201,18,134,160
-60,2032,206,22,366,119
-54,2039,214,1,419,91
-42,2045,217,-116,429,130
-37,2042,216,-157,390,108
-43,2041,218,-85,611,131
-69,2050,206,-130,372,195
-76,2052,206,-165,381,181
-67,2056,215,-272,286,137
-50,2051,224,-242,355,71
-46,2044,223,-181,359,82
-48,2035,221,-247,374,94
-56,2027,224,-214,274,70
-66,2029,228,-169,148,137
-66,2034,230,-115,151,176
-58,2040,224,-194,201,175
-50,2040,224,-220,211,82
-48,2037,225,-171,183,96
-55,2034,223,-133,221,136
-61,2032,224,-233,260,181
-59,2033,229,-227,143,207
-52,2032,231,-196,30,202
-49,2029,232,-127,130,184
-55,2028,232,-174,244,130
-63,2030,231,-166,17,105
-59,2032,233,-158,-56,139
-52,2033,232,-145,7,94
-45,2031,229,-119,197,98
-48,2032,229,-86,311,130
-57,2037,229,-123,306,151
-62,2037,232,-137,313,212
-54,2039,227,-183,272,197
-52,2039,228,-164,225,121
-52,2035,226,-229,102,80
-52,2028,222,-189,26,70
-56,2036,233,-109,258,89
-66,2049,230,-353,342,151
-64,2052,233,-496,91,214
-54,2042,231,-434,-156,155
-53,2034,229,-349,-190,119
-57,2036,233,-364,25,42
-58,2046,233,-386,266,57
-55,2059,234,-592,167,123
-43,2060,231,-795,0,104
-35,2043,230,-690,-273,24
-41,2025,212,-678,-710,-42
-53,2007,181,-569,-1151,-78
-58,2007,139,-645,-1838,-104
-29,2029,92,-1047,-2270,4
15,2043,30,-1029,-2952,59
46,2034,-41,-899,-3648,262
64,2010,-113,-200,-4372,508
91,1992,-180,83,-4566,626
121,1982,-230,642,-4482,545
157,1982,-264,1185,-4005,456
195,2000,-293,1984,-2901,575
226,2059,-295,2528,-1744,706
246,2133,-274,3002,-60,759
252,2216,-250,3479,1556,731
246,2302,-245,4568,2825,739
239,2412,-233,4662,3995,776
273,2519,-158,4665,5407,618
309,2593,-34,4195,5708,385
281,2599,120,3997,4905,202
200,2557,332,2725,6449,358
26,2413,486,1404,7340,289
-202,2191,581,2183,4672,253
-327,2045,539,2755,993,213
-334,1969,503,2989,89,-754
-317,1927,454,2797,3,-1912
-285,1915,410,2385,200,-2545
-242,1893,381,2590,1262,-2704
-190,1873,336,3312,1940,-2954
-111,1867,257,4274,2634,-2690
-46,1857,221,5314,3295,-2404
-76,1820,201,7249,2072,-2201
-114,1784,144,9564,896,-1535
-149,1822,49,10459,-463,-642
-187,1876,-88,12002,-281,-629
-251,1897,-202,10684,-2203,-1209
-250,1803,-257,13373,-673,-2344
-281,1786,-416,8728,-196,-2703
-344,1746,-408,10483,-1394,-2496
-372,1767,-476,8907,-456,-2426
-353,1771,-598,8008,-104,-2124
-317,1828,-662,6214,-968,-1747
-288,1893,-668,7216,749,-2567
-327,1985,-688,3326,-996,-2677
-250,2026,-563,3747,-1082,-2966
-185,2035,-563,1171,-1293,-2419
-165,2021,-534,-1849,-1617,-1796
-184,1991,-509,-699,606,-1365
-170,2063,-517,-2101,-91,-1109
-118,2157,-544,-2140,2154,-198
-124,2257,-668,-2855,-1451,1120
-79,2282,-741,-5660,4020,1600
-185,2233,-727,-3909,3121,1502
-177,2236,-624,-7225,6724,733
-261,2151,-544,-6526,4021,1021
-341,2037,-538,-4661,3524,1350
-436,1959,-575,-4479,2923,1375
-429,1922,-519,-6147,2578,573
-420,1890,-524,-3551,2507,513
-373,1934,-506,-7234,3788,883
-351,1929,-423,-5649,2765,776
-376,1909,-466,-3800,3047,299
-379,1924,-464,-6416,2754,351
-416,1904,-392,-4923,1121,469
-422,1920,-323,-5101,-1305,459
-391,1918,-294,-5201,654,357
-421,1927,-252,-5518,-1340,627
-390,1955,-194,-5442,-1285,1067
-372,2021,-194,-7048,-1195,1412
-304,2041,-27,-5954,-1428,1225
-232,2012,39,-7036,-43,829
-233,2004,97,-6570,453,736
-268,1967,126,-6788,-280,886
-289,1914,191,-6379,-1147,1225
-187,1878,226,-5457,86,935
-149,1894,246,-5672,784,466
-178,1887,315,-5515,712,464
-221,1840,342,-5242,628,917
-292,1798,342,-4770,-882,1115
-301,1759,361,-4982,-1046,1211
-294,1708,421,-4611,-1175,1225
-239,1685,479,-4639,-353,1287
-290,1651,447,-3214,-3362,1822
-289,1679,359,-2913,-6214,2098
-246,1740,335,-2666,-8004,1619
-103,1886,289,-1359,-8737,226
-14,2119,202,-1506,-7715,-596
-35,2295,161,-2017,-4844,-1220
-84,2332,140,-3390,-1277,-1800
-102,2241,153,-3068,389,-1751
-67,2143,160,-2624,868,-1533
-43,2075,129,-987,13,-928
-3,2062,77,-339,-905,314
48,2092,73,291,-818,611
101,2169,72,589,-472,526
207,2334,25,3666,-1901,293
308,2601,-122,1892,-1575,-260
130,2670,-182,1087,-325,-1020
-178,2547,-206,1159,-425,-946
-310,2350,-209,1478,-2141,-192
-167,2224,-172,1634,-1321,-397
-37,2174,-141,848,-952,-752
74,2137,-50,927,-784,-212
182,2097,38,383,-382,1392
169,2038,77,1286,-995,2211
78,2026,105,796,-1210,2164
9,2012,111,804,-1054,1412
-19,2025,86,191,-429,666
-12,2040,110,233,-677,349
18,2072,120,25,-1155,298
46,2114,112,65,-1311,184
37,2141,111,-464,-1088,450
28,2121,159,-692,170,896
0,2093,170,-862,578,1187
20,2059,222,-888,1229,1088
39,2034,257,-1179,2069,787
21,2010,288,-1548,2744,805
-15,1967,309,-1340,2776,820
-29,1927,319,-1338,3157,850
-19,1894,315,-999,3227,674
-12,1878,323,-1007,2239,613
-23,1882,345,-799,1336,649
-55,1899,378,-751,1184,589
-84,1926,407,-719,1088,466
-109,1959,422,-864,823,316
-124,1980,423,-595,-63,119
-132,1991,418,-634,-556,-127
-136,1984,409,-301,-908,-311
-147,1977,383,-156,-1118,-299
-134,1967,359,64,-1338,-246
-101,1972,338,-3,-1355,-278
-71,1982,338,68,-1010,-347
-36,2001,340,66,-195,-341
-32,2029,328,95,-28,-251
-38,2061,323,284,28,-352
-57,2111,295,439,-231,-338
-47,2147,274,332,113,-391
-43,2157,262,152,662,-443
-59,2128,248,107,702,-404
-76,2086,235,355,222,-238
-53,2055,235,358,66,-154
-12,2036,240,388,300,-119
9,2032,253,241,498,-80
6,2028,261,311,563,12
-18,2026,257,358,124,126
-42,2026,242,515,-110,36
-54,2029,233,587,-27,-122
-45,2041,230,467,327,-192
-35,2048,236,310,423,-117
-25,2042,242,367,592,-18
-28,2034,237,306,634,85
-43,2019,233,245,462,176
-55,2007,233,280,353,203
-58,2004,236,274,357,109
-56,2014,238,304,364,9
-63,2027,236,166,374,24
-71,2028,232,167,385,54
-73,2029,228,112,265,22
-73,2029,234,41,248,86
-71,2025,234,99,157,112
-62,2024,235,224,318,114
-66,2033,234,125,260,126
-62,2044,234,113,223,182
-61,2055,240,-64,327,150
-76,2062,237,-176,192,225
-78,2064,247,-275,283,235
-73,2059,256,-282,329,177
-69,2048,255,-278,208,129
-64,2039,250,-304,218,123
-53,2033,253,-375,280,128
-52,2030,251,-276,317,94
-54,2032,255,-181,256,89
-62,2035,255,-218,271,82
-67,2034,258,-166,222,92
-64,2035,255,-104,157,53
-58,2034,245,-87,249,85
-54,2029,243,-147,328,19
-53,2025,249,-146,469,32
-52,2021,255,-92,521,-10
-55,2017,256,23,505,20
-60,2018,253,92,371,34
-59,2018,245,44,289,12
-55,2020,243,93,325,-47
-62,2025,241,163,224,18
-69,2031,235,104,223,103
-72,2037,242,98,246,139
-68,2043,240,-5,267,145
-64,2043,245,-46,308,120
-66,2040,244,-50,226,118
-64,2035,250,20,260,119
-66,2033,246,-37,168,99
-68,2029,242,28,216,88
-79,2031,237,4,123,118
-87,2036,234,-57,31,125
-77,2040,243,-71,155,118
-66,2039,246,-101,326,69
-70,2030,244,-27,279,146
-73,2026,239,-37,88,195
-70,2021,239,36,104,100
-69,2023,240,33,138,99
-71,2029,234,-28,155,123
-72,2030,237,73,185,77
-74,2035,233,-53,197,65
-68,2037,236,36,212,1
-67,2044,242,-89,374,33
-67,2045,239,-67,389,8
-62,2038,229,-116,564,9
-68,2028,228,-75,550,19
-75,2023,230,24,417,48
-71,2025,225,73,335,27
-69,2031,221,27,389,33
-73,2037,223,-17,406,25
-79,2039,220,-81,317,69
-82,2035,219,-9,177,129
-80,2034,219,-83,98,133
-72,2036,223,-34,212,150
-69,2041,222,-67,95,242
-67,2046,225,-64,-24,263
-75,2046,222,-95,-157,281
-70,2046,214,-145,-377,237
-66,2046,210,-108,-539,270
-65,2047,215,-146,-449,291
-63,2045,210,-246,-289,393
-58,2041,219,-236,-192,367
-53,2033,223,-236,-94,321
-63,2031,230,-137,-353,326
-50,2033,234,-166,-293,314
-42,2037,237,-260,-90,225
-45,2039,244,-272,-87,195
-42,2038,247,-347,-75,202
-47,2030,244,-402,-43,165
-44,2021,245,-298,235,118
-49,2016,247,-296,314,110
-52,2018,250,-393,233,182
-44,2021,252,-348,259,205
-37,2029,251,-267,475,99
-48,2031,246,-251,353,119
-60,2030,242,-180,134,171
-66,2031,241,-194,-42,151
-57,2030,247,-245,-21,108
-51,2026,249,-295,-95,60
-52,2018,250,-300,-111,70
-59,2012,240,-302,-267,128
-56,2017,220,-230,-658,117
-46,2036,171,-318,-719,-61
-29,2062,118,-598,-333,-296
-7,2081,75,-828,-430,-476
20,2083,35,-873,-861,-462
31,2051,-19,-657,-1054,-335
37,2011,-73,-385,-853,-172
37,1998,-135,-636,-616,42
44,1997,-163,-202,-557,233
72,2024,-166,532,-683,321
102,2080,-190,873,-968,482
142,2130,-211,1884,-518,511
163,2190,-251,2340,-1075,623
188,2264,-264,2912,-1178,796
210,2347,-242,3641,-525,972
222,2437,-209,3730,465,1185
232,2520,-129,3586,1073,1246
247,2548,-35,3505,2358,1195
251,2534,80,3525,3192,1019
236,2483,238,2979,4475,695
184,2376,384,2549,6507,452
30,2225,513,2173,6993,276
-136,2082,540,2660,4763,64
-251,1976,526,3293,2881,-195
-279,1890,488,3369,2791,-1210
-248,1846,447,3443,2948,-2143
-232,1840,388,3610,3272,-2584
-222,1845,316,3802,3482,-2722
-196,1823,243,3921,3865,-2654
-194,1791,171,4251,3566,-2161
-255,1772,90,5244,1279,-1504
-292,1807,47,5526,112,-969
-304,1854,40,6400,-1492,-858
-269,1897,11,7711,-2198,-1093
-259,1904,-46,9788,-3270,-1518
-254,1922,-124,9668,-2801,-2229
-269,1900,-123,9942,-3242,-2936
-309,1810,-77,11431,-4672,-3682
-348,1736,-225,6610,-3583,-4205
-403,1656,-208,9754,-4333,-3939
-455,1660,-347,10442,-3959,-3484
-501,1781,-486,8779,-5124,-2962
-465,1914,-595,6660,-3961,-2891
-389,2005,-650,3910,-3699,-3398
-316,2004,-602,2779,-2638,-3967
-286,1954,-613,2703,-1876,-3955
-236,1953,-587,2705,-1120,-3001
-164,2068,-560,1187,123,-1374
-181,2164,-525,1010,-1020,138
-219,2235,-550,-2556,-3458,811
-242,2218,-586,-1601,-102,692
-316,2225,-701,-2483,-390,1201
-342,2261,-665,-4562,798,2099
-391,2218,-684,-5698,1295,2214
-422,2146,-640,-4708,1237,1998
-379,2101,-565,-4463,3405,1339
-402,2022,-650,-5716,1412,1422
-387,1965,-550,-5587,2083,1307
-449,1934,-576,-5510,535,1036
-513,1921,-484,-5750,1799,614
-536,1891,-431,-5712,1855,24
-530,1922,-472,-6336,417,630
-445,1958,-448,-5945,718,953
-378,1978,-329,-8562,2741,427
-379,1923,-223,-4319,5588,239
-426,1922,-315,-4914,4893,897
-443,1973,-298,-6953,2810,1378
-393,1956,-224,-6393,2312,867
-417,1944,-207,-5001,824,606
-400,1943,-146,-6357,3883,782
-463,1923,-162,-5123,-515,983
-436,1934,-127,-6347,-219,1251
-390,1931,-37,-4720,-771,1243
-369,1934,-20,-4073,-1598,1174
-342,1956,-33,-3422,-1312,1107
-358,1998,-38,-4291,-726,1244
-367,2010,0,-4329,-2199,1189
-307,1988,82,-4591,-2315,1034
-258,1959,128,-3465,-473,797
-324,1985,135,-4503,-479,819
-341,1971,206,-4040,-1103,965
-320,1951,240,-5101,-1243,907
-213,1893,320,-4558,176,690
-180,1902,350,-4106,331,573
-204,1908,420,-4518,-21,874
-246,1878,443,-3630,-1000,1087
-270,1870,417,-3972,-1659,1056
-230,1841,456,-3781,-494,1081
-275,1857,452,-4054,-2159,1297
-288,1853,470,-3713,-2611,1384
-319,1835,451,-4095,-2169,1178
-348,1796,462,-4624,-1870,1035
-313,1766,524,-3411,-1063,697
-323,1786,531,-3144,-1691,441
-282,1796,487,-1749,-1844,-24
-270,1778,448,-297,-1644,-255
-229,1764,450,349,-181,-148
-152,1756,439,584,501,-115
-55,1772,435,1599,1113,-115
20,1829,470,1152,2518,144
43,1920,560,1215,3828,676
10,2057,564,1299,3900,603
-61,2143,502,1454,3934,264
-122,2204,456,1639,3097,-124
-115,2255,415,2022,3182,-379
-92,2322,368,1745,2689,-455
-68,2388,339,1482,1722,-215
-22,2461,296,2751,310,2
54,2658,121,3737,-1792,-381
24,2760,-30,2070,-760,-588
-195,2671,-123,2082,310,-1082
-387,2483,-217,997,276,-1123
-332,2241,-200,1901,201,-178
-110,2167,-141,1480,1738,699
66,2142,-107,618,2463,818
97,2022,-114,968,3986,1728
-27,1931,-152,1890,3418,2668
-97,1922,-159,806,2888,2716
-106,1922,-109,1150,2235,1814
-65,1909,-88,1535,2463,678
-118,1962,-39,703,2539,106
-283,2051,83,214,646,128
-331,2025,96,-62,-240,-407
-238,2014,83,231,1968,-855
-177,2080,98,-614,1456,-674
-136,2085,136,-907,1267,166
-155,2058,146,-914,124,682
-179,2024,150,-872,-80,803
-182,2009,164,-950,218,552
-172,2006,175,-889,457,154
-169,2000,160,-973,679,3
-207,1982,156,-529,-88,67
-226,1980,151,-397,-633,77
-212,1985,143,-241,-700,17
-201,2002,163,-99,-844,213
-189,2023,177,-279,-739,495
-173,2030,195,-211,-221,726
-153,2043,212,-348,242,761
-147,2051,230,-332,492,721
-147,2056,240,-282,268,712
-151,2058,241,-413,154,669
-171,2045,243,-512,-446,636
-178,2032,251,-316,-514,581
-179,2031,245,-410,-487,650
-168,2031,242,-321,-577,623
-155,2030,247,-325,-813,599
-137,2021,259,-279,-963,456
-127,2013,255,-143,-906,401
-125,2017,249,2,-738,453
-129,2029,245,-19,-580,511
-133,2032,238,-55,-403,562
-133,2037,246,19,-232,609
-131,2044,250,-97,-159,587
-124,2047,253,-162,-103,547
-120,2047,253,-190,-60,537
-123,2046,260,-238,-10,487
-123,2043,271,-277,81,439
-116,2049,271,-424,85,452
-109,2043,274,-315,359,407
-104,2035,268,-330,524,357
-102,2028,258,-240,632,352
-109,2025,246,-268,427,384
-108,2026,252,-228,384,368
-112,2028,260,-214,324,310
-115,2026,260,-240,159,370
-118,2022,249,-27,47,403
-119,2025,245,-70,-168,458
-107,2023,239,7,-171,428
-105,2023,236,55,-217,336
-107,2028,231,248,-146,268
-114,2043,214,4,-75,271
-112,2046,219,2,30,299
-94,2043,227,75,164,296
-81,2041,238,-59,394,260
-78,2029,244,2,476,294
-77,2020,240,48,516,273
-83,2017,236,152,373,269
-87,2027,235,210,160,244
-86,2044,234,140,115,177
-78,2055,241,-21,336,63
-86,2058,246,-92,436,108
-97,2053,243,-157,579,119
-103,2045,237,-145,514,206
-88,2035,240,-164,521,167
-72,2024,246,-282,683,146
-72,2016,246,-226,616,177
-78,2007,247,-154,410,166
-90,2003,233,-98,336,200
-100,2008,233,80,322,208
-103,2026,233,-34,365,207
-100,2041,235,-202,240,166
-94,2041,235,-125,303,149
-97,2041,232,-102,269,141
-97,2035,237,-47,223,167
-90,2030,239,-140,125,169
-79,2026,244,-86,78,127
-84,2032,248,54,139,170
-94,2037,244,-122,121,165
-103,2036,242,-148,-110,149
-102,2031,242,63,-105,113
-104,2033,237,-47,-136,122
-92,2036,238,41,-6,161
-84,2041,236,-36,144,141
-88,2042,233,24,175,182
-92,2043,232,15,220,213
-96,2048,225,102,164,213
-88,2053,224,18,88,236
-80,2054,220,-66,129,242
-76,2049,228,-67,250,234
-72,2045,236,-177,285,206
-66,2038,240,-132,239,219
-71,2028,242,-39,119,217
-68,2014,236,95,185,143
-70,2006,226,118,178,71
-73,2004,219,211,103,47
-82,2012,218,311,-146,139
-84,2020,220,268,39,49
-92,2026,219,294,140,93
-90,2025,217,293,87,144
-80,2026,222,263,92,148
-67,2028,223,280,242,134
-55,2031,227,160,300,130
-56,2033,226,140,435,148
-69,2047,223,112,382,227
-78,2053,222,53,347,246
-82,2055,221,59,82,232
-75,2053,217,79,28,136
-65,2050,216,21,92,106
-51,2043,214,-63,248,112
-47,2035,216,-80,405,176
-51,2027,211,-35,319,198
-55,2025,208,89,224,251
-59,2030,202,121,174,237
-61,2036,199,51,378,180
-62,2040,197,14,352,150
-60,2045,197,42,350,156
-62,2047,196,48,253,146
-63,2048,198,-35,263,184
-61,2053,200,-65,411,215
-59,2050,207,-161,434,238
-55,2050,212,-185,421,255
-55,2044,209,-117,265,214
-63,2041,202,-150,198,206
-71,2038,202,-196,292,182
-73,2036,210,-201,574,158
-71,2039,213,-295,759,101
-75,2039,216,-293,857,118
-82,2039,215,-395,638,160
-82,2028,220,-221,415,151
-78,2022,216,-164,254,55
-80,2015,213,-78,-49,90
-87,2018,195,-106,-189,120
-88,2020,200,-85,-9,105
-87,2034,211,-226,126,147
-81,2047,220,-246,131,138
-75,2046,216,-303,-59,165
-84,2033,193,-385,-478,121
-89,2019,175,-209,-859,22
-78,2028,146,-373,-1386,-42
-48,2045,115,-574,-1803,-219
-14,2052,76,-690,-2234,-441
21,2044,15,-744,-2217,-561
29,2017,-68,-706,-1864,-453
17,1995,-152,-851,-1877,-114
26,1986,-194,-744,-1767,63
52,1992,-222,-450,-1904,252
84,2008,-252,207,-2014,469
112,2058,-282,785,-1704,739
143,2129,-306,1229,-1745,901
189,2200,-319,1710,-1137,1001
190,2263,-319,2106,-703,1068
158,2298,-330,3264,-351,1088
127,2372,-344,3745,109,912
176,2463,-315,4312,2551,584
245,2601,-176,3381,5212,416
329,2718,24,2655,6990,251
334,2764,224,2429,6956,200
269,2704,381,1641,6968,89
45,2503,483,1548,6866,91
-199,2237,510,1310,5542,194
-288,1995,514,2447,3510,-86
-280,1876,492,1831,2087,-560
-239,1806,480,1749,1729,-1510
-248,1743,466,2219,1633,-2108
-275,1703,416,2511,2293,-2219
-321,1669,348,3488,2409,-2174
-321,1657,270,4011,2277,-1772
-296,1676,230,4955,1505,-1415
-266,1694,197,6184,1253,-1369
-265,1702,183,7115,732,-1252
-290,1712,148,8605,628,-990
-348,1761,81,9974,-219,-614
-405,1815,5,11518,-1813,-862
-486,1838,-189,11988,-5484,-1280
-516,1830,-325,11384,-7320,-1564
-500,1798,-440,10562,-8816,-1623
-430,1789,-457,12407,-8823,-1933
-339,1863,-518,10799,-7794,-1830
-297,1914,-569,9286,-6647,-1834
-299,1916,-619,7148,-4594,-2152
-328,1876,-686,4972,-5015,-2189
-356,1901,-628,2335,-4909,-2385
-324,1914,-492,3799,-3424,-2700
-247,1950,-488,2413,-4192,-1675
-159,2091,-484,210,-4373,-272
-104,2221,-500,470,-1547,613
-158,2323,-574,-286,-5362,1917
-177,2319,-645,-687,-3141,2805
-153,2311,-774,-2292,312,2641
-189,2330,-780,-6900,2161,2972
-298,2274,-768,-3966,1585,2743
-285,2226,-714,-7596,3689,2513
-261,2117,-647,-7202,3075,2082
-233,2010,-584,-7424,2831,1694
-210,1913,-523,-6973,4826,916
-308,1842,-577,-7163,4731,630
-389,1825,-543,-7710,1926,793
-343,1826,-445,-6157,3399,406
-283,1906,-419,-7517,5178,118
-340,1927,-441,-7654,4240,429
-354,1969,-394,-7104,3331,700
-309,2027,-324,-9530,4694,347
-340,2016,-198,-9925,4688,-14
-398,1938,-174,-5608,1378,136
-375,1976,-167,-7330,1092,661
-340,1985,-83,-8252,460,725
-308,1957,45,-7790,440,515
-229,1870,189,-5932,2181,236
-299,1843,135,-5701,1372,335
-377,1869,114,-5317,183,718
-378,1890,122,-6179,-330,779
-329,1854,193,-4758,-131,568
-282,1875,227,-4783,456,-126
-295,1899,271,-4537,150,-71
-287,1910,321,-4192,-397,400
-273,1916,353,-4386,-1,712
-267,1891,379,-4009,-417,758
-258,1886,424,-3931,152,830
-292,1895,477,-3948,962,1060
-351,1903,520,-3697,128,1141
-348,1871,585,-3079,-1485,1147
-291,1789,544,-3805,-1560,779
-267,1681,552,-1974,-1735,485
-200,1677,519,-2705,1376,515
-284,1657,428,-436,-2726,1469
-251,1722,385,-333,-6322,2142
-132,1783,387,264,-6629,1796
-33,1887,389,1160,-5573,1004
-2,2056,355,1262,-4969,748
20,2197,323,460,-2922,468
12,2211,312,-298,-1298,70
-1,2154,360,-444,-80,514
-35,2110,337,716,-1570,954
-6,2127,264,1641,-2640,1051
0,2179,178,1920,-2469,593
10,2261,126,1679,-2081,202
65,2343,118,1441,-428,155
101,2410,107,976,707,161
106,2434,109,853,672,390
108,2419,116,794,977,1065
80,2375,95,819,906,1241
63,2307,89,1118,712,787
61,2256,70,1059,1080,482
76,2220,52,1106,1423,120
67,2192,33,909,1493,-165
47,2160,38,992,1774,-187
4,2147,26,757,1696,-2
-4,2125,50,663,1508,-156
-9,2096,79,638,1488,-155
-12,2065,85,522,1210,-7
-4,2028,104,576,1333,74
1,1995,115,415,1870,9
-14,1971,122,440,2024,10
-26,1959,127,400,1902,44
-40,1961,134,190,2201,49
-56,1969,144,-83,1812,-21
-71,1960,159,-93,1774,48
-78,1963,179,-336,1727,168
-76,1979,199,-114,1112,158
-65,2006,202,-191,744,43
-69,2022,211,-400,731,-58
-85,2040,224,-337,638,-100
-102,2047,222,-360,348,-198
-119,2041,217,-183,-176,-220
-111,2040,211,-270,68,-161
-86,2039,213,-277,415,-91
-67,2038,208,-356,553,-74
-59,2037,216,-252,409,-68
-60,2033,219,-6,70,-111
-78,2025,212,244,-221,-107
-87,2023,200,503,-381,-135
-84,2025,186,546,-265,-185
-79,2028,176,471,-225,-235
-77,2033,191,399,-73,-127
-78,2040,186,295,142,26
-74,2037,195,312,384,157
-77,2038,208,292,696,250
-78,2041,217,129,693,297
-68,2042,225,8,759,249
-60,2043,230,-72,1281,147
-73,2035,231,45,928,69
-88,2030,224,331,544,95
-97,2033,219,208,493,34
-106,2036,219,203,399,-30
-110,2045,219,175,374,-84
-105,2051,213,66,422,-50
-108,2053,209,92,304,-23
-107,2050,208,-42,316,70
-104,2046,208,85,36,83
-101,2042,208,204,99,128
-106,2037,196,108,259,152
-117,2033,182,177,233,215
-110,2034,177,135,228,222
-102,2036,182,115,144,128
-98,2037,185,131,216,28
-100,2038,178,149,215,44
-104,2035,175,154,191,36
-109,2028,169,210,-60,63
-104,2025,162,270,-120,93
-99,2030,165,282,22,48
-94,2035,167,185,63,15
-87,2040,169,177,89,80
-88,2052,159,34,369,180
-98,2050,162,222,311,281
-97,2053,165,93,134,298
-95,2050,164,118,60,222
-88,2048,172,7,114,180
-78,2048,184,-77,247,189
-78,2047,189,57,244,236
-82,2049,177,37,248,273
-89,2043,168,15,138,259
-91,2038,166,48,114,174
-88,2038,170,30,298,161
-84,2038,170,-17,453,150
-90,2042,165,-26,365,203
-93,2040,164,-70,344,245
-88,2037,166,-29,289,186
-84,2037,165,8,191,167
-80,2040,166,29,272,181
-89,2043,161,61,180,234
-93,2042,155,107,70,218
-89,2046,151,116,-134,173
-83,2053,152,56,-137,191
-74,2057,154,25,146,158
-74,2057,158,-137,406,246
-84,2050,167,-33,266,318
-84,2045,163,-90,241,386
-79,2041,166,-63,189,328
-72,2044,165,-120,144,251
-67,2043,167,-77,61,203
-68,2041,162,-105,86,228
-77,2043,163,-86,252,257
-86,2045,162,-308,235,307
-79,2040,174,-208,176,313
-72,2037,175,-212,260,266
-76,2032,173,-183,273,288
-74,2029,174,-78,257,219
-66,2030,181,-258,261,167
-64,2027,183,-15,225,155
-73,2027,177,7,158,168
-84,2031,168,9,27,161
-88,2039,167,98,-167,133
-72,2050,169,-6,-65,134
-62,2054,173,-68,26,158
-65,2052,172,10,74,257
-74,2049,168,69,87,325
-75,2047,166,-34,-109,331
-66,2042,169,25,2,280
-64,2041,165,32,-15,255
-62,2042,153,-22,68,254
-64,2039,152,-34,71,191
-69,2037,149,-26,-19,181
-70,2038,152,8,-13,168
-62,2044,148,-57,133,204
-55,2049,152,-36,251,179
-52,2054,155,-158,369,175
-60,2048,155,-83,268,187
-66,2044,158,-18,35,298
-61,2043,165,-57,-140,336
-60,2040,168,87,-294,371
-60,2041,166,109,-275,395
-55,2049,157,58,-134,435
-56,2058,148,-1,-283,387
-52,2059,149,-100,-227,307
-53,2057,149,-72,-115,295
-49,2056,147,-95,-77,288
-44,2053,150,-160,44,272
-31,2046,154,-350,285,236
-33,2031,161,-150,180,239
-36,2024,161,-127,125,264
-37,2022,160,-78,168,248
-30,2024,156,-174,279,226
-27,2026,157,-110,336,192
-38,2031,156,11,84,211
-41,2038,152,-18,166,257
-49,2045,152,-66,97,338
-43,2050,156,-44,13,355
-31,2053,156,-106,14,369
-26,2052,153,-70,84,335
-33,2048,153,-99,3,283
-35,2045,160,-146,113,299
-34,2044,165,-323,160,267
-37,2036,163,-348,-7,256
-40,2026,153,-295,-384,251
-36,2019,134,-194,-761,193
-28,2026,110,-269,-1005,76
-16,2042,86,-494,-813,-72
-12,2057,57,-687,-920,-231
-3,2055,18,-842,-1160,-430
29,2039,-35,-840,-1417,-607
68,2023,-81,-721,-1216,-527
96,2024,-125,-749,-639,-328
101,2036,-172,-526,-1202,12
113,2054,-206,-379,-1644,386
123,2076,-256,247,-2454,609
164,2111,-292,859,-2701,751
225,2159,-330,1249,-1760,766
274,2222,-365,1699,-1255,527
333,2295,-319,1317,498,349
409,2358,-231,1313,5546,185
360,2422,-206,2120,5972,531
280,2485,-177,2310,6260,980
247,2514,-128,2195,6809,918
216,2480,-75,2862,7046,805
177,2422,-25,3073,7010,653
120,2349,73,2653,7657,602
4,2234,173,2283,7381,412
-140,2086,267,2243,6519,370
-253,1943,348,2906,3734,167
-288,1881,373,3411,1178,-299
-279,1889,373,3145,886,-1355
-333,1880,349,3151,507,-2425
-324,1860,323,3356,930,-2781
-277,1836,294,3349,1972,-2875
-230,1804,262,4411,1519,-2666
-195,1770,211,4768,1508,-2171
-216,1720,171,6016,1741,-1718
-263,1700,135,6405,1958,-660
-305,1685,112,7439,1003,354
-264,1695,100,9805,-318,509
-221,1706,-57,9827,-1584,-72
-206,1708,-188,12524,-2756,-1007
-253,1767,-330,8897,-2206,-1198
-302,1764,-381,9410,-1973,-1347
-374,1752,-431,8766,-1798,-1347
-529,1777,-568,8971,-5522,-1054
-567,1869,-609,10076,-6419,-1700
-488,2010,-693,7973,-4201,-1900
-398,2127,-766,6021,-2852,-1802
-367,2193,-705,5220,-5936,-1914
-254,2240,-667,2951,-5119,-2222
-135,2240,-634,107,-4377,-1508
-54,2225,-515,-1,-2954,-859
-94,2295,-480,-2382,-3158,-503
-141,2335,-445,-3150,-3064,141
-155,2309,-501,-3158,-3406,1374
-120,2234,-576,-2415,-2655,2444
-129,2170,-637,-5390,-2876,2915
-210,2120,-629,-3548,-2556,3147
-261,2160,-582,-6467,-417,2836
-252,2117,-577,-6247,498,1938
-148,2046,-536,-5587,3024,1431
-131,1985,-562,-6929,2210,1211
-154,1927,-501,-5770,3144,1243
-219,1901,-512,-5731,3253,1321
-284,1890,-514,-4845,189,1569
-248,1905,-459,-6456,3695,934
-328,1889,-464,-5279,1448,739
-374,1905,-415,-6209,1929,423
-395,1950,-356,-6722,885,489
-337,1991,-268,-8217,2421,208
-282,1968,-179,-7643,3737,-473
-253,1900,-142,-7842,3787,-833
-301,1857,-108,-5551,2191,61
-312,1936,-135,-10085,2052,1077
-269,1913,-10,-5574,1357,779
-235,1945,46,-7850,1659,507
-206,1945,142,-6196,1688,643
-227,1957,96,-5997,1157,575
-244,1958,110,-7292,850,455
-251,1900,172,-6904,1119,580
-255,1848,257,-6538,1632,518
-266,1811,315,-5132,1973,244
-321,1852,346,-5000,1726,189
-300,1872,344,-4295,1187,292
-202,1885,374,-3809,1579,-99
-217,1897,403,-3812,1101,0
-261,1901,444,-3108,949,320
-278,1905,489,-3630,1066,491
-275,1874,525,-2971,853,488
-263,1838,537,-3124,554,559
-268,1767,544,-2129,273,758
-274,1745,509,-1974,491,1023
-301,1720,470,-1033,-1194,1460
-266,1728,407,-787,-2071,1362
-240,1758,384,171,-2088,947
-215,1837,358,476,-1952,420
-173,1946,336,448,-1332,210
-137,2039,323,290,-761,42
-137,2072,352,29,-957,100
-100,2114,382,1294,-2797,388
-57,2217,338,1922,-4350,70
-66,2307,262,2619,-4320,-446
-77,2385,186,2287,-2643,-256
-55,2439,152,1956,-679,18
-21,2451,153,1405,471,350
11,2419,153,1418,452,818
27,2365,143,1697,-212,1173
20,2301,119,1691,-700,1373
30,2253,95,1744,-606,1234
49,2230,88,1605,-382,1034
67,2223,80,1716,-24,815
63,2212,56,1393,137,645
48,2190,53,1427,361,603
28,2162,45,1170,355,606
24,2125,43,1005,439,622
27,2090,50,1056,350,544
37,2054,65,808,471,555
39,2023,77,774,821,640
30,1997,79,767,1125,550
7,1982,85,520,1392,575
-15,1968,93,472,1322,662
-23,1954,100,436,1308,771
-32,1953,97,397,722,848
-22,1967,111,446,628,789
-20,1982,112,125,146,598
-27,1979,118,469,-383,438
-29,1988,113,255,-253,431
-23,1995,110,359,-485,401
-13,2009,112,297,-653,463
-1,2030,122,413,-817,548
-15,2053,119,351,-899,704
-20,2061,124,348,-790,683
-17,2071,123,375,-637,597
-12,2084,127,322,-589,511
-5,2099,135,218,-615,451
13,2107,140,-66,-625,330
14,2103,148,41,-856,308
24,2095,152,-243,-454,295
8,2083,166,-413,-406,401
-1,2069,171,-528,-288,483
1,2048,186,-633,40,527
11,2024,188,-449,78,481
23,2011,182,-356,235,351
13,2007,174,-380,197,219
-3,1999,171,-454,371,59
-21,1992,179,-408,356,15
-18,1991,188,-362,488,-40
-18,1995,192,-292,303,-20
-17,2001,194,-154,-58,-47
-15,2005,193,-9,-264,-86
-14,2018,198,-76,-18,-168
-24,2025,194,46,-39,-158
-19,2032,186,100,24,-93
-5,2038,178,120,107,-9
4,2044,180,115,164,-23
4,2046,183,97,120,16
2,2044,181,-21,72,3
-10,2038,184,276,40,24
-18,2050,169,114,63,17
-16,2049,161,143,-24,-16
1,2050,163,178,68,-20
11,2049,163,215,116,9
10,2045,162,152,347,46
0,2039,158,89,447,149
-3,2035,158,248,312,174
6,2041,156,154,473,144
4,2045,154,195,470,127
-1,2050,146,255,445,157
-4,2052,136,311,221,153
0,2055,138,180,440,85
3,2054,141,178,704,36
-1,2053,133,189,629,-2
-2,2049,134,218,616,-22
-2,2051,132,188,528,12
-7,2048,136,172,546,24
-25,2042,135,180,414,138
-30,2043,133,207,315,213
-31,2043,140,169,327,224
-26,2046,147,216,432,229
-15,2053,143,154,516,165
-12,2057,142,92,464,120
-17,2053,140,101,483,78
-25,2049,136,62,420,13
-30,2047,133,130,174,-18
-28,2044,127,78,180,-68
-17,2045,129,13,587,-49
-20,2053,128,-19,679,51
-21,2054,129,-82,601,54
-29,2050,133,3,223,127
-28,2045,126,107,112,174
-24,2042,120,128,217,90
-19,2037,115,85,380,64
-22,2035,108,111,170,102
-15,2043,115,80,135,102
-14,2048,120,61,191,134
-21,2051,118,14,79,144
-20,2050,118,86,139,139
-18,2049,117,5,40,69
-18,2049,117,25,80,57
-11,2049,120,-35,209,103
-11,2048,124,-70,200,129
-14,2048,117,-40,221,174
-13,2045,114,-9,404,205
-18,2041,113,-31,349,178
-16,2040,114,43,224,144
-17,2043,118,40,235,112
-17,2045,115,30,277,92
-21,2048,119,-68,321,62
-25,2046,120,-62,162,100
-21,2045,122,25,350,72
-16,2046,123,-49,414,1
-15,2043,125,76,258,-4
-7,2042,116,-37,301,-21
-6,2038,118,-27,397,-22
-23,2047,106,28,271,32
-28,2049,109,-17,349,47
-26,2052,114,-100,264,20
-21,2049,115,-10,233,23
-18,2044,114,108,154,10
-14,2045,110,-18,50,55
-15,2045,114,61,93,74
-17,2048,114,-29,93,59
-12,2050,116,58,166,78
-15,2055,115,64,116,118
-17,2057,109,-33,102,108
-16,2054,106,1,18,78
-12,2049,109,48,105,68
-11,2048,106,-68,238,35
-11,2046,107,-11,214,13
-13,2048,107,-51,291,44
-22,2046,105,-57,191,109
-22,2043,107,-12,304,16
-20,2042,106,41,282,-21
-19,2043,106,-14,504,-43
-24,2046,102,-68,542,-70
-31,2047,103,-16,657,-39
-38,2045,101,-101,505,-72
-44,2043,96,-65,365,-91
-45,2037,97,-13,221,-120
-39,2033,98,-44,234,-131
-29,2026,95,-115,208,-147
-25,2022,93,-54,135,-125
-39,2032,77,47,63,-37
-45,2039,69,-117,-49,-1
-39,2043,66,-254,-257,-3
-33,2047,55,-345,-403,-35
-32,2048,37,-403,-754,-167
-25,2059,11,-673,-1142,-284
-22,2074,-22,-844,-1782,-499
-10,2079,-50,-1142,-2217,-732
19,2063,-89,-1407,-1748,-900
45,2039,-145,-1742,-849,-925
58,2007,-188,-1632,-837,-675
42,1984,-229,-1352,-1806,-2
38,1988,-252,-679,-2541,570
71,2032,-277,-173,-2574,922
131,2097,-300,96,-1958,1060
192,2160,-318,477,-955,1135
202,2195,-348,1655,-477,1238
185,2236,-387,2309,64,1435
178,2310,-390,3028,1088,1242
197,2422,-365,3337,2614,808
229,2530,-276,3541,4531,460
259,2627,-135,3025,5317,198
248,2655,49,3478,4959,146
185,2601,202,2648,4756,186
57,2430,336,2604,5284,33
-101,2191,419,2758,4989,-136
-213,1973,427,3800,2985,-257
-274,1852,367,4390,701,-608
-272,1811,319,4295,708,-1345
-255,1817,277,3745,835,-1781
-225,1839,283,3775,1271,-2100
-186,1843,242,4313,2086,-2342
-149,1843,176,4899,1990,-2242
-147,1860,118,4717,1421,-1646
-190,1854,105,5675,-225,-1283
-226,1830,110,6219,-272,-1290
-289,1772,61,8472,-1144,-1102
-319,1772,-31,10079,-2793,-867
-352,1806,-178,11079,-4479,-753
-373,1808,-322,10664,-4870,-1402
-396,1737,-429,10813,-5783,-2101
-372,1682,-578,8051,-4645,-2035
-267,1671,-561,7775,-1255,-2452
-268,1667,-548,10439,-2742,-3004
-273,1791,-592,9818,-3007,-3049
-317,1919,-699,8026,-3181,-2882
-376,1996,-725,5279,-2618,-3228
-405,2038,-678,4460,-3572,-3972
-335,2051,-688,2354,-1779,-4443
-294,2068,-658,-278,-3099,-2869
-215,2084,-613,-48,-1370,-1114
-147,2178,-589,-1819,-505,94
-117,2254,-587,-4164,-1115,339
-157,2223,-604,-2549,252,696
-218,2209,-647,-2306,-3485,1419
-147,2208,-729,-1665,1965,2089
-180,2209,-773,-4094,10,1998
-262,2169,-798,-6699,4023,1644
-337,2137,-715,-5463,5069,401
-407,2088,-706,-6192,4571,681
-403,2037,-653,-5943,4237,1247
-417,1978,-658,-6231,2592,1624
-418,1939,-633,-7334,2820,1435
-404,1905,-584,-6288,3509,1104
-403,1890,-562,-7737,3818,1174
-405,1850,-509,-6353,3787,874
-427,1842,-545,-6121,1789,1259
-337,1891,-435,-6990,4337,843
-347,1887,-394,-6424,2555,616
-354,1836,-385,-5293,3711,891
-406,1842,-383,-7898,2529,979
-456,1858,-317,-5809,397,1131
-455,1918,-278,-5288,-1892,1584
-412,1914,-195,-3773,-2674,1762
-381,1885,-153,-3740,-1469,1516
-348,1883,-87,-4420,-746,1559
-269,1914,-14,-5051,-586,1614
-232,1913,67,-4375,-1081,1172
-216,1897,122,-4200,-255,1413
-219,1918,166,-4062,784,1349
-240,1955,241,-4578,1515,1530
-230,1973,281,-5097,15,1400
-206,1978,384,-5613,-312,1322
-236,1953,492,-5413,212,1227
-282,1916,551,-5627,1398,1403
-277,1850,562,-4711,2277,1106
-279,1818,552,-4848,2735,731
-304,1792,559,-3753,-9,593
-305,1784,520,-4015,-1724,577
-316,1748,412,-2992,-4730,913
-232,1749,333,-2385,-5118,850
-86,1797,240,-1360,-4163,289
39,1942,163,145,-3783,-626
54,2091,89,-331,-2730,-1190
9,2141,85,-148,-1178,-1366
-42,2144,50,501,-2062,-554
-6,2175,-21,1919,-2049,40
63,2225,-160,2175,-3530,-203
106,2279,-259,3299,-4470,-287
118,2337,-304,2916,-3081,-225
92,2367,-299,2316,-1748,-62
58,2340,-272,1564,-651,216
25,2274,-272,1183,-198,494
11,2197,-233,743,180,828
9,2134,-195,374,76,1203
25,2102,-119,-136,681,1118
44,2099,-67,-637,1326,975
53,2107,-15,-964,1016,830
69,2134,22,-723,694,643
83,2177,22,-413,1655,393
65,2233,-46,120,-49,316
72,2283,-83,-133,592,129
-4,2257,-88,-184,1540,104
-138,2177,-111,430,474,227
-159,2119,-125,-181,814,104
-85,2076,-78,-285,1239,-84
-7,2059,5,-858,1826,88
44,2036,85,-500,1555,479
39,2018,109,-960,1276,762
8,2001,113,-313,361,756
-10,2014,141,-295,16,459
-20,2029,161,-531,198,52
-58,2033,164,-365,203,-115
-81,2031,149,-96,872,-162
-86,2058,134,-461,984,-85
-59,2075,152,-458,1283,59
-42,2079,173,-520,1121,171
-57,2065,187,-365,645,288
-64,2037,182,0,600,219
-77,2017,171,65,661,101
-91,2007,162,23,644,106
-86,2009,158,-28,683,87
-80,2017,168,-98,676,129
-79,2032,167,-130,603,184
-82,2034,172,58,177,153
-91,2031,170,182,-51,169
-96,2028,161,240,-113,144
-97,2031,144,299,-239,175
-89,2035,141,152,-127,228
-82,2047,142,112,36,249
-73,2062,141,-48,401,201
-78,2071,142,-23,516,166
-83,2079,148,-97,610,172
-83,2080,137,-176,796,194
-72,2071,150,-212,933,161
-51,2059,151,-53,945,84
-37,2042,153,-48,807,37
-55,2028,149,28,617,18
-86,2025,139,134,231,80
-99,2031,131,115,132,38
-98,2039,129,27,122,-37
-84,2045,123,-34,275,-20
-79,2042,120,85,183,19
-70,2035,118,56,141,81
-60,2035,122,-4,331,188
-56,2036,128,-33,204,198
-51,2039,134,46,251,220
-56,2043,139,-14,276,277
-69,2041,137,41,229,310
-79,2037,129,67,112,227
-84,2033,124,37,-31,210
-80,2034,124,93,-121,212
-70,2038,127,77,-183,189
-59,2043,129,-56,-45,169
-55,2044,139,40,19,157
-55,2041,138,-17,89,165
-56,2040,135,42,122,134
-51,2047,135,63,155,80
-46,2058,137,-94,326,65
-39,2064,131,-236,439,73
-47,2063,134,-111,445,70
-68,2068,120,-172,448,131
-77,2060,124,-139,493,105
-76,2052,128,-147,441,79
-65,2044,129,-112,337,84
-56,2040,130,-169,335,94
-53,2036,137,-90,543,81
-64,2034,140,-53,356,100
-73,2038,141,34,218,120
-70,2043,142,21,139,56
-74,2044,140,63,24,75
-70,2048,133,26,65,109
-63,2053,131,-83,183,106
-61,2059,132,-82,300,112
-53,2062,134,-197,486,118
-53,2054,135,-262,599,55
-63,2038,132,-126,590,96
-73,2031,129,-146,430,98
-76,2032,134,-71,345,46
-77,2034,127,-68,222,72
-76,2035,125,-50,192,123
-74,2038,123,-12,265,87
-72,2035,121,14,247,119
-75,2033,117,46,202,145
-77,2033,113,75,76,159
-74,2035,111,-1,60,167
-72,2035,115,66,-74,172
-65,2036,118,27,-38,173
-65,2035,118,117,-1,191
-80,2049,111,251,73,271
-84,2061,108,11,135,226
-79,2067,117,-111,-128,237
-60,2070,127,-125,-120,198
-53,2070,136,-141,-41,171
-52,2061,140,-127,2,187
-57,2051,136,-126,-52,205
-57,2043,136,-123,-25,171
-53,2038,135,-86,-16,179
-50,2036,129,-100,93,129
-48,2029,125,-112,9,71
-53,2021,118,-32,-82,50
-56,2019,116,87,74,3
-53,2026,111,-62,238,-9
-50,2035,112,15,393,57
-50,2048,120,-14,248,146
-54,2055,121,1,175,252
-59,2054,121,48,23,206
-55,2055,122,8,-24,157
-42,2057,125,12,-2,120
-33,2065,129,-162,195,119
-38,2065,132,-137,324,158
-48,2058,129,-143,345,176
-59,2046,125,-64,194,152
-61,2039,121,-53,55,109
-51,2036,124,-67,104,64
-42,2037,125,-67,41,66
-40,2034,118,-30,187,95
-52,2037,110,27,177,129
-68,2040,98,-4,5,152
-66,2044,104,68,-37,150
-53,2051,110,10,205,120
-41,2055,120,-96,436,75
-34,2052,123,-82,611,-28
-40,2049,122,-24,605,-54
-49,2048,122,-28,666,-75
-63,2048,123,-14,605,-5
-66,2052,122,3,575,12
-67,2052,123,-98,508,-8
-66,2048,121,-137,478,-9
-65,2043,118,-115,402,-14
-68,2040,115,-54,302,-7
-66,2042,114,-95,308,-8
-63,2046,117,-89,272,44
-66,2049,121,-85,187,86
-69,2047,121,-46,78,131
-66,2045,116,6,0,123
-61,2045,110,-27,-14,158
-56,2048,109,-18,48,117
-56,2050,107,-73,117,129
-55,2049,108,-98,94,99
-53,2046,111,-117,132,96
-59,2041,112,-72,214,95
-64,2039,114,-51,300,41
-65,2044,119,-47,308,122
-57,2050,118,-225,230,103
-53,2047,116,-163,83,115
-62,2050,110,-185,103,140
-77,2049,102,-326,-128,168
-70,2045,103,-411,-145,147
-55,2043,95,-586,125,136
-42,2039,78,-713,608,99
-44,2035,42,-1026,500,63
-49,2032,-2,-1223,-238,22
-35,2024,-64,-1207,-1371,-130
1,2014,-135,-1111,-2351,-170
31,2019,-208,-543,-3106,-61
60,2047,-286,-580,-3316,69
110,2076,-312,-844,-2358,259
147,2074,-346,-79,-2380,475
200,2068,-394,388,-2373,639
224,2085,-448,1239,-2344,851
225,2128,-466,1714,-958,781
200,2203,-438,1586,1607,608
167,2289,-400,1694,2763,280
200,2377,-339,2274,5350,-212
118,2446,-382,3201,4129,64
62,2487,-364,3386,2365,245
115,2531,-263,3578,2038,410
185,2581,-54,3140,3210,-130
196,2552,164,2276,4696,-418
87,2420,370,1941,5501,-224
-92,2229,477,2336,3798,360
-198,2091,496,2917,522,645
-251,2009,473,2956,142,476
-216,1965,484,2610,-564,-671
-164,1932,485,2041,929,-1524
-146,1882,478,2223,2321,-1638
-91,1830,453,3247,2997,-2191
-112,1775,359,5215,1208,-2333
-172,1767,224,5408,409,-1225
-274,1769,108,6819,-1131,-28
-334,1790,70,5875,-1216,122
-402,1730,38,7772,-2129,-826
-422,1664,4,11014,-4619,-1804
-412,1706,-188,9018,-4027,-2495
-394,1757,-312,9392,-4199,-3345
-357,1730,-388,10017,-1715,-4224
-374,1652,-423,11474,-2966,-3844
-360,1645,-488,11038,-1304,-3389
-432,1702,-633,9491,-1707,-3646
-536,1780,-730,5888,-2859,-4124
-568,1788,-631,8332,-5564,-4909
-390,1798,-651,6816,-2562,-5265
-200,1855,-628,3274,-207,-4110
-128,1871,-514,2586,-1666,-2139
-129,1982,-447,1589,-2175,-1060
-136,2178,-507,5,933,-924
-212,2288,-583,434,-843,364
-217,2360,-700,594,-281,1972
-198,2412,-819,-2361,290,2685
-279,2421,-801,-2715,-757,2875
-349,2383,-843,-2546,2836,2347
-346,2365,-799,-7309,4808,1408
-384,2223,-706,-5265,3941,571
-403,2092,-715,-4997,3452,995
-378,1998,-762,-6331,2390,1154
-394,1919,-663,-6014,2525,1096
-436,1869,-661,-6168,1588,1059
-395,1876,-522,-6260,4250,1071
-367,1888,-545,-5628,975,1341
-309,1899,-514,-6415,2856,1392
-362,1863,-509,-4770,661,1785
-389,1878,-553,-6065,-467,1611
-316,1892,-389,-4077,4165,256
-318,1957,-383,-8171,3892,-114
-367,1924,-337,-4585,3392,474
-424,1918,-465,-6459,-681,1964
-330,1940,-323,-6932,224,1580
-302,1951,-231,-6647,635,683
-288,1945,-140,-7684,3575,582
-274,1913,-138,-5806,3357,655
-302,1946,-169,-6480,988,1218
-245,1948,-97,-5714,1102,1136
-223,1969,-66,-5081,2478,970
-247,2029,-1,-4761,2360,628
-281,2091,34,-6314,2210,160
-284,2056,102,-5794,1238,-237
-219,2005,191,-4888,2573,-427
-264,2023,187,-5296,2749,-531
-344,2030,218,-5222,1885,-142
-367,1992,237,-5365,1400,48
-339,1935,275,-5453,1576,-156
-260,1872,326,-5052,2529,-197
-273,1830,345,-3654,1728,400
-281,1843,381,-4110,502,910
-288,1804,404,-4061,-438,1357
-320,1764,423,-4036,-1295,1562
-315,1706,463,-3454,-401,1529
-320,1683,451,-3617,-666,1849
-329,1683,416,-2618,-2565,2078
-348,1721,351,-2502,-4537,2051
-367,1737,325,-2689,-4773,1526
-333,1724,340,-2198,-4628,928
-196,1761,376,-1315,-2277,364
-107,1891,375,-87,-2379,-147
-29,2055,359,372,-2756,-204
9,2174,318,288,-2209,-156
-59,2176,307,65,-137,-372
-186,2114,283,226,-164,-256
-177,2091,250,1324,-1157,-245
-115,2152,209,1502,-1349,-307
-74,2207,154,1150,-2114,-158
-24,2229,144,1761,-2705,148
13,2253,128,1743,-2506,345
43,2280,90,2044,-2563,418
63,2312,41,2682,-2699,720
63,2363,4,2629,-2767,979
89,2403,-19,2685,-2836,783
95,2414,-19,2982,-2954,552
100,2399,-28,2373,-2449,379
107,2338,-30,1945,-1696,487
102,2260,4,1463,-806,674
69,2184,52,655,-375,974
53,2091,92,785,57,1123
71,2005,101,956,1255,986
67,1965,89,759,1566,1013
59,1953,102,840,1382,1052
52,1954,96,847,1405,679
9,1967,108,892,954,315
-29,1994,129,982,930,315
-25,2027,127,753,1752,301
-21,2051,126,616,1784,291
-12,2060,114,666,1362,293
-13,2069,119,548,690,144
-12,2065,139,436,663,25
-17,2048,136,444,542,10
-10,2042,138,514,648,180
-2,2050,124,504,612,454
9,2054,121,233,875,442
6,2052,128,105,1028,333
-6,2043,138,138,1382,218
-31,2041,135,221,1243,200
-43,2038,121,165,934,91
-52,2035,115,198,651,-13
-54,2033,113,167,531,-14
-55,2041,122,43,601,56
-49,2041,126,136,719,90
-43,2043,121,115,1017,134
-48,2043,115,75,1081,126
-51,2049,129,51,1157,147
-58,2059,122,-110,894,153
-54,2060,126,-111,722,134
-48,2060,138,-96,907,149
-45,2055,132,-109,817,92
-42,2044,126,-72,886,36
-39,2033,123,-83,939,6
-44,2026,116,49,849,-11
-46,2029,114,122,838,-42
-47,2039,110,-2,968,-85
-50,2040,111,2,813,-79
-64,2034,103,151,596,-57
-75,2035,94,195,317,10
-67,2044,97,63,289,15
-59,2051,102,3,330,20
-48,2050,106,29,334,-1
-46,2050,99,26,283,31
-52,2050,103,92,65,71
-57,2050,100,71,189,55
-61,2048,99,58,163,33
-60,2052,102,1,303,36
-52,2056,105,-120,467,94
-45,2052,106,-152,561,48
-41,2044,105,-111,632,22
-50,2037,101,11,446,65
-59,2036,96,29,356,74
-60,2038,103,-27,523,61
-65,2042,96,-52,172,41
-56,2046,94,-37,210,23
-58,2051,96,-13,255,79
-59,2057,94,-56,333,63
-57,2059,99,-101,369,90
-53,2055,97,14,489,124
-53,2056,102,0,460,123
-47,2057,107,-6,448,124
-51,2053,108,-17,303,131
-53,2048,110,64,194,116
-56,2044,110,-10,132,144
-53,2042,108,2,266,96
-51,2040,108,-95,312,48
-51,2037,108,-163,289,51
-49,2038,107,-143,334,24
-55,2037,108,-136,236,38
-58,2039,111,-103,342,61
-64,2042,108,15,146,92
-66,2046,108,-39,57,141
-62,2048,107,-4,-99,98
-59,2050,105,12,-208,97
-53,2046,103,49,-145,74
-51,2043,101,18,-84,119
-59,2040,104,45,75,134
-66,2044,105,-61,191,167
-65,2048,105,-85,216,164
-68,2052,107,-102,144,153
-62,2056,105,-158,94,88
-53,2060,106,-127,220,55
-46,2065,108,-271,278,-35
-52,2061,107,-157,227,-34
-65,2061,98,-132,306,42
-71,2059,89,-191,292,33
-65,2056,94,-312,434,2
-57,2053,103,-259,592,6
-56,2045,110,-212,532,19
-53,2040,113,-193,514,26
-58,2031,114,-75,501,23
-63,2028,113,-43,494,-14
-70,2034,113,-37,408,-13
-72,2039,107,-41,331,3
-69,2042,102,-26,193,29
-64,2042,104,-49,207,35
-65,2042,106,-75,254,26
-68,2037,103,35,189,-1
-71,2037,100,64,193,40
-69,2039,98,54,314,53
-74,2044,94,24,178,53
-73,2049,92,-41,154,107
-71,2050,90,-146,68,33
-70,2048,94,-127,-50,41
-70,2051,101,-170,-41,61
-73,2055,109,-160,-75,39
-77,2056,106,-262,30,21
-78,2052,101,-162,-47,56
-76,2049,101,-177,-116,129
-69,2047,99,-108,-162,139
-59,2047,98,-94,-166,99
-53,2043,96,-79,-6,38
-61,2044,98,-43,13,137
-80,2051,84,-115,-82,225
-80,2053,87,-166,-20,210
-65,2050,92,-76,-34,144
-55,2049,92,-163,99,94
-61,2048,93,-161,-5,142
-65,2048,96,-318,-26,144
-70,2049,107,-474,-33,88
-68,2051,122,-451,-162,100
-68,2055,133,-456,-192,94
-65,2051,128,-512,-223,79
-63,2042,118,-463,-339,107
-62,2038,114,-308,-217,62
-68,2045,110,-428,-225,80
-61,2048,120,-409,-184,132
-52,2055,122,-415,-221,141
-45,2050,119,-328,-54,185
-52,2041,120,-173,-36,166
-58,2036,113,-159,-30,159
-56,2039,121,-258,3,144
-51,2040,128,-241,158,66
-50,2040,135,-251,253,45
-54,2038,130,-191,226,102
-59,2039,128,-169,185,112
-58,2041,130,-164,171,96
-54,2040,134,-184,84,43
-48,2038,137,-99,389,-12
-56,2038,134,-198,333,-8
-65,2046,143,-40,331,95
-75,2060,132,-331,302,167
-68,2057,133,-256,251,141
-59,2050,134,-134,341,99
-65,2049,135,-171,323,79
-62,2044,138,-169,321,57
-64,2042,141,-285,214,76
-67,2033,140,-255,241,57
-72,2020,129,-270,94,103
-57,2010,100,-130,164,-14
-50,2014,48,-239,371,-195
-59,2033,-23,-570,-23,-281
-29,2058,-64,-824,-457,-354
0,2066,-108,-1343,-721,-383
20,2028,-141,-1282,-1413,-364
50,1975,-180,-852,-1776,-293
78,1939,-209,-553,-1221,-121
92,1911,-238,266,-1112,224
111,1918,-282,863,-1774,523
112,1954,-362,1603,-2974,845
145,1998,-413,2195,-3173,984
197,2076,-442,2761,-2461,1048
236,2186,-453,3328,-1458,1071
182,2278,-471,4269,-1019,1329
136,2412,-435,3986,559,1658
179,2552,-338,4496,2850,1671
239,2685,-191,4093,5101,1214
293,2750,1,3782,5965,899
311,2731,127,3662,5532,641
232,2616,295,2483,6194,452
11,2397,442,2614,6345,-40
-235,2150,464,3152,3510,50
-307,1994,447,4066,1522,-612
-301,1948,386,3212,1797,-1903
-278,1914,317,4156,1466,-2863
-229,1923,255,3604,1988,-2962
-211,1906,205,3986,2932,-2726
-179,1866,147,4431,3204,-2254
-193,1818,93,5292,1224,-1527
-234,1812,60,5874,-377,-1369
-282,1792,30,6658,-131,-1399
-349,1746,-53,7727,-800,-1387
-361,1729,-71,9406,-1144,-1786
-382,1737,-128,10361,-2595,-2315
-397,1727,-241,12419,-4115,-2909
-387,1714,-372,13750,-4682,-3485
-405,1677,-524,12990,-3091,-3968
-442,1663,-716,9964,-4132,-3565
-444,1655,-716,11689,-4423,-3522
-459,1736,-828,8717,-2993,-4124
-542,1837,-960,7073,-3840,-4208
-596,1971,-962,3302,-4634,-3762
-536,2062,-803,1955,-5875,-3583
-368,2049,-637,1988,-5424,-2802
-108,1963,-641,-106,133,-2003
-66,1924,-581,-1858,-1136,-1072
-129,1994,-593,-626,-1123,325
-254,2166,-644,-544,-1239,1594
-296,2258,-832,-2437,1718,1629
-276,2247,-830,-4732,2423,1788
-275,2196,-782,-3252,1801,1784
-357,2183,-769,-2807,1270,1913
-423,2197,-847,-6584,956,2464
-368,2150,-779,-6350,4302,2040
-365,2097,-709,-7722,3222,1808
-366,2007,-623,-6724,2103,1274
-403,1902,-702,-4793,421,1120
-388,1854,-702,-6472,2776,1439
-371,1819,-636,-6357,2292,1264
-375,1781,-553,-3748,3590,967
-431,1860,-610,-10406,2055,1513
-430,1875,-506,-6896,1499,1774
-381,1910,-477,-10467,2920,1393
-376,1832,-359,-6214,3739,852
-424,1828,-411,-7201,1647,813
-424,1856,-392,-7244,613,1336
-339,1898,-246,-7676,2325,831
-303,1923,-149,-7791,2094,665
-289,1878,-44,-5334,1749,652
-345,1858,-63,-4910,458,682
-372,1869,-65,-4772,129,964
-341,1905,19,-5576,692,1198
-330,1909,78,-5510,445,906
-341,1895,102,-5421,603,853
-371,1903,131,-5497,784,1176
-377,1896,144,-5555,-336,1545
-342,1859,194,-4947,-1150,1484
-282,1845,290,-4717,160,1393
-319,1872,351,-4621,246,1207
-353,1872,402,-4691,-146,1261
-350,1838,425,-4326,-1210,1189
-356,1807,461,-3863,-2660,1210
-347,1801,460,-3660,-4275,1563
-310,1801,394,-2482,-6218,1932
-266,1832,289,-1920,-5627,1968
-250,1889,216,-2051,-5163,1806
-218,1964,216,-1512,-4798,1633
-180,2043,194,-1195,-4534,1443
-109,2107,150,-727,-4198,1244
-49,2122,124,-1056,-2845,1334
8,2135,132,-90,-2672,993
56,2211,95,584,-2246,693
34,2307,29,641,-2378,174
18,2377,-19,520,-1915,-356
19,2417,-18,341,-799,-408
46,2430,-16,-100,226,-398
73,2411,-20,-45,449,31
107,2356,-26,105,457,450
119,2289,-26,433,284,744
117,2221,-27,732,353,779
99,2164,-37,1209,-24,524
77,2141,-61,1810,-709,362
62,2150,-87,1677,-643,224
11,2143,-90,1408,-129,205
-21,2116,-72,1145,550,370
-35,2090,-52,1092,929,578
-9,2075,-25,637,1206,615
43,2062,24,503,1821,571
71,2041,65,541,2413,653
51,2028,94,182,2551,879
4,2017,108,134,1841,872
-42,2002,125,399,1164,730
-66,2000,123,171,756,457
-63,2017,131,136,827,273
-46,2026,129,-41,567,6
-33,2020,125,102,366,-171
-26,2015,118,121,288,-310
-29,2010,112,215,537,-331
-36,2007,104,107,708,-291
-33,2007,108,115,835,-186
-25,2009,117,147,1214,-139
-28,2012,118,238,1295,7
-29,2015,112,381,1363,117
-36,2027,109,539,1056,149
-45,2043,108,437,576,182
-43,2061,113,424,643,125
-44,2073,118,426,512,13
-43,2078,121,289,306,28
-39,2083,132,198,336,76
-46,2086,137,71,223,190
-60,2089,143,-79,-313,270
-48,2077,161,-172,-148,228
-33,2062,165,-171,124,148
-24,2046,150,-109,205,43
-24,2032,149,-89,297,-12
-33,2019,147,-200,321,-6
-40,2006,136,18,475,7
-45,2005,133,83,636,83
-55,2014,123,14,413,128
-46,2023,121,59,218,160
-39,2030,115,148,82,122
-43,2039,109,275,71,147
-40,2047,107,191,145,153
-33,2051,109,119,206,126
-30,2050,106,238,97,85
-34,2052,107,139,-28,81
-32,2057,111,127,22,134
-27,2059,112,48,241,88
-22,2053,108,33,330,96
-24,2048,101,-52,510,84
-42,2042,97,84,413,128
-51,2044,97,39,320,149
-54,2050,102,26,235,129
-52,2060,105,-61,482,121
-45,2066,114,-129,790,164
-49,2066,111,-213,606,195
-56,2058,112,-72,266,199
-61,2059,108,59,343,276
-59,2061,106,-244,591,213
-57,2055,118,-267,550,231
-50,2052,124,-257,484,267
-49,2047,130,-132,359,242
-42,2043,128,-157,375,129
-36,2034,124,-133,306,23
-38,2027,117,-69,192,-47
-45,2022,104,40,335,-114
-56,2026,104,61,499,-75
-63,2031,99,46,598,-33
-64,2039,100,37,639,60
-58,2043,96,144,609,130
-50,2044,95,166,437,168
-44,2043,96,299,493,143
-48,2045,95,337,540,173
-56,2046,90,365,426,211
-57,2047,86,342,349,213
-53,2048,83,240,379,218
-48,2048,84,179,475,235
-55,2046,88,190,371,266
-59,2049,90,174,260,295
-59,2051,90,85,192,254
-59,2051,93,85,48,234
-50,2051,95,82,50,202
-43,2052,95,26,143,135
-48,2047,90,69,18,134
-50,2046,90,194,118,153
-59,2058,73,73,95,211
-53,2061,78,-21,303,190
-46,2059,73,-59,248,163
-47,2058,75,-2,26,188
-44,2057,78,44,-44,151
-42,2053,78,6,66,56
-45,2050,84,-31,210,72
-44,2051,83,-139,215,117
-39,2050,82,-201,282,94
-42,2044,78,-136,167,100
-39,2036,77,-155,247,79
-38,2033,77,-128,262,103
-40,2039,81,-52,115,140
-37,2044,79,-73,147,161
-34,2047,75,-39,156,167
-37,2049,76,-117,96,171
-39,2048,79,-78,201,190
-40,2045,78,-52,100,146
-35,2044,81,-33,81,149
-33,2046,83,-65,164,178
-35,2047,86,-134,134,182
-37,2047,85,-33,107,157
-42,2047,80,-84,73,106
-43,2048,79,-60,97,131
-42,2047,84,-48,90,99
-36,2048,83,-107,32,86
-31,2045,77,-67,68,77
-29,2048,79,60,286,127
-44,2060,76,-207,229,169
-46,2065,84,-108,110,163
-37,2067,85,-100,81,176
-31,2059,86,-153,77,83
-27,2047,86,-99,202,66
-31,2042,85,-88,157,82
-39,2041,84,-112,28,100
-41,2040,88,-124,49,137
-39,2037,89,-91,-16,134
-31,2037,87,-7,76,105
-28,2036,84,30,73,76
-31,2039,80,-27,122,117
-35,2038,75,31,88,110
-35,2041,72,0,28,136
-35,2043,76,35,88,113
-36,2049,77,2,60,140
-34,2053,77,-2,80,93
-27,2056,75,1,285,77
-29,2057,80,-46,236,74
-36,2057,78,-142,117,70
-37,2050,81,-108,28,101
-34,2046,79,-53,152,51
-36,2052,77,-197,301,28
-39,2063,78,-316,320,58
-39,2064,80,-135,148,51
-32,2061,78,-238,-19,108
-22,2054,73,-204,-85,52
-24,2046,71,-144,-1,7
-34,2040,65,-309,60,55
-40,2036,82,-244,258,92
-39,2041,79,-327,241,99
-31,2040,80,-248,-19,42
-23,2037,76,-333,-84,38
-19,2030,64,-329,-219,-16
-12,2032,39,-334,-101,-99
-12,2038,-9,-620,179,-291
-13,2046,-63,-1257,70,-554
19,2038,-96,-1369,-386,-790
64,2017,-129,-1365,-430,-827
82,1981,-182,-1282,-812,-555
96,1951,-243,-289,-1788,-258
113,1959,-311,63,-2195,-25
118,1969,-386,870,-2325,30
127,1990,-463,1392,-2487,257
148,2034,-510,2302,-2114,636
191,2114,-539,2681,-1991,854
265,2206,-532,3251,-40,720
301,2313,-504,3569,954,484
332,2427,-422,3592,2844,427
308,2524,-321,3570,5407,657
242,2587,-209,3684,6276,897
199,2611,-67,3481,6924,707
186,2575,166,2109,8911,-217
20,2435,325,1987,8227,-477
-174,2240,430,2346,6834,-383
-298,2114,433,3312,2590,-553
-273,2096,404,2474,2340,-1468
-245,2073,399,2009,3664,-2733
-247,2022,376,2095,5070,-3527
-259,1947,314,2766,5288,-3629
-272,1851,232,3977,4072,-3179
-265,1794,175,4662,2002,-2176
-260,1789,153,6033,1226,-1435
-309,1786,130,6825,774,-871
-396,1716,23,8566,31,-272
-520,1650,-148,10442,-3311,495
-573,1621,-200,15703,-7618,70
-505,1664,-512,10822,-4654,-1757
-504,1697,-758,6280,-2973,-2989
-566,1651,-735,8371,-5585,-3484
-596,1718,-673,9849,-8767,-3311
-570,1811,-757,9487,-10689,-2976
-386,1927,-775,7670,-8744,-3236
-249,2007,-760,3395,-6083,-3137
-288,2027,-634,2453,-5167,-3229
-323,2020,-489,2246,-4854,-3917
-254,2013,-474,890,-2006,-3743
-198,2044,-439,135,-1568,-1675
-194,2077,-481,-1325,-2403,85
-218,2125,-576,-3597,-4959,873
-215,2180,-618,-1782,-2216,1382
-123,2239,-668,-2588,2503,1566
-134,2242,-743,-1980,1659,2420
-247,2277,-800,-6601,5113,2846
-438,2232,-784,-6008,2770,2475
-469,2179,-661,-7566,4573,1609
-429,2134,-584,-7913,5732,724
-450,2066,-568,-7788,3499,650
-458,1980,-513,-7532,3733,503
-416,1904,-445,-7724,4441,411
-379,1792,-433,-3747,5886,312
-389,1829,-491,-10427,5514,1073
-390,1807,-431,-6758,2978,1318
-415,1862,-332,-7745,1766,1751
-428,1878,-293,-6159,2735,1663
-470,1878,-328,-8535,2287,1689
-494,1847,-256,-5257,-706,1432
-471,1887,-192,-6320,-337,1344
-417,1893,-92,-5382,-145,994
-372,1874,-76,-4445,-69,796
-385,1891,-101,-4791,-1172,1252
-378,1914,-29,-5217,-1105,1554
-318,1921,76,-5003,-607,986
-271,1912,143,-3901,294,202
-289,1938,129,-3708,1278,-213
-340,1960,151,-3734,739,-291
-373,1952,202,-4414,19,25
-337,1912,228,-4503,538,200
-251,1901,292,-3699,2567,58
-319,1947,290,-3707,606,73
-334,1956,324,-4116,747,369
-350,1948,345,-3951,564,531
-339,1955,376,-4392,1293,700
-310,1959,408,-4666,893,1055
-273,1925,469,-4346,-140,928
-271,1852,469,-4122,-661,865
-265,1780,471,-2414,144,689
-331,1775,401,-2702,-336,580
-371,1740,361,-1780,-391,580
-400,1714,357,-1391,-760,790
-360,1709,345,-319,-1193,802
-255,1747,325,387,-1185,942
-168,1817,295,857,-1053,892
-123,1882,315,662,17,1073
-146,1919,351,1167,-24,1351
-137,1974,341,1525,-104,1454
-142,2053,277,2252,-442,1312
-162,2135,205,2319,-1736,1055
-151,2208,165,2191,-1626,786
-143,2259,157,2051,-1430,575
-116,2328,170,1758,-697,221
-87,2384,159,1779,-244,-138
-83,2425,85,2527,-1216,-66
-82,2468,-12,2662,-1732,127
-98,2503,-79,2262,-2178,371
-87,2508,-110,2061,-2199,374
-59,2495,-131,1713,-1903,478
-17,2451,-142,1652,-1659,813
32,2385,-142,1406,-799,1111
42,2303,-134,1216,-166,1183
30,2217,-112,1034,249,1093
-13,2149,-105,842,390,1186
-29,2085,-73,224,777,1111
-41,2027,-42,77,705,926
-44,1985,-22,-357,959,767
-45,1950,16,-83,1087,550
-41,1934,19,-526,1575,441
-60,1921,39,-172,1147,480
-75,1927,46,-408,575,561
-92,1934,49,-179,183,588
-101,1946,45,-560,342,655
-105,1960,57,-737,233,632
-87,1969,75,-683,8,525
-63,1981,95,-427,275,361
-59,1995,86,-385,371,236
-64,2012,90,-401,117,339
-73,2023,107,-342,39,391
-78,2038,114,-467,79,280
-75,2043,121,-269,230,280
-63,2049,130,-194,574,308
-57,2053,129,-224,797,285
-65,2054,131,-243,1017,153
-78,2049,131,-190,995,127
-87,2043,131,-156,822,105
-85,2047,137,-253,957,49
-86,2048,146,-356,570,-1
-77,2040,163,-228,544,-51
-76,2032,160,-264,467,-37
-82,2035,148,-57,522,102
-86,2045,151,-209,768,187
-91,2048,155,-222,361,200
-78,2046,157,-140,305,193
-73,2047,163,-152,248,170
-82,2048,158,9,-176,222
-86,2054,154,101,-239,212
-87,2063,155,18,-181,230
-82,2065,146,-53,-243,244
-72,2060,143,73,-192,226
-65,2052,144,-65,-62,176
-66,2041,140,-46,-43,154
-67,2033,137,-17,49,137
-79,2028,132,92,-200,164
-78,2030,123,-19,-53,230
-77,2032,121,44,91,221
-72,2035,124,136,26,217
-62,2040,125,-9,213,207
-64,2039,124,264,70,202
-68,2042,112,190,19,237
-64,2049,118,38,266,185
-61,2059,130,117,366,160
-63,2073,132,36,344,192
-60,2073,131,-48,398,181
-59,2064,131,-48,414,168
-68,2055,130,96,190,119
-70,2050,132,23,215,111
-70,2050,133,-29,426,114
-74,2050,126,-236,462,169
-69,2045,131,-242,439,156
-62,2039,138,-158,456,139
-60,2033,137,-110,362,129
-64,2032,138,1,215,99
-63,2039,132,-149,314,88
-67,2038,134,-20,163,129
-69,2036,131,40,196,98
-76,2040,132,18,194,131
-76,2045,136,-50,341,184
-68,2049,139,-106,346,172
-65,2049,138,-180,394,182
-64,2044,140,-94,375,145
-64,2041,142,-43,350,84
-63,2042,134,-60,477,84
-68,2043,131,-87,416,63
-77,2041,131,23,183,75
-75,2039,130,-28,283,26
-76,2038,134,-64,391,19
-79,2038,131,-71,297,65
-81,2035,128,103,214,109
-80,2037,124,84,167,135
-70,2043,128,-45,381,108
-69,2047,124,-84,443,114
-70,2041,123,-48,321,75
-71,2039,118,3,304,48
