-108,2048,105,-11,135,84
-106,2049,108,-34,152,110
-105,2053,109,-65,153,92
-104,2052,111,-88,113,82
-100,2049,111,-43,59,95
-98,2049,109,-38,135,105
-99,2049,110,-59,85,124
-95,2048,109,-102,31,159
-92,2045,110,-54,-56,168
-91,2045,111,-84,-27,147
-87,2041,114,-74,20,147
-81,2038,109,-56,62,158
-75,2039,108,-89,96,167
-77,2042,106,-104,293,208
-86,2042,108,-68,258,252
-80,2044,109,-34,303,250
-78,2046,102,25,335,206
-82,2050,100,17,178,221
-83,2051,100,7,94,226
-83,2049,103,-22,124,185
-83,2045,104,39,69,136
-83,2045,105,67,81,156
-76,2046,102,54,65,176
-73,2045,104,16,147,171
-66,2045,103,35,261,159
-67,2044,100,47,323,180
-71,2043,99,25,316,160
-70,2044,99,-13,384,175
-73,2048,101,-9,448,169
-76,2049,101,40,336,163
-75,2047,99,23,314,171
-80,2047,101,33,238,138
-81,2048,102,36,252,137
-81,2048,100,61,198,161
-77,2048,97,92,173,116
-78,2052,95,53,231,125
-79,2051,92,17,184,126
-77,2051,91,50,243,152
-79,2049,87,19,211,121
-81,2046,88,68,206,131
-86,2047,86,-37,140,116
-88,2046,88,6,61,120
-84,2045,84,38,119,89
-79,2047,79,51,100,51
-77,2051,78,23,104,20
-80,2055,82,-91,163,54
-84,2055,88,-72,172,38
-84,2053,90,-156,237,18
-86,2052,90,-164,36,-8
-84,2053,94,-241,133,47
-83,2051,93,-194,109,83
-83,2050,94,-284,180,66
-86,2044,97,-179,84,18
-84,2040,95,-112,141,76
-79,2038,92,-27,229,59
-77,2038,92,-28,275,35
-79,2041,90,-106,259,40
-82,2044,90,-45,280,4
-83,2047,90,-50,329,-11
-87,2049,92,-88,270,-24
-85,2049,97,-62,208,-67
-85,2050,100,-98,231,-39
-87,2051,102,-117,301,-16
-87,2051,102,-97,358,5
-89,2050,100,-174,343,41
-90,2048,99,-138,339,77
-90,2044,98,-126,247,53
-90,2041,97,-61,212,63
-90,2043,97,-58,310,47
-92,2043,92,-98,275,45
-89,2042,90,-54,383,29
-91,2043,87,-94,396,54
-97,2041,91,-5,285,41
-95,2044,91,10,315,4
-95,2049,89,-9,287,20
-95,2052,89,-25,299,27
-96,2053,91,12,269,41
-98,2053,90,-79,308,70
-98,2050,89,-72,267,53
-98,2051,91,-145,254,84
-97,2049,96,-86,242,99
-98,2049,97,-125,112,110
-93,2046,91,-99,85,129
-93,2048,93,-101,241,144
-104,2050,86,-58,94,194
-98,2047,87,-38,61,174
-93,2048,92,-85,163,111
-95,2045,94,-92,142,109
-97,2041,92,-29,213,134
-95,2041,91,-41,261,132
-98,2045,90,19,200,142
-96,2050,89,20,180,132
-94,2056,88,-62,233,144
-94,2057,91,-153,211,137
-98,2051,94,-58,115,124
-96,2049,95,-37,80,162
-96,2049,93,-53,40,157
-95,2048,93,-101,140,142
-93,2045,91,-30,138,136
-90,2044,90,-57,115,153
-88,2041,90,-19,114,177
-87,2044,90,14,150,201
-89,2052,90,-55,215,167
-91,2052,90,-38,185,182
-90,2051,86,-45,225,176
-91,2049,87,-59,196,178
-92,2047,84,9,232,206
-92,2048,83,23,159,195
-90,2050,83,44,148,170
-87,2053,82,-53,103,169
-86,2049,84,-58,195,142
-85,2046,83,-52,206,186
-85,2044,85,-30,173,157
-86,2044,88,6,164,198
-81,2042,86,-78,236,168
-76,2041,82,-11,215,168
-79,2045,86,34,266,216
-84,2050,79,61,202,239
-80,2053,79,-47,295,189
-81,2053,84,-9,261,172
-84,2051,88,-44,253,175
-87,2049,85,-95,229,164
-84,2047,86,-32,187,168
-79,2045,84,-39,197,170
-77,2045,83,-3,167,184
-74,2048,81,-36,152,194
-77,2050,79,-107,187,241
-75,2049,77,-20,184,213
-71,2049,74,-35,255,213
-75,2050,70,-64,200,197
-77,2050,69,-171,372,193
-77,2048,68,-223,388,152
-71,2046,68,-178,449,108
-71,2043,72,-186,487,96
-73,2045,73,-259,543,100
-71,2045,75,-153,709,82
-69,2046,77,-177,759,66
-68,2042,79,-99,701,86
-69,2044,84,-33,685,60
-66,2048,89,17,727,-15
-72,2050,92,-54,725,-22
-82,2050,95,-104,711,-16
-86,2046,97,-70,714,72
-86,2043,99,12,596,120
-84,2045,99,22,593,144
-83,2046,99,23,543,120
-84,2045,101,36,429,150
-76,2043,99,150,516,128
-76,2042,92,111,464,113
-82,2041,90,238,428,195
-88,2046,85,166,378,227
-88,2053,86,93,349,189
-88,2055,84,127,241,199
-86,2055,82,137,149,221
-85,2055,81,131,-77,146
-79,2055,81,90,15,107
-79,2051,75,62,24,124
-77,2041,71,64,44,198
-75,2034,62,175,282,220
-75,2037,57,157,261,293
-72,2043,48,242,308,328
-69,2053,40,159,457,327
-75,2056,34,122,319,297
-79,2057,32,131,173,278
-79,2059,34,67,109,207
-84,2059,42,87,17,176
-85,2058,43,-7,-48,165
-82,2052,46,50,-59,181
-80,2051,48,45,-112,198
-74,2053,50,-18,-100,183
-67,2055,51,-55,32,181
-64,2052,53,54,37,163
-68,2051,55,-47,58,199
-69,2051,55,-121,-23,192
-71,2050,60,-65,-109,242
-69,2053,61,-50,-238,219
-66,2054,62,-9,-315,209
-60,2055,57,58,-382,207
-54,2055,60,14,-351,228
-57,2052,65,-68,-394,239
-56,2047,62,-68,-313,275
-55,2042,60,-13,-496,272
-54,2040,55,85,-514,301
-50,2045,52,13,-453,304
-44,2048,54,53,-198,223
-42,2053,50,-99,2,188
-41,2051,49,-57,126,179
-37,2053,50,-117,369,129
-37,2053,50,-52,450,97
-41,2057,47,-122,374,81
-43,2061,45,-131,434,31
-44,2058,51,-95,620,-15
-47,2052,49,-173,676,-16
-49,2049,49,-63,583,-30
-47,2053,44,-148,621,-1
-51,2056,44,-90,555,26
-52,2062,41,-122,561,38
-56,2064,47,-118,368,60
-57,2061,50,-150,283,71
-58,2055,53,-153,304,23
-63,2048,60,-205,270,26
-69,2043,64,-180,166,61
-69,2042,64,-178,246,72
-62,2043,63,-101,214,139
-54,2046,58,-105,373,113
-51,2049,55,-85,394,88
-56,2048,56,-83,268,86
-60,2046,56,-86,219,88
-64,2049,56,-92,205,51
-65,2049,53,-86,140,69
-66,2050,55,-174,203,58
-65,2047,52,-132,187,76
-65,2044,45,-71,34,61
-62,2045,43,3,43,71
-62,2051,47,-5,68,109
-60,2054,47,-47,68,65
-59,2054,46,-126,71,107
-64,2054,49,-13,177,153
-69,2056,46,-19,106,130
-67,2060,48,-61,70,61
-66,2064,52,-178,56,-5
-65,2061,55,-125,191,5
-69,2059,58,-274,195,-5
-69,2051,61,-281,228,-52
-68,2043,58,-219,245,-9
-66,2038,56,-183,240,16
-61,2040,54,-125,339,-13
-62,2044,54,-179,454,-18
-68,2042,56,-103,352,16
-72,2045,55,-9,297,7
-78,2050,52,-32,164,18
-80,2056,55,-172,207,-34
-78,2054,59,-124,139,-41
-74,2054,63,-172,154,-101
-74,2052,68,-136,92,-50
-73,2054,72,-245,127,-15
-72,2049,75,-211,120,20
-69,2045,76,-163,255,51
-66,2046,71,-143,367,118
-67,2043,70,-106,380,120
-71,2047,65,-108,285,118
-70,2051,61,-105,324,139
-74,2052,59,-59,290,111
-81,2052,55,-102,244,71
-84,2051,51,-72,257,38
-85,2050,47,-48,205,57
-77,2054,50,-17,304,38
-79,2058,55,-127,371,52
-84,2059,58,-221,305,48
-84,2053,63,-179,176,13
-90,2051,72,-66,139,16
-100,2052,72,-114,-28,80
-90,2050,70,-222,78,98
-85,2043,76,-131,166,22
-84,2038,80,-140,124,66
-84,2035,77,-28,104,82
-84,2036,80,-18,152,89
-77,2040,76,3,155,95
-72,2044,75,39,359,106
-73,2047,69,-13,413,115
-79,2050,67,-56,307,132
-79,2051,69,-22,243,115
-78,2054,70,-89,187,80
-74,2051,69,-32,248,73
-75,2051,64,-37,364,124
-78,2053,61,-152,391,109
-79,2050,60,-98,349,141
-78,2049,59,-59,322,170
-75,2047,57,18,310,136
-77,2050,58,-30,224,139
-79,2049,60,-21,200,89
-81,2048,59,21,213,60
-82,2047,57,6,181,67
-80,2048,58,133,103,118
-76,2052,58,153,19,164
-76,2057,56,110,33,134
-78,2060,58,17,101,155
-80,2054,62,-111,100,170
-80,2047,64,-70,99,191
-79,2043,64,21,21,211
-78,2040,62,34,15,198
-73,2045,59,-43,69,181
-61,2045,51,-4,142,176
-65,2045,53,67,285,177
-73,2051,45,109,200,238
-69,2053,41,42,200,180
-70,2055,46,-39,288,109
-77,2055,48,-60,231,119
-82,2054,47,-115,152,124
-83,2055,49,-81,127,134
-79,2054,50,-78,130,90
-77,2052,50,-70,98,56
-70,2046,55,-53,278,56
-71,2047,54,-132,290,36
-75,2049,48,-78,242,100
-74,2050,47,-26,223,83
-79,2053,52,-123,360,39
-82,2052,54,-67,415,29
-81,2052,51,-173,386,23
-84,2049,53,-166,293,40
-84,2048,55,-144,246,39
-86,2050,58,-83,178,78
-83,2050,59,-64,253,44
-75,2049,54,-11,299,70
-70,2045,48,18,445,91
-74,2044,44,8,471,156
-73,2050,45,-43,471,147
-73,2053,48,37,394,114
-76,2053,51,-18,351,128
-81,2045,54,-4,255,169
-82,2038,56,-45,264,154
-79,2035,53,97,164,139
-74,2042,49,22,140,88
-73,2049,48,41,68,109
-73,2054,48,-86,79,148
-73,2049,48,-112,128,111
-70,2049,50,-33,215,107
-77,2054,45,-128,314,160
-81,2056,49,-87,109,187
-79,2057,56,-114,164,143
-77,2056,53,-99,299,131
-77,2053,49,-75,312,103
-79,2050,43,-122,283,112
-85,2047,43,-99,132,127
-88,2047,43,-87,42,120
-87,2044,42,-20,-62,149
-79,2044,42,22,-78,109
-72,2045,42,-38,35,122
-71,2042,43,56,154,139
-71,2047,41,-25,166,149
-77,2052,41,-84,149,175
-79,2056,46,-69,189,143
-78,2054,47,-120,168,128
-78,2054,46,-166,122,115
-81,2050,48,-145,93,115
-81,2050,49,-115,50,136
-80,2049,49,-170,100,146
-76,2046,45,-129,162,101
-69,2046,40,-188,228,82
-72,2047,43,-173,183,62
-75,2048,46,-150,220,72
-75,2049,47,-196,173,47
-72,2046,44,-117,194,35
-70,2048,41,-153,168,63
-71,2049,47,-207,236,53
-73,2051,53,-278,137,89
-72,2047,56,-145,156,135
-68,2046,53,-160,107,141
-66,2047,53,-93,64,145
-64,2053,53,-126,98,105
-67,2056,54,-95,149,132
-73,2057,47,-85,156,155
-73,2054,46,-128,86,178
-73,2052,53,-112,-14,130
-74,2052,59,-153,-55,99
-76,2050,56,-145,-44,102
-72,2046,56,-55,-20,68
-66,2046,58,-70,17,87
-62,2047,59,-68,131,83
-60,2048,56,-86,197,88
-64,2047,55,-99,254,100
-69,2047,53,-101,254,119
-72,2047,55,10,171,89
-70,2051,53,-51,232,80
-72,2054,52,-71,228,66
-75,2054,51,-74,111,45
-75,2057,51,-90,138,24
-77,2057,51,-117,80,55
-76,2054,53,-133,215,34
-77,2051,54,-175,309,49
-77,2051,57,-244,328,57
-79,2051,59,-259,271,59
-80,2046,60,-160,207,53
-79,2046,55,-136,193,51
-77,2047,54,-166,272,31
-80,2049,57,-183,282,49
-79,2049,58,-139,263,84
-77,2049,59,-133,326,72
-78,2049,56,-160,369,89
-82,2049,56,-135,264,71
-85,2052,57,-184,252,87
-88,2050,61,-200,249,57
-87,2049,59,-86,165,38
-87,2049,58,-103,98,74
-83,2049,57,-76,109,93
-80,2049,60,-79,134,106
-80,2050,62,-125,127,96
-87,2048,62,-100,181,120
-90,2045,60,-39,108,125
-82,2047,59,-20,109,88
-78,2050,61,-90,112,76
-84,2052,64,-50,43,72
-83,2052,63,-62,30,65
-78,2048,66,-81,117,62
-76,2047,65,-80,165,66
-74,2047,65,-41,200,89
-73,2050,67,-82,253,52
-75,2050,62,-92,232,82
-74,2048,58,-82,282,66
-74,2048,58,-136,349,114
-78,2047,57,-86,245,95
-76,2052,58,-80,221,79
-72,2052,56,-50,279,68
-75,2053,55,-62,277,47
-80,2052,58,-140,284,71
-84,2048,62,-99,306,83
-91,2048,64,-93,307,76
-92,2051,63,-57,233,78
-87,2053,61,-49,122,81
-83,2053,60,-53,176,48
-83,2055,64,-99,236,35
-86,2053,63,-90,244,97
-86,2051,63,-64,264,88
-87,2050,63,-153,325,90
-88,2042,67,-105,379,113
-85,2034,69,-31,498,85
-88,2034,64,-25,466,125
-86,2038,58,36,345,191
-85,2042,54,76,337,152
-85,2048,51,70,334,88
-89,2055,51,44,322,61
-93,2054,54,-10,274,30
-93,2059,54,-38,271,50
-102,2064,55,-64,169,81
-102,2068,52,-138,28,119
-95,2065,62,-127,-41,60
-87,2056,65,-100,-10,-2
-87,2051,62,-60,-78,26
-85,2049,61,-76,-5,52
-83,2044,64,-93,41,97
-86,2041,63,-56,177,116
-84,2038,56,-89,315,152
-85,2036,55,-11,256,219
-83,2038,49,56,203,207
-76,2043,44,42,206,151
-78,2048,43,20,240,78
-83,2051,42,6,321,70
-88,2053,45,-92,218,93
-88,2050,46,-77,175,64
-86,2049,50,-60,216,111
-83,2052,51,-75,185,77
-79,2055,52,-46,186,99
-80,2058,53,-164,211,98
-85,2057,56,-127,217,110
-86,2053,53,-106,229,121
-86,2053,53,-145,205,127
-85,2052,54,-142,150,119
-82,2055,59,-225,223,148
-87,2051,63,-170,335,101
-91,2049,56,-217,359,123
-89,2049,54,-155,268,133
-88,2049,58,-209,201,122
-86,2049,62,-225,209,77
-87,2048,66,-180,344,50
-91,2046,62,-206,385,57
-88,2041,59,-167,327,37
-89,2042,60,-135,231,83
-94,2049,59,-55,215,143
-90,2055,55,-106,243,107
-87,2054,56,-166,257,97
-86,2049,57,-87,218,71
-86,2047,59,-36,82,73
-86,2049,61,-109,87,91
-86,2048,63,-52,43,87
-82,2053,61,-100,105,102
-77,2052,62,-101,89,122
-76,2051,62,-159,146,155
-79,2047,66,-218,104,147
-81,2043,68,-68,41,147
-82,2046,61,-205,58,203
-79,2047,59,-122,79,224
-77,2056,57,-237,207,216
-79,2058,56,-193,344,233
-82,2058,54,-145,344,176
-81,2053,50,18,296,133
-80,2051,49,-66,355,53
-87,2045,50,-85,260,64
-92,2044,55,-95,174,73
-88,2044,53,-71,161,35
-84,2044,54,-60,270,-9
-82,2043,52,-29,307,51
-82,2046,52,-24,259,88
-85,2050,55,-131,259,152
-87,2049,59,-74,180,149
-88,2050,62,-73,120,150
-84,2053,62,-42,122,128
-83,2054,63,-84,168,98
-85,2053,63,-114,157,135
-85,2051,63,-200,114,123
-83,2049,69,-204,39,97
-88,2050,73,-80,149,135
-93,2050,67,-108,105,213
-85,2048,69,-42,102,124
-81,2047,68,-116,211,174
-84,2044,69,-84,150,132
-89,2043,67,-109,190,120
-88,2042,70,-15,214,106
-84,2044,66,-32,238,95
-81,2042,62,64,203,87
-79,2046,58,-37,266,82
-83,2049,61,-29,217,115
-82,2049,60,19,216,123
-82,2049,58,8,238,90
-84,2051,59,-12,196,72
-88,2051,61,-59,108,113
-87,2051,64,-83,149,117
-85,2050,65,-5,148,151
-80,2047,56,-41,175,171
-79,2048,55,-67,223,176
-83,2052,55,-82,265,157
-82,2051,53,-101,247,127
-82,2053,54,-52,181,140
-84,2052,53,-124,97,98
-86,2052,60,-76,35,100
-83,2051,62,-94,148,59
-81,2050,59,-135,211,43
-82,2046,57,-103,113,31
-81,2043,57,-100,147,78
-79,2042,60,-90,244,118
-75,2046,58,-40,241,124
-76,2054,53,-117,228,184
-78,2056,56,-77,293,194
-80,2057,56,-80,240,132
-82,2053,51,-141,125,124
-90,2052,52,-118,84,138
-95,2053,57,-183,22,155
-91,2051,63,-97,-50,117
-79,2049,63,-144,43,98
-73,2045,58,-103,143,134
-70,2045,54,-106,232,101
-70,2047,51,-214,416,118
-73,2045,55,-235,432,102
-74,2044,52,-402,481,126
-74,2044,50,-549,785,157
-80,2041,45,-668,942,206
-89,2037,22,-961,984,275
-100,2037,-14,-1303,784,368
-103,2020,-57,-1662,1643,363
-112,1994,-110,-1915,3200,265
-133,1964,-180,-2096,4383,208
-176,1948,-259,-1801,4108,310
-187,1960,-328,-1902,4003,415
-191,1985,-354,-1606,4336,271
-213,2014,-360,-1220,4270,-31
-255,2039,-357,-652,2986,-136
-305,2069,-327,-12,298,-535
-317,2116,-325,1960,-282,-704
-294,2181,-373,2620,-561,-620
-235,2261,-367,3479,-1080,-448
-168,2343,-332,4096,-584,-538
-145,2427,-267,4231,-401,-592
-199,2487,-181,3370,-376,-582
-295,2493,-33,2964,-1268,-682
-321,2446,127,2008,-1828,-611
-301,2333,277,1445,-2414,-614
-170,2153,384,1554,-1030,-590
-40,1996,447,2056,1438,-68
44,1910,405,2575,1842,1327
77,1901,388,3293,105,2523
85,1914,351,3828,-1022,2924
83,1905,330,4182,-365,2597
45,1886,278,5079,1021,2294
-28,1882,222,6049,1014,1946
-67,1904,120,5718,377,1550
-56,1909,51,6545,-68,1009
-19,1892,-13,7096,711,623
-1,1855,-66,6339,844,829
14,1789,-170,7287,1989,1469
32,1779,-228,7419,2001,1736
91,1782,-318,7360,2127,1970
209,1777,-326,9145,5255,2617
220,1786,-398,11465,2623,3767
265,1844,-509,10817,3871,3972
183,1864,-608,11460,2636,3190
55,1831,-710,9447,-1283,2843
100,1776,-709,9168,-1524,2966
248,1799,-683,8651,1111,2398
288,1936,-683,7440,-104,1367
270,2102,-611,4576,2998,34
172,2163,-602,2360,2796,-535
56,2193,-654,1163,1503,-114
-96,2277,-665,-748,-1866,69
-128,2375,-641,-3879,-1761,-829
-44,2423,-629,-5047,-514,-1642
80,2434,-599,-6087,-166,-551
186,2373,-690,-5940,-2079,678
273,2397,-644,-7253,-1289,945
234,2356,-598,-5974,-2080,1063
138,2255,-646,-6977,-3554,682
149,2161,-672,-10069,549,-182
71,2118,-578,-9095,-302,-138
-17,2082,-650,-8112,-2653,1197
54,2064,-693,-13320,-3844,1107
73,2016,-571,-9097,-3881,232
62,2012,-604,-11675,-3577,135
83,1964,-509,-10272,-2160,361
124,1931,-497,-11010,-2209,-84
151,1883,-423,-9751,-2380,-404
169,1843,-317,-10744,-3288,253
225,1778,-204,-7072,-783,-237
174,1783,-129,-8246,-922,-972
210,1703,-103,-6462,453,-1115
257,1713,-44,-6020,1560,-1094
298,1741,-23,-4626,2257,-1433
288,1772,-48,-5569,2988,-1468
217,1763,-16,-4831,2969,-1060
152,1800,71,-4812,1474,-860
184,1814,160,-4716,1091,-879
185,1838,172,-4232,435,-1402
166,1854,231,-4635,963,-2012
139,1863,342,-4375,2955,-2250
42,1933,456,-5001,1328,-1929
65,1954,550,-4806,1628,-1743
100,1916,611,-3663,2687,-1886
86,1901,597,-3644,1710,-1835
21,1877,582,-3720,1630,-1179
-71,1838,608,-3291,728,-607
-86,1790,602,-2932,-570,-370
-22,1764,594,-2407,550,-593
-15,1777,531,-1441,2359,-1077
-20,1805,483,-1950,3592,-635
-99,1834,434,-1286,1811,506
-102,1849,403,-442,-351,865
-40,1848,360,1192,-1628,428
-12,1869,339,1668,-241,-197
-73,1925,280,2051,1359,-594
-156,1983,229,2034,1636,-402
-211,2024,178,2302,617,157
-222,2127,204,2579,-67,286
-257,2258,238,2290,-37,336
-272,2366,211,2747,99,398
-236,2476,134,2839,1138,113
-235,2592,72,2711,2545,-115
-266,2691,25,2116,2332,109
-215,2669,21,2231,-219,275
-95,2533,1,1972,534,-174
-104,2367,-11,1966,1130,-646
-183,2236,-20,1316,1299,-698
-255,2109,27,1087,745,-798
-283,2016,74,43,967,-1131
-228,1941,111,596,1450,-1672
-155,1903,104,153,1705,-1556
-114,1876,102,277,1090,-1213
-124,1884,104,773,-4,-767
-154,1943,121,429,-108,-445
-183,1995,156,-96,176,-82
-201,2012,156,335,-107,230
-188,2046,157,191,-569,245
-166,2067,156,279,-749,106
-162,2077,165,-13,-1274,82
-162,2071,188,95,-1822,73
-170,2057,189,52,-1872,98
-178,2051,187,-20,-1826,125
-164,2041,191,-144,-1153,84
-158,2035,184,-52,-946,125
-135,2038,189,-49,-1035,220
-110,2047,194,-154,-1210,400
-100,2055,205,-125,-1012,367
-112,2062,206,-203,-907,291
-115,2053,216,-181,-672,162
-109,2033,226,-175,-556,102
-110,2018,234,-80,-426,142
-114,2010,230,-88,-111,214
-120,2012,231,-84,-66,245
-122,2018,233,-128,52,186
-118,2023,237,-99,30,142
-107,2027,226,77,34,113
-108,2037,214,15,50,165
-114,2040,213,-22,25,214
-123,2038,212,84,-79,190
-127,2038,205,63,-97,139
-129,2042,205,28,-217,66
-130,2037,208,5,-211,81
-123,2029,203,74,-236,109
-112,2024,200,121,-64,86
-110,2028,198,144,41,68
-109,2034,198,44,266,134
-114,2038,196,66,251,204
-115,2041,194,133,-50,205
-105,2053,190,34,87,156
-114,2056,195,-102,91,182
-113,2054,203,-73,103,109
-108,2049,194,-32,208,85
-112,2046,197,-47,123,31
-117,2043,201,-250,176,35
-124,2033,204,-251,294,69
-130,2024,196,-205,324,98
-129,2019,194,-138,390,111
-128,2018,180,-68,297,226
-126,2021,176,-141,455,269
-131,2025,183,78,362,251
-133,2036,188,-11,237,226
-132,2040,180,10,165,227
-126,2038,187,-18,115,163
-123,2034,181,53,203,68
-129,2030,181,-47,193,111
-136,2024,189,65,-27,151
-135,2026,187,53,-52,220
-125,2028,184,175,62,230
-116,2034,177,174,134,177
-116,2042,175,71,101,195
-122,2047,177,78,-29,261
-124,2048,182,107,18,223
-120,2047,183,132,-90,158
-115,2049,181,99,16,113
-119,2048,181,-16,77,106
-124,2042,185,-7,23,147
-125,2039,187,-73,83,107
-125,2037,191,-78,134,121
-122,2034,191,-77,179,164
-122,2032,188,-59,94,249
-120,2037,183,-37,19,179
-120,2040,184,-53,17,168
-116,2040,183,-15,66,107
-112,2040,184,-80,148,94
-111,2037,187,-100,168,103
-104,2036,185,-100,235,77
-102,2038,185,-143,144,59
-108,2042,182,-17,155,66
-112,2049,174,-110,227,94
-112,2047,180,-170,331,171
-113,2047,183,-238,181,174
-108,2044,184,-80,69,150
-103,2046,179,-117,90,109
-106,2043,181,-190,283,97
-116,2039,183,-245,298,124
-123,2029,186,-133,201,170
-118,2027,184,-111,163,154
-109,2030,183,26,164,124
-100,2039,182,-5,215,71
-101,2047,185,-8,190,37
-109,2050,186,-168,295,35
-116,2044,189,-188,289,72
-113,2037,192,-150,335,74
-106,2031,190,-51,330,36
-103,2028,184,26,454,43
-106,2031,181,27,594,3
-110,2034,177,-122,656,-37
-125,2032,176,-106,488,32
-124,2032,177,5,450,46
-127,2034,179,71,276,96
-121,2039,177,70,338,73
-116,2044,183,19,402,24
-120,2051,185,-66,257,51
-120,2051,188,-93,413,30
-126,2047,187,-139,337,74
-131,2037,189,-71,240,101
-122,2033,183,-78,274,56
-116,2031,180,-37,260,27
-120,2034,183,63,325,54
-133,2040,177,-35,122,147
-130,2042,179,69,104,149
-124,2048,178,-1,142,135
-126,2047,181,-8,117,113
-130,2045,185,-42,80,96
-127,2043,186,-75,-6,107
-124,2042,185,-98,-57,127
-127,2045,187,-93,-126,166
-120,2052,191,-99,-68,162
-118,2055,192,-129,-15,130
-117,2058,191,-167,-1,133
-115,2052,185,-208,226,102
-128,2045,185,-298,59,146
-130,2037,190,-216,28,193
-123,2031,195,-118,11,157
-116,2028,194,-244,-30,112
-112,2022,191,-92,156,97
-113,2015,183,-95,327,131
-111,2011,173,-3,434,156
-109,2012,167,43,409,176
-113,2020,166,91,247,166
-114,2033,168,85,148,161
-118,2046,170,53,137,125
-116,2052,168,-61,408,111
-114,2050,161,-263,543,109
-124,2041,160,-404,788,170
-144,2030,139,-564,851,325
-155,2026,86,-944,1120,626
-180,2006,28,-1447,1249,894
-200,1983,-22,-1586,1167,1063
-207,1974,-94,-1492,1506,1007
-187,1967,-184,-1480,1801,1004
-152,1959,-261,-1265,2490,835
-140,1965,-309,-742,3270,277
-165,2004,-337,-105,2919,105
-214,2054,-358,907,2248,-214
-246,2103,-376,1642,2074,-474
-264,2156,-396,3603,1269,-489
-240,2242,-387,4298,1070,-660
-222,2352,-371,5607,216,-708
-231,2470,-329,5724,295,-602
-274,2584,-200,5061,33,-322
-307,2634,20,3407,-1541,-274
-300,2557,303,2573,-3256,-513
-228,2369,520,3219,-3135,-426
-119,2166,555,3744,-672,-287
-33,2037,495,4385,2304,147
-34,2056,436,4179,2968,1279
-41,2062,397,3777,1525,2113
0,2023,414,4329,1331,2449
1,1992,351,5175,1785,2745
4,1948,262,5567,3113,2716
-16,1887,168,5934,3538,2496
-32,1846,122,6373,3675,2467
-12,1803,50,7146,4821,2238
-15,1751,-3,9407,3423,2200
50,1745,-97,9863,3844,2440
123,1776,-163,9943,3851,2663
194,1835,-241,10413,4505,2648
223,1895,-322,9443,4977,2352
178,1861,-412,9895,5743,2563
99,1796,-493,9722,2775,2913
103,1769,-610,10639,1736,3365
160,1816,-697,6777,2018,3405
170,1828,-698,7692,1009,3561
269,1929,-721,3226,2853,3313
287,2030,-600,565,2028,3397
221,2072,-494,1743,2506,3300
107,2065,-521,62,855,2423
16,2045,-593,256,-304,1089
-17,2127,-628,-3293,-984,405
67,2208,-640,-4629,-694,74
153,2279,-574,-5764,-985,-229
168,2284,-476,-3839,-2579,81
193,2295,-518,-5466,-335,-230
178,2266,-497,-4925,-2503,-539
211,2215,-591,-6471,1172,-560
223,2173,-590,-7592,-44,-528
248,2134,-499,-8515,1593,-765
190,2071,-637,-7985,-4813,-316
236,2052,-512,-9688,-4138,-378
257,1991,-448,-6987,-3394,-27
261,1956,-507,-7114,-3922,50
267,1939,-504,-11629,-2493,203
289,1889,-430,-8153,575,-90
280,1937,-397,-14381,-1215,-183
263,1840,-167,-6818,242,-431
267,1848,-211,-8497,545,-430
294,1819,-163,-8723,997,-1056
272,1804,-66,-8399,133,-1154
264,1783,34,-6965,-95,-1079
294,1752,44,-6435,1261,-1336
281,1701,22,-5494,1627,-1757
228,1718,61,-5468,1807,-2000
181,1802,156,-5105,1180,-2165
175,1862,220,-4981,928,-2119
171,1860,226,-4963,1219,-1980
136,1824,282,-5185,2277,-2529
45,1826,351,-4915,1014,-2951
-7,1886,406,-4790,352,-2603
-43,1928,462,-4697,-53,-2196
-71,1925,493,-4285,-1294,-1803
-53,1925,487,-3865,-1381,-1655
-32,1927,522,-3289,-963,-1764
-21,1938,547,-3296,-764,-1596
-3,1943,556,-3300,-565,-1196
17,1912,553,-2569,-1030,-863
45,1865,531,-1836,-1099,-588
60,1833,508,-1050,-700,-410
41,1839,483,-230,-260,-283
42,1897,442,189,204,-260
45,1968,418,285,-35,-206
62,2012,421,768,-656,-341
46,2062,424,933,-723,-485
-7,2103,422,1315,-487,-606
-55,2144,399,1631,-424,-564
-76,2198,384,1717,803,-557
-130,2267,373,1789,1219,-411
-172,2369,334,1584,1414,-65
-161,2485,288,1192,1390,236
-102,2537,261,1146,955,87
-51,2522,240,1185,955,70
-63,2457,189,998,657,108
-86,2342,169,1011,537,214
-119,2212,166,1116,-25,272
-141,2091,174,856,-240,106
-154,1995,170,888,-399,-61
-141,1926,170,735,-80,-301
-119,1887,159,773,450,-427
-113,1882,155,603,555,-321
-107,1899,162,623,568,-220
-109,1916,156,662,539,-281
-126,1945,158,838,391,-267
-131,1979,165,965,398,-231
-146,2012,166,688,293,-112
-151,2030,176,855,-267,-48
-123,2052,173,890,-397,-56
-98,2063,163,962,-667,-79
-87,2070,170,658,-596,-67
-83,2065,179,376,-762,38
-79,2054,198,316,-621,83
-77,2044,204,213,-247,77
-72,2032,203,41,-20,95
-74,2023,206,97,-76,92
-83,2022,197,13,10,18
-95,2018,200,6,-321,37
-81,2029,206,2,-380,61
-63,2035,212,-8,-243,-27
-63,2039,216,-36,-313,-9
-58,2036,220,-179,-321,15
-60,2030,237,-149,-185,72
-73,2030,245,-173,165,120
-80,2024,240,-106,5,172
-72,2016,251,-187,126,148
-73,2017,259,-209,416,89
-76,2029,271,-259,932,13
-91,2043,275,-455,854,31
-98,2048,284,-582,465,-15
-94,2048,292,-389,214,-36
-89,2044,287,-398,151,-140
-93,2037,285,-332,97,-170
-102,2028,276,-337,203,-122
-100,2019,273,-271,357,-84
-97,2017,272,-283,441,-21
-94,2017,265,-201,252,52
-95,2013,266,-94,161,21
-102,2022,268,-110,81,-7
-102,2030,278,4,126,-52
-96,2039,277,-107,105,-43
-91,2042,275,-238,135,-12
-88,2040,278,-182,263,42
-91,2038,274,-222,305,11
-101,2038,276,-213,224,-8
-104,2039,281,-279,125,0
-102,2038,286,-357,254,-22
-95,2028,284,-221,356,-2
-89,2018,278,-252,206,24
-90,2011,280,-57,185,79
-91,2006,271,-198,127,142
-93,2005,271,-194,-27,162
-95,2013,276,-142,-98,246
-85,2022,272,-30,86,241
-75,2029,277,-24,210,248
-79,2026,275,11,264,325
-89,2027,277,2,318,306
-91,2029,273,116,254,275
-86,2034,270,109,224,207
-86,2039,273,-7,229,106
-90,2040,278,-52,206,114
-93,2040,274,-94,145,124
-93,2038,273,-53,24,136
-82,2035,272,-15,11,150
-77,2034,276,-99,24,173
-76,2032,282,-15,36,185
-78,2030,278,-183,122,218
-79,2023,277,-59,145,261
-81,2017,274,-49,137,299
-81,2016,271,28,110,286
-82,2017,269,3,143,302
-82,2019,266,49,128,295
-81,2023,260,119,10,225
-76,2029,262,96,112,139
-67,2038,265,59,335,20
-65,2046,265,-43,380,-58
-67,2049,271,-142,470,-134
-80,2051,274,-248,551,-115
-91,2050,278,-248,425,-106
-94,2049,281,-273,284,-77
-83,2039,280,-297,258,-98
-76,2029,281,-273,309,-40
-84,2028,272,-315,276,66
-82,2021,270,-191,253,86
-79,2017,266,-186,311,59
-90,2011,267,-154,236,85
-104,2011,265,-31,65,134
-104,2015,267,64,-34,163
-96,2025,267,-106,36,59
-95,2031,274,16,10,10
-89,2038,272,8,45,26
-89,2041,271,-39,109,2
-92,2044,268,-188,69,24
-93,2038,273,-115,-8,37
-91,2033,280,-180,188,32
-91,2027,284,-208,76,-12
-85,2021,287,-164,228,19
-86,2017,287,-156,258,69
-85,2020,284,-47,317,52
-89,2024,276,-127,345,31
-95,2029,282,-114,296,23
-97,2030,283,-252,315,23
-97,2025,287,-211,206,42
-99,2022,285,-154,71,71
-95,2018,290,-65,54,120
-87,2019,290,-83,114,109
-83,2016,290,-80,184,105
-88,2019,291,-24,232,104
-92,2024,294,-41,205,96
-98,2027,295,-17,254,127
-94,2031,287,-62,354,121
-89,2033,281,-48,299,85
-93,2037,280,-43,308,87
-107,2040,282,-114,227,159
-108,2040,287,-125,170,148
-103,2038,290,-48,109,47
-97,2033,283,-95,53,36
-94,2028,277,-59,166,45
-90,2023,273,-185,127,-35
-90,2016,273,-188,142,-26
-87,2006,277,-19,153,-14
-88,2006,279,85,243,7
-93,2015,284,30,252,37
-105,2022,284,9,151,128
-110,2024,278,109,102,190
-99,2027,274,306,268,137
-95,2033,270,155,168,149
-91,2035,275,225,31,122
-93,2039,276,168,15,172
-100,2038,276,111,-128,178
-101,2035,275,97,-32,189
-93,2031,274,129,133,150
-83,2030,270,-5,173,129
-76,2026,266,49,209,119
-70,2031,258,-31,201,76
-76,2026,255,24,283,49
-84,2025,254,-67,380,116
-93,2023,255,-92,348,155
-97,2024,259,-25,174,223
-92,2031,257,89,166,226
-88,2039,255,97,145,218
-84,2044,256,48,115,227
-87,2044,263,16,157,202
-88,2042,263,-42,329,193
-94,2036,265,-46,253,206
-101,2036,262,-138,224,233
-93,2037,268,-76,290,183
-89,2039,273,-250,438,97
-98,2032,266,-385,496,157
-117,2029,251,-459,676,290
-138,2028,229,-517,634,439
-144,2046,181,-789,649,713
-160,2057,142,-1401,1174,877
-166,2038,109,-1581,1085,936
-158,2004,45,-1569,1181,632
-148,1963,-51,-1017,1186,512
-133,1922,-156,-703,1058,424
-137,1896,-218,-279,1412,228
-163,1898,-263,-128,1928,-44
-196,1929,-284,692,2180,-47
-209,2006,-297,2230,1496,-232
-172,2121,-325,3761,1002,-338
-132,2242,-347,5005,972,-625
-173,2380,-357,6020,-5,-500
-191,2542,-291,6538,-171,-425
-196,2671,-191,5884,544,-709
-264,2728,-29,4549,-483,-878
-336,2654,236,3126,-3176,-700
-336,2439,512,3022,-4101,-579
-220,2181,635,3672,-1509,-575
-39,2000,573,4857,2243,-660
94,1951,490,4916,3377,563
102,1967,442,4117,1837,1879
130,1918,426,4969,1183,2429
95,1870,382,6032,1296,2804
56,1873,306,6130,1628,3003
57,1866,251,6716,2466,2739
63,1868,187,7233,3167,2198
94,1879,107,8599,4484,1366
53,1898,-12,9380,4332,1203
0,1892,-135,9674,4288,1595
-3,1883,-275,9006,5026,1875
45,1900,-350,7673,5017,2281
113,1911,-354,8113,4467,2720
178,1909,-375,8143,5469,3295
175,1858,-335,9405,7665,3626
123,1782,-449,11321,4953,4295
178,1801,-554,7917,3956,4161
247,1829,-559,9041,2982,3687
296,1907,-604,4194,4230,3190
293,2001,-548,2972,3652,3194
255,2078,-525,1404,4623,3349
127,2099,-510,-419,2114,2600
82,2104,-508,-613,1839,835
92,2139,-543,-2318,1171,10
71,2192,-571,-2449,-2207,262
179,2265,-608,-6256,1260,-356
201,2281,-533,-4129,-2116,-1428
206,2282,-526,-5745,-1600,-2082
137,2200,-444,-2772,-5896,-1820
142,2138,-555,-3677,-4764,-1825
156,2143,-625,-7493,-3143,-1770
159,2106,-599,-8886,-1427,-1460
207,2033,-481,-9072,2492,-1146
201,1976,-428,-5971,-1144,-712
241,1969,-573,-9710,-561,-249
182,1961,-557,-8945,-4474,-406
151,1974,-368,-9294,-3772,-787
147,1911,-348,-6808,-5176,-740
144,1913,-408,-10634,-3995,-499
128,1891,-340,-8383,-5270,-609
166,1902,-290,-9351,-4802,-371
237,1920,-139,-7866,-4195,-220
282,1869,-85,-7159,-2012,-628
255,1824,-103,-6840,-1679,-637
258,1834,-87,-6616,-461,-530
251,1863,8,-6876,446,-873
251,1839,54,-5932,755,-1139
248,1819,102,-5418,346,-1478
206,1836,128,-4572,-574,-1694
196,1883,163,-5702,745,-1908
113,1861,242,-5056,479,-2027
43,1851,309,-4861,-518,-2169
18,1867,332,-5060,-1032,-2416
-18,1899,396,-5389,-1345,-2443
12,1913,474,-5454,-1303,-2213
49,1867,518,-3954,-1488,-2014
46,1843,519,-4141,-1699,-2060
52,1825,580,-3111,-1195,-1994
61,1841,605,-3603,138,-1773
40,1857,632,-3378,361,-1499
76,1855,620,-3322,1694,-1311
82,1826,610,-2475,1133,-1296
65,1819,606,-2203,961,-907
21,1826,627,-1418,1939,-378
-21,1877,600,-938,1913,-58
-27,1937,547,-779,1072,250
1,1972,506,-486,1512,70
-38,2025,460,566,1890,-291
-80,2127,375,1164,2530,-386
-140,2245,309,1228,2546,-373
-218,2349,283,1563,1332,-556
-282,2447,279,1196,188,-416
-301,2494,283,1163,-859,-71
-249,2483,279,1563,-353,-220
-193,2459,289,1478,366,-407
-175,2387,261,1326,960,-153
-194,2304,216,1636,632,314
-205,2240,175,1514,670,581
-213,2177,176,1347,-137,489
-214,2111,202,1125,-927,290
-223,2035,222,1103,-1377,231
-207,1972,220,1096,-1415,171
-173,1935,219,1117,-1580,26
-144,1916,231,817,-1639,100
-119,1900,243,959,-1864,136
-106,1908,250,996,-2132,211
-97,1932,254,974,-2307,159
-85,1964,249,801,-1517,136
-79,1996,254,323,-874,157
-67,2015,258,395,-498,165
-69,2035,256,65,-408,268
-82,2043,266,215,-712,236
-91,2046,259,31,-575,292
-95,2037,252,-57,-682,285
-95,2010,248,70,-794,228
-95,1986,246,17,-876,216
-89,1976,241,-121,-747,242
-73,1972,237,221,-568,297
-67,1986,228,369,-844,341
-41,2007,231,449,-626,332
-28,2021,237,187,-121,196
-33,2033,254,203,85,106
-39,2047,278,143,334,46
-45,2061,293,26,488,-27
-55,2063,296,-156,569,-29
-67,2053,299,-104,625,-36
-70,2044,301,-272,726,-59
-76,2033,306,-234,649,-3
-70,2027,316,-62,559,7
-61,2025,315,-63,514,-6
-56,2029,313,-291,696,0
-63,2023,314,-336,621,54
-69,2020,314,-243,450,106
-65,2014,311,-110,298,65
-64,2014,308,18,287,20
-57,2021,303,-107,349,30
-53,2028,310,-140,349,8
-57,2028,325,-209,359,-39
-62,2019,334,-52,323,-34
-57,2015,336,-12,465,-67
-57,2013,330,-144,497,-89
-63,2010,329,-164,328,-22
-63,2012,325,-184,269,30
-65,2018,328,-191,241,-3
-63,2019,331,-141,274,55
-61,2022,324,-155,277,90
-56,2022,318,-97,219,123
-58,2027,314,-156,376,177
-76,2026,306,-110,273,214
-79,2024,305,-14,246,214
-77,2026,306,-36,14,159
-71,2026,304,42,-13,66
-63,2030,308,53,98,24
-65,2030,308,-77,266,21
-80,2023,306,-128,196,48
-90,2014,306,-62,17,67
-86,2009,305,92,66,41
-79,2013,302,149,90,2
-77,2019,308,107,352,3
-85,2027,313,50,626,-15
-98,2038,317,-103,751,-98
-107,2046,316,-210,575,-105
-104,2050,321,-232,357,-118
-103,2046,318,-240,163,-120
-105,2037,318,-166,-45,-123
-98,2026,320,-76,-51,-75
-95,2020,317,-161,31,-60
-88,2015,313,-172,148,-21
-78,2015,309,-141,304,14
-75,2016,305,-153,456,24
-83,2013,300,-52,381,39
-96,2012,298,-8,442,90
-100,2014,297,50,263,171
-100,2021,290,29,225,151
-100,2023,291,-38,194,136
-96,2025,290,56,-20,90
-94,2030,295,104,-246,13
-85,2038,293,88,-239,-54
-85,2044,296,-54,-115,-5
-97,2042,299,-155,-90,114
-94,2033,305,-129,-54,144
-90,2031,305,-188,-54,150
-79,2026,310,-90,-71,124
-77,2024,311,-274,87,172
-80,2013,312,-338,135,134
-82,2003,312,-219,94,158
-81,1996,310,-155,170,136
-82,1998,308,-76,256,120
-84,2005,312,-100,205,116
-82,2013,312,-210,297,66
-79,2021,316,-128,314,24
-84,2030,318,-244,363,44
-91,2027,319,-241,429,33
-95,2031,316,-286,282,55
-96,2031,321,-174,175,11
-101,2032,321,-249,53,25
-102,2029,330,-243,10,67
-96,2025,330,-248,17,52
-94,2024,328,-300,-106,35
-94,2020,333,-217,-164,67
-94,2015,333,-169,-95,80
-93,2011,328,-221,-27,53
-91,2011,324,-153,26,28
-91,2014,326,-143,51,30
-88,2014,324,-192,219,21
-88,2013,324,-136,292,31
-87,2015,320,-89,233,45
-89,2017,322,-92,223,32
-95,2018,322,-130,253,50
-86,2017,321,-144,461,27
-84,2017,320,-94,409,23
-92,2020,317,-122,404,61
-97,2024,322,-138,320,57
-102,2029,330,-2,187,49
-103,2036,327,-166,203,132
-107,2036,327,-187,95,131
-106,2030,332,-149,97,122
-99,2024,332,-101,26,140
-97,2021,332,-74,7,125
-97,2021,332,-85,45,122
-99,2017,329,-57,73,167
-96,2011,326,-21,206,168
-92,2008,324,30,211,167
-87,2012,320,-63,260,167
-90,2014,321,-13,299,177
-92,2016,323,2,283,164
-90,2021,322,40,206,157
-94,2028,326,6,163,126
-100,2032,326,-131,166,144
-112,2026,323,-62,15,178
-112,2022,327,-89,-88,213
-104,2018,323,-36,-251,218
-94,2017,323,66,-305,257
-78,2018,321,152,-117,226
-79,2021,321,11,-107,205
-83,2021,321,-70,7,201
-90,2017,323,-50,-9,228
-88,2014,320,-78,161,224
-83,2010,319,-40,282,170
-80,2011,316,-161,369,128
-78,2014,319,-52,290,95
-84,2017,326,-113,252,95
-88,2017,328,-256,354,52
-91,2011,331,-146,297,95
-97,2014,325,-156,449,205
-92,2020,318,-259,689,170
-90,2021,313,-483,1028,172
-98,2017,283,-573,1500,246
-123,2014,240,-580,1745,399
-150,2031,183,-497,1634,635
-155,2063,122,-633,1806,794
-153,2085,60,-903,2264,797
-164,2086,-13,-834,2328,788
-160,2101,-60,108,1754,821
-147,2145,-94,523,880,802
-137,2179,-96,2115,174,462
-125,2221,-119,2405,1026,198
-169,2255,-133,3674,985,163
-224,2295,-174,4576,849,111
-267,2344,-193,4760,1310,243
-265,2399,-157,5160,2163,223
-285,2419,-105,5446,1699,132
-317,2395,9,4915,-422,84
-328,2276,216,4588,-3752,48
-261,2089,403,5200,-4959,354
-122,1920,449,6242,-2657,474
-9,1845,387,6785,-1699,759
96,1877,336,6205,-924,1707
69,1957,350,5994,-1235,2372
70,1981,322,6023,-1599,2409
83,1947,271,6793,-1111,2571
85,1909,170,6894,-1105,2467
83,1884,122,6832,-826,1988
58,1838,74,7853,-823,1552
42,1773,39,8764,-535,1258
50,1689,-83,9433,707,793
100,1640,-219,9508,3003,544
126,1650,-321,10340,2359,631
221,1698,-413,10672,3292,1171
331,1743,-493,12168,4433,1842
373,1789,-564,12923,6211,2541
326,1790,-673,14380,5433,2972
259,1841,-832,13068,4450,2980
236,1944,-862,9721,4499,2415
262,2050,-789,6595,4536,2689
377,2150,-617,2650,8283,3400
418,2162,-552,3548,9703,3089
193,2136,-569,1716,8112,1952
-84,2125,-615,1190,3126,525
-131,2158,-646,-1174,1372,-1660
-53,2216,-662,-1650,238,-2138
126,2281,-627,-3150,1136,-1579
243,2261,-642,-3362,340,-1456
207,2185,-677,-3758,-1726,-1990
125,2127,-649,-5702,-2025,-2246
42,2097,-600,-5052,-4479,-1297
58,2097,-604,-5418,-3586,-152
94,2106,-603,-4815,-6313,198
203,2113,-626,-5142,-2692,-147
212,2124,-613,-4485,-4432,-131
236,2154,-585,-4867,-4236,107
258,2155,-558,-7256,-4543,636
290,2078,-616,-6433,-2815,653
229,2041,-606,-8341,-3496,624
207,2047,-549,-9449,-3755,514
238,2048,-516,-9005,-2944,97
252,2058,-497,-9196,-944,-430
187,2060,-509,-10228,-43,-853
129,1999,-428,-9434,-788,-343
164,1958,-402,-9471,267,-147
208,1932,-423,-9139,-259,-105
268,1898,-309,-8269,758,-434
282,1863,-308,-8743,-663,-162
310,1823,-204,-7213,-302,-61
299,1800,-194,-7548,-621,385
293,1781,-166,-6824,-1356,369
284,1764,-112,-6003,-46,292
274,1756,-22,-5499,1228,185
253,1765,8,-4379,1128,-4
279,1788,22,-4037,1179,-147
276,1813,48,-4400,2010,-494
221,1819,128,-4568,2785,-847
125,1820,243,-4051,2519,-1083
79,1860,298,-3840,1741,-942
91,1900,313,-4373,1616,-1127
66,1893,335,-4042,1738,-1787
29,1884,384,-4221,2601,-2420
11,1900,440,-4529,3550,-3090
-24,1903,491,-4189,1792,-2683
-13,1896,519,-3694,-298,-2047
3,1918,524,-3529,-1013,-2026
-23,1918,540,-3184,419,-1922
-72,1866,541,-3237,945,-1548
-66,1820,507,-2203,566,-1271
-28,1826,522,-1595,-197,-904
-3,1818,519,-1608,-816,-580
12,1787,517,-787,-1503,-318
34,1751,517,-255,-897,-358
7,1731,477,493,206,-607
-58,1785,446,950,761,-787
-105,1896,396,939,855,-598
-118,2023,345,1255,1178,-625
-156,2188,327,952,1481,-609
-220,2353,311,1028,981,-234
-206,2500,288,1516,1317,31
-190,2705,194,2391,4090,570
-123,2842,78,1804,3367,1119
55,2740,28,1103,1608,1157
111,2493,54,2189,616,835
-14,2275,59,2626,-846,338
-199,2149,115,1879,-1502,118
-317,2071,188,1679,-2027,-424
-329,2029,260,979,-1809,-1395
-244,1991,274,945,-1564,-1931
-127,1950,247,865,-1298,-1633
-105,1914,225,858,-526,-862
-142,1944,194,850,-335,-211
-146,2037,212,606,325,287
-122,2097,222,-429,688,632
-98,2093,213,-282,-161,573
-77,2095,222,-290,-337,399
-94,2081,244,-709,-132,65
-123,2047,273,-264,-215,-144
-135,2032,288,-585,-474,-144
-135,2013,296,-435,-951,-218
-126,1999,284,-578,-1173,-272
-111,1993,279,-673,-1408,-242
-94,1998,283,-728,-1047,-177
-81,2002,291,-785,-723,-17
-66,1998,303,-547,-675,85
-53,2003,318,-438,-726,117
-46,2016,333,-442,-562,145
-50,2024,347,-540,-225,146
-54,2018,357,-566,-25,102
-56,2010,360,-614,-105,-11
-57,2000,361,-520,-264,-79
-68,1991,365,-587,-354,-131
-82,1982,373,-643,-469,-190
-93,1972,374,-527,-439,-175
-98,1969,381,-497,-202,-114
-103,1976,382,-384,114,-28
-90,1985,373,-102,597,68
-72,1994,361,-149,781,201
-59,1996,350,44,835,255
-59,2004,339,59,669,284
-64,2010,336,181,815,223
-86,2015,331,40,853,184
-94,2016,341,82,887,111
-91,2021,344,79,643,76
-83,2026,343,105,439,23
-80,2032,347,47,382,66
-80,2037,350,67,309,79
-74,2039,352,77,333,103
-72,2039,358,142,294,141
-72,2036,360,-36,229,129
-81,2023,366,-39,246,199
-97,2019,370,17,309,292
-93,2021,366,152,132,248
-76,2027,373,208,-60,141
-69,2036,376,98,26,47
-73,2037,374,28,185,69
-81,2030,368,37,57,183
-81,2017,356,154,-78,173
-87,2011,345,129,-198,201
-85,2005,336,197,-163,186
-78,2001,321,190,-81,217
-70,1996,308,223,-66,196
-62,1994,298,300,108,198
-67,1995,291,362,59,236
-71,2005,287,322,207,304
-64,2013,282,413,275,307
-54,2016,274,397,323,254
-55,2021,277,340,233,264
-56,2028,285,419,95,224
-54,2038,284,402,34,174
-57,2043,288,258,159,148
-60,2040,288,196,123,128
-63,2038,287,147,161,150
-64,2036,287,42,229,107
-66,2034,292,-69,326,74
-72,2026,296,-245,381,120
-73,2014,297,-273,393,180
-66,2003,299,-73,513,197
-63,2003,292,-145,654,168
-63,2006,285,-121,578,224
-70,2023,285,-12,639,260
-80,2038,282,-31,418,268
-77,2044,290,-118,407,217
-81,2043,294,-200,250,129
-89,2038,299,-41,-32,78
-91,2036,306,-45,-114,52
-87,2033,312,-57,-99,60
-83,2029,314,-176,2,74
-78,2025,317,-253,39,86
-77,2025,317,-246,46,131
-70,2024,314,-162,217,158
-63,2022,307,-278,221,191
-62,2020,308,-324,197,175
-66,2019,312,-386,144,127
-68,2018,310,-381,79,96
-68,2016,308,-306,0,51
-71,2015,305,-111,-67,46
-71,2019,302,-58,11,31
-70,2025,299,-109,116,-7
-73,2030,302,-209,82,2
-72,2031,307,-177,199,12
-67,2028,312,-107,301,4
-67,2023,309,-152,383,18
-68,2018,311,-71,337,73
-67,2018,312,-96,198,71
-66,2022,314,-177,96,63
-62,2025,317,-143,250,41
-61,2022,317,-227,401,-14
-65,2015,322,-283,446,-10
-70,2010,325,-154,427,19
-81,2017,318,-108,366,104
-81,2024,319,-199,297,70
-74,2028,321,-90,347,16
-79,2026,318,-126,231,23
-82,2022,319,-69,184,68
-81,2021,317,-80,115,62
-74,2020,316,-112,107,25
-74,2018,314,-40,149,50
-74,2019,316,-4,29,87
-75,2023,317,-29,60,71
-80,2029,321,-42,68,84
-78,2030,323,-36,147,52
-79,2032,320,-236,219,49
-84,2028,321,-202,101,34
-83,2027,321,-190,126,5
-86,2022,326,-212,131,6
-88,2018,327,-272,225,38
-96,2013,322,-263,-27,75
-85,2013,327,-102,-70,95
-68,2019,325,-50,81,81
-70,2026,319,-249,309,106
-80,2025,318,-303,335,134
-86,2019,316,-299,377,153
-87,2013,314,-408,491,120
-89,2002,305,-632,669,202
-107,1985,276,-738,607,369
-109,1971,223,-562,262,590
-87,1967,152,-406,249,633
-57,1966,76,-898,1383,529
-46,1950,9,-919,2624,292
-84,1948,-55,-823,3685,259
-156,1976,-143,-628,3704,533
-210,2006,-200,-159,3088,683
-239,2053,-221,721,1803,739
-239,2134,-218,1150,1559,539
-252,2227,-168,2477,486,417
-244,2299,-182,4385,-951,314
-214,2390,-179,4951,-1794,138
-194,2489,-158,4693,-941,-140
-222,2570,-61,4429,-742,-216
-253,2606,94,3431,-1457,-307
-279,2542,292,2299,-3302,-530
-246,2371,491,1748,-4352,-789
-149,2166,592,2617,-3106,-834
-12,2012,570,3077,-140,-431
59,1920,521,3469,1015,315
57,1942,480,3623,686,1361
10,1978,449,3711,-552,2081
-37,1958,422,3904,-1541,2408
-41,1934,384,4914,-1372,2368
-29,1907,317,5696,-1205,2566
-20,1848,253,6898,-1986,2473
9,1808,195,8227,-1831,2134
41,1799,134,9119,-888,1647
66,1796,90,9913,1030,1112
49,1798,21,10314,1727,1277
60,1827,-66,10776,1401,1842
89,1852,-124,11124,1360,2358
141,1868,-211,11443,1386,2513
232,1884,-266,11644,2499,2153
257,1889,-334,11503,3310,2002
250,1884,-388,10927,3946,1638
266,1823,-457,11994,4250,1454
283,1777,-584,12534,3845,1959
290,1873,-716,8729,4901,2427
301,2000,-641,6638,5549,2637
322,2037,-553,6813,7352,2916
248,2036,-509,3920,4535,3282
180,1943,-622,5272,1821,2459
111,1909,-704,1869,3529,591
37,1958,-677,244,922,-450
96,2092,-642,-1844,1205,-656
190,2229,-598,-3185,919,-642
248,2269,-550,-4637,1342,-795
218,2203,-531,-3271,-132,-953
165,2155,-566,-3880,-458,-1424
132,2167,-571,-5074,-2368,-1870
213,2181,-674,-6081,-571,-2135
297,2197,-697,-5797,-1116,-1742
291,2214,-674,-7881,-3747,-974
247,2145,-782,-8956,-2052,-320
142,2055,-749,-8242,-3522,-136
146,2022,-738,-10671,-1919,-559
297,2106,-491,-9324,1051,-1295
444,2118,-553,-10014,4515,-758
302,1974,-593,-10896,-1822,122
129,1879,-545,-7545,-4838,329
99,1937,-505,-9894,-3545,-78
130,1938,-457,-9455,-2476,-647
152,1904,-405,-9003,-2578,-488
250,1899,-332,-9927,-1072,-703
271,1875,-178,-8829,677,-806
228,1839,-144,-7170,-1636,-419
256,1844,-123,-7532,24,52
233,1822,-88,-7979,1501,-254
207,1786,20,-8738,2216,-797
132,1737,133,-7365,887,-1026
124,1743,172,-5078,-677,-844
187,1823,206,-5677,465,-1243
194,1854,215,-5112,1108,-1977
194,1837,251,-5133,2351,-2391
146,1803,333,-4899,2103,-3058
65,1835,427,-3995,411,-2640
21,1903,477,-5152,399,-2131
-47,1888,511,-4351,123,-2086
-49,1833,509,-4104,1071,-2006
-7,1785,523,-3398,1955,-2317
24,1791,543,-3813,1496,-2245
5,1785,575,-4574,1020,-1734
-31,1743,604,-3232,-89,-1191
-14,1697,573,-1794,-197,-942
-4,1692,532,-962,106,-767
-14,1743,505,-981,914,-536
-38,1805,482,-1234,459,-153
-34,1870,477,-513,821,54
-58,2022,481,688,-49,128
-72,2248,424,773,345,414
-99,2437,377,0,619,382
-141,2541,361,38,287,247
-174,2594,364,-755,440,198
-183,2584,365,-58,375,116
-148,2550,318,465,888,-86
-100,2520,271,897,1734,-129
-73,2459,204,348,1585,136
-36,2345,197,430,1406,308
-41,2217,185,625,1195,205
-77,2107,197,747,1131,-99
-128,2005,214,457,890,-311
-163,1928,254,292,384,-349
-162,1860,305,778,-513,-435
-138,1839,322,987,-754,-399
-121,1862,316,1159,-584,-179
-112,1902,292,1012,-278,54
-90,1966,296,785,623,119
-82,2016,304,150,1389,175
-88,2037,310,293,1055,298
-91,2057,319,124,802,160
-115,2060,328,163,607,-140
-138,2048,335,-10,269,-99
-153,2033,352,-261,264,-67
-166,2020,371,-396,93,-152
-161,2016,389,-266,-221,-131
-139,2016,399,-560,-272,-198
-129,2003,399,-377,-569,-163
-122,2001,395,-370,-567,-39
-126,1990,392,-180,-857,95
-116,1986,397,-140,-635,143
-107,1984,398,16,-745,106
-88,1982,405,120,-546,165
-79,1987,410,10,-321,177
-92,1980,407,69,-474,160
-107,1985,411,165,-491,156
-118,1994,402,256,-679,100
-99,1997,406,259,-765,69
-79,1997,410,359,-695,91
-68,2004,408,273,-542,95
-65,2006,421,312,-438,108
-65,2017,429,150,-357,79
-72,2017,431,150,-417,75
-81,2015,424,104,-403,139
-84,2015,423,89,-591,172
-82,2010,429,-1,-643,227
-76,2001,429,-102,-533,237
-66,1993,434,40,-219,229
-62,1991,429,199,-8,155
-56,1992,413,146,283,138
-60,1991,402,193,416,141
-72,1996,387,343,329,208
-66,2001,377,483,136,198
-63,2010,372,325,94,79
-67,2015,378,148,152,43
-72,2018,381,7,242,48
-67,2015,382,80,245,19
-58,2018,378,-4,429,15
-57,2014,373,-9,524,-12
-64,2010,368,-59,611,-6
-83,2012,373,-228,485,34
-100,2006,378,-239,252,18
-109,1996,382,-114,-90,65
-96,1988,378,10,-69,43
-78,1989,377,195,107,83
-77,1998,366,258,22,163
-71,2013,364,227,-76,140
-70,2024,363,183,-27,90
-78,2028,364,156,-142,98
-83,2027,368,112,-119,145
-81,2021,372,41,-146,173
-74,2020,373,32,5,162
-72,2016,371,1,15,145
-69,2016,367,-13,16,126
-75,2018,362,-18,-84,152
-74,2020,360,-79,-109,183
-69,2016,362,-49,-97,166
-66,2017,366,-73,-34,147
-69,2020,367,-200,88,128
-62,2015,371,-205,260,86
-62,2005,374,-152,242,56
-68,1999,376,-219,296,85
-77,1997,377,-176,317,67
-81,2001,380,-203,371,53
-78,2005,378,-187,419,23
-74,2006,375,-40,408,63
-67,2009,370,21,308,78
-65,2015,366,-82,283,80
-72,2017,364,-74,180,44
-73,2016,369,-8,172,69
-68,2015,373,3,194,26
-66,2015,376,14,232,32
-64,2018,375,-109,211,57
-64,2017,377,-111,159,96
-75,2017,376,-167,175,165
-78,2018,370,-118,67,221
-70,2018,376,-171,113,217
-60,2018,382,-169,30,212
-61,2019,383,-165,-48,218
-65,2020,388,-271,60,264
-67,2017,388,-240,110,197
-71,2015,386,-266,122,194
-74,2010,384,-359,169,155
-78,2009,382,-341,64,122
-72,2005,384,-238,168,92
-69,2000,378,-245,139,95
-64,1995,371,-212,293,136
-61,1994,367,-145,466,127
-62,1993,360,-101,380,122
-59,1995,355,-55,408,97
-62,1999,357,-53,401,89
-71,2004,358,-28,234,98
-68,2008,367,-5,257,63
-65,2015,371,32,211,0
-66,2021,371,5,155,-8
-66,2024,377,-84,205,-23
-73,2026,382,-189,118,-2
-79,2024,384,-199,78,26
-76,2020,386,-140,97,35
-73,2017,387,-246,105,47
-73,2010,389,-250,-56,76
-67,2005,392,-160,66,52
-63,2004,392,-209,53,39
-58,2005,386,-291,224,21
-69,2006,391,-261,273,33
-80,2011,391,-244,239,145
-72,2014,397,-174,261,94
-67,2012,395,-179,200,122
-69,2011,387,-219,96,142
-76,2006,390,-146,30,141
-77,2008,396,-132,105,107
-70,2011,398,-234,235,48
-70,2007,396,-137,142,61
-69,2002,396,-39,134,87
-71,2005,391,-87,187,73
-72,2005,391,-89,257,62
-74,2006,394,-80,257,29
-73,2007,395,-163,296,7
-72,2005,398,-130,252,-13
-73,2001,397,-126,314,31
-73,2000,390,-48,261,9
-81,2002,392,-134,111,48
-81,2004,393,-56,137,80
-79,2006,391,-46,86,71
-74,2008,390,3,157,74
-72,2014,390,-110,179,93
-76,2014,397,-27,185,104
-81,2018,393,-128,118,80
-83,2018,392,-50,75,20
-79,2018,391,-143,139,7
-80,2013,392,-138,114,66
-83,2012,396,-153,30,102
-85,2010,398,-180,-16,106
-80,2005,397,-167,97,102
-71,1997,389,-141,143,99
-69,1992,393,-110,219,123
-73,1998,389,-235,297,174
-71,2003,395,-100,269,126
-70,2011,399,-34,206,95
-70,2018,395,-209,381,66
-80,2015,386,-202,268,95
-82,2011,387,-236,297,99
-80,2008,390,-333,347,91
-80,2002,393,-372,329,90
-78,1995,387,-449,412,111
-75,1993,372,-606,869,156
-76,2000,344,-685,1549,230
-81,2019,307,-937,2265,371
-102,2043,260,-1153,2344,587
-131,2054,205,-1185,2000,768
-171,2055,148,-738,1368,874
-200,2071,93,-336,1140,845
-219,2089,49,-37,1136,729
-228,2116,12,522,825,588
-208,2152,-4,1139,1164,455
-209,2198,-33,1536,835,450
-200,2234,-47,2966,144,502
-166,2290,-58,3677,72,388
-142,2362,-28,4209,-272,241
-149,2416,-7,4448,-555,74
-187,2440,66,4506,-776,-194
-251,2439,167,3999,-1433,-358
-280,2360,309,3082,-2076,-341
-270,2203,497,2999,-2949,-322
-180,2026,613,3386,-2795,-215
-4,1877,610,4561,-655,-135
95,1806,540,4881,210,385
60,1834,504,4788,789,1002
4,1876,477,4336,257,1504
38,1858,445,4876,983,1811
29,1849,385,5245,1031,2053
54,1872,318,5865,1269,2371
84,1893,238,6677,1250,2427
92,1903,145,7631,910,2156
94,1923,84,8466,1021,2186
123,1946,-8,8299,2239,2161
128,1946,-54,8695,2918,2120
118,1925,-75,9051,2881,2025
115,1878,-59,9966,2741,1817
147,1850,-106,10310,3644,1766
130,1865,-167,9725,3061,1816
125,1863,-179,8955,3926,1540
141,1787,-252,9737,4747,1731
141,1760,-344,8690,6076,2676
143,1800,-415,10137,3839,3154
237,1900,-478,8229,4205,3230
308,1957,-505,7642,1653,3110
342,1961,-543,7899,4268,2640
274,1988,-607,5328,4340,2167
181,1993,-646,3385,3044,1735
126,1989,-612,2983,2476,1262
88,2027,-655,2495,624,107
92,2096,-675,1467,497,-637
121,2185,-661,-1862,-1158,-459
185,2242,-672,-3950,-729,-208
206,2232,-594,-4407,-1837,-249
199,2186,-559,-4454,-3304,-975
197,2148,-566,-3605,-1636,-1581
147,2160,-555,-4172,-3515,-1180
179,2206,-553,-7319,-1991,-536
210,2181,-560,-6481,-3261,-146
279,2166,-604,-9853,-1513,-722
337,2097,-513,-5162,2495,-1075
362,2079,-607,-10233,3862,-518
390,2077,-361,-8803,2926,-463
425,2049,-331,-4014,6286,-865
212,2056,-490,-9201,-5203,-189
165,2060,-571,-12566,-3403,-428
161,2020,-375,-9436,-1483,-1129
156,2021,-338,-10811,-2600,-978
139,2001,-312,-10529,-5817,-79
197,1943,-267,-7776,-3497,351
238,1948,-254,-9365,-1513,315
234,1907,-199,-8469,-2644,438
251,1860,-101,-8151,-1890,654
230,1814,-9,-7107,-1495,692
221,1800,43,-7034,1310,418
182,1799,18,-5715,799,544
232,1817,50,-7244,1596,402
212,1756,81,-5692,50,133
198,1748,151,-5535,-813,-101
170,1787,230,-3637,-1519,-278
194,1874,265,-4668,546,-521
172,1865,289,-4685,1937,-1024
161,1815,350,-4144,1107,-1365
168,1823,397,-3735,249,-1591
174,1867,451,-3651,896,-1535
146,1892,478,-4220,1587,-1412
119,1879,504,-3639,1585,-1399
118,1882,531,-4069,1746,-1716
115,1885,583,-3852,1852,-2085
85,1882,628,-3931,1047,-1927
62,1886,653,-3402,-276,-1526
63,1922,647,-3085,-103,-1119
68,1926,641,-3193,533,-1009
80,1878,627,-2917,1045,-1053
103,1810,604,-2041,1048,-1099
94,1759,598,-1540,395,-1118
89,1771,620,-661,77,-1152
82,1808,634,-631,653,-1151
32,1822,658,-443,886,-988
-34,1862,649,344,524,-702
-67,1978,601,347,230,-563
-54,2096,593,930,133,-523
-44,2192,562,617,17,-380
-44,2233,547,1290,-633,-176
-40,2269,503,1295,-1091,-96
-44,2281,486,1624,-912,-314
-41,2290,452,1625,-167,-367
-44,2269,422,1893,132,-269
-64,2264,384,1776,1017,-44
-107,2284,336,1883,904,275
-76,2283,288,2322,504,516
-9,2252,260,2356,-141,609
21,2188,260,2416,-179,405
-19,2107,256,2648,-611,132
-61,2040,279,2682,-537,-153
-86,1990,273,2428,-735,-429
-94,1954,281,2362,-953,-703
-95,1936,290,2321,-1102,-906
-87,1938,305,2112,-654,-859
-54,1953,304,1854,16,-702
-24,1977,302,1685,526,-537
-4,2005,306,1305,778,-368
-7,2035,309,1031,875,-304
-25,2047,307,886,927,-249
-49,2054,313,671,814,-280
-76,2052,322,503,719,-353
-102,2049,327,439,472,-380
-106,2049,320,282,430,-513
-101,2044,317,273,154,-610
-93,2043,313,132,-218,-558
-86,2036,300,115,-492,-397
-80,2027,296,171,-519,-248
-66,2029,293,106,-403,-122
-45,2027,299,153,18,-117
-31,2029,304,-78,284,-3
-25,2018,301,-166,395,24
-48,2006,301,-225,380,85
-65,2006,307,-93,51,20
-68,2011,312,-51,-98,-3
-55,2017,309,24,-33,-74
-50,2018,306,-51,-160,9
-45,2023,304,129,-133,144
-51,2036,298,73,-326,336
-41,2043,307,104,129,250
-49,2033,320,56,317,185
-64,2016,330,145,111,230
-73,2009,334,117,-134,245
-68,2003,340,141,17,181
-56,2004,334,-5,308,137
-47,2009,324,50,384,141
-42,2022,310,-3,527,107
-43,2033,301,7,532,108
-53,2035,296,-100,521,104
-73,2035,294,-205,454,96
-87,2026,293,-90,423,50
-88,2024,294,-26,263,-27
-80,2020,294,50,251,-112
-79,2019,288,62,149,-191
-78,2022,296,137,-23,-212
-77,2031,303,140,-170,-208
-72,2034,306,184,-156,-199
-72,2039,309,52,-247,-110
-64,2032,312,138,-237,-84
-57,2027,311,98,-254,-67
-47,2025,315,-26,2,-75
-49,2020,320,-75,38,4
-56,2016,322,-207,106,6
-60,2017,328,-206,175,4
-57,2017,318,-187,258,31
-53,2016,304,-56,287,23
-51,2021,299,-142,528,62
-63,2025,289,-43,301,122
-65,2030,294,72,310,97
-72,2038,292,-141,197,86
-80,2037,297,-77,30,23
-83,2034,300,-162,132,16
-79,2025,305,-194,152,-35
-75,2019,306,-89,41,-25
-75,2020,302,-90,-68,-12
-76,2025,297,-83,-32,32
-78,2032,297,-158,106,50
-72,2036,305,-173,264,22
-71,2035,308,-286,310,25
-78,2027,308,-302,274,9
-84,2019,310,-291,294,-27
-90,2009,307,-153,286,-71
-102,2007,302,-268,87,-31
-102,2008,305,-91,-112,9
-91,2014,306,-29,-56,10
-74,2019,303,-145,30,29
-70,2020,300,-144,151,25
-72,2022,300,-127,200,38
-82,2022,298,-140,135,48
-88,2025,301,-193,153,70
-90,2027,306,-183,109,42
-89,2029,310,-180,-14,4
-85,2027,311,-236,10,-21
-90,2022,314,-235,-10,3
-91,2015,316,-202,13,-2
-99,2013,314,-105,-104,68
-102,2017,308,-61,-208,147
-87,2022,305,-31,-326,107
-67,2027,303,-2,-257,91
-58,2030,306,-23,7,57
-64,2032,311,-148,180,82
-77,2029,317,-208,331,61
-77,2025,324,-274,436,54
-79,2021,322,-265,496,-70
-84,2020,322,-220,357,-25
-89,2021,325,-179,264,18
-91,2023,323,-243,191,50
-87,2019,320,-230,255,23
-77,2013,313,-176,207,38
-71,2005,310,-4,291,116
-75,2004,306,22,275,146
-82,2006,307,103,191,172
-86,2014,305,74,213,170
-90,2019,307,141,171,134
-84,2027,311,69,254,106
-86,2034,314,0,205,88
-87,2040,323,-81,222,78
-91,2042,327,-206,228,113
-93,2040,328,-211,151,93
-87,2037,328,-226,195,36
-85,2034,331,-251,193,7
-86,2031,328,-259,275,23
-91,2025,329,-285,273,61
-96,2020,332,-278,185,65
-97,2012,331,-212,47,76
-95,2011,331,-237,141,123
-103,2014,325,-152,55,154
-95,2018,328,-156,69,82
-90,2023,328,-170,8,37
-94,2019,331,-40,-28,50
-101,2017,328,-40,-40,128
-98,2016,331,69,-191,87
-92,2016,329,18,-126,66
-92,2016,329,71,-94,63
-93,2015,326,36,-89,72
-91,2017,322,-12,-44,86
-87,2015,321,-26,-18,94
-85,2013,318,24,42,97
-87,2016,318,32,24,135
-84,2024,315,26,62,177
-78,2027,314,-43,103,145
-81,2026,315,-32,149,168
-80,2023,317,43,139,161
-83,2024,316,14,191,118
-83,2021,313,-54,203,118
-83,2021,310,-127,216,103
-87,2022,313,-88,182,112
-90,2025,315,-88,61,163
-86,2029,313,-90,93,145
-77,2032,314,-102,169,141
-72,2030,315,-164,330,122
-73,2026,312,-210,469,120
-81,2019,312,-241,266,160
-82,2018,312,-75,169,133
-75,2020,314,-170,216,113
-75,2021,315,-353,394,124
-86,2018,302,-387,335,203
-78,2009,295,-285,442,200
-85,2004,277,-341,595,171
-107,2006,245,-372,691,246
-135,2019,193,-575,916,322
-159,2032,137,-873,1046,326
-172,2032,75,-730,1300,365
-167,2026,2,-485,1707,254
-175,2027,-63,-4,1678,233
-200,2047,-129,728,1684,335
-214,2073,-187,1710,1751,315
-227,2115,-226,3053,837,323
-220,2170,-261,3664,845,245
-232,2213,-287,4817,261,97
-248,2266,-280,6038,-574,53
-272,2350,-263,6316,-698,-79
-327,2447,-186,6006,-672,-454
-414,2533,-29,5718,-1688,-535
-440,2572,172,4961,-4543,-589
-365,2500,403,3593,-7198,-648
-161,2288,571,4154,-6573,-662
60,2086,541,5148,-3421,-827
175,1969,421,5545,-387,-294
134,1973,362,4642,290,768
114,1935,341,4448,8,1553
123,1875,320,5313,243,1929
91,1854,234,5734,-314,2175
80,1844,148,6036,-303,2432
78,1838,71,6329,192,2279
86,1831,17,6484,1774,1330
64,1824,-45,6824,2637,776
59,1800,-82,7494,3702,771
84,1779,-134,7796,4154,1226
132,1766,-162,9966,3098,1938
237,1804,-281,9600,4588,2294
279,1866,-356,9881,5177,2398
245,1926,-401,8813,6738,2242
176,1902,-449,8892,9741,2309
44,1809,-500,10408,7104,3193
51,1786,-627,11122,4367,3854
194,1908,-691,7139,5402,3710
286,2020,-658,5376,6611,3888
303,2034,-543,5146,5622,4111
251,2014,-546,1940,5590,2953
93,2017,-562,1094,2562,1370
-13,2085,-585,-614,-454,378
23,2191,-613,-3674,-1571,-215
142,2279,-574,-3297,-1295,-1094
211,2327,-610,-3832,-1124,-1570
227,2315,-631,-5567,-617,-1815
225,2234,-608,-4098,-1635,-1882
240,2181,-592,-4948,-1070,-1672
234,2166,-534,-5430,-489,-1538
191,2135,-554,-5018,-189,-1605
112,2082,-578,-5030,-1469,-1424
81,2069,-526,-9162,-2120,-1287
158,1982,-532,-6996,-389,-1066
207,1983,-503,-7065,517,-1406
207,2013,-481,-9865,662,-1786
179,1971,-368,-6403,-724,-1167
193,1973,-422,-8148,-1553,-333
257,1986,-461,-10216,-1151,-669
217,1966,-336,-9352,-2920,-1092
155,1975,-283,-8064,-4044,-326
187,1942,-268,-7868,-1580,-754
178,1942,-198,-8937,-226,-651
127,1903,-141,-8371,-797,-733
158,1901,-96,-7934,-1686,-942
161,1910,-6,-7954,-1346,-847
153,1890,25,-8064,434,-732
130,1830,83,-8258,1169,-1019
96,1811,101,-7451,-200,-1198
134,1843,167,-6153,-522,-1560
126,1877,166,-5712,-848,-1695
115,1872,187,-5843,346,-1799
33,1856,255,-5404,-69,-2103
16,1886,308,-4507,-105,-2240
41,1924,367,-4429,210,-2334
36,1939,397,-4688,565,-2151
23,1915,434,-4590,81,-1578
23,1899,470,-3903,-431,-1074
23,1901,544,-4085,-358,-705
20,1880,605,-3873,-28,-349
7,1839,627,-3086,-142,-65
7,1796,624,-2832,-49,243
-2,1743,592,-2058,-140,161
-4,1712,563,-1192,-66,-152
-23,1719,549,-649,21,-459
-36,1743,568,-845,265,-385
-54,1746,592,-163,-823,-137
-33,1777,571,663,-1364,111
-4,1810,545,1886,-1498,96
-3,1856,523,1950,-1581,13
-18,1898,543,1956,-857,-149
-84,1937,545,1857,-1473,-185
-99,2003,530,2471,-1193,-174
-116,2116,502,2817,-1156,-158
-97,2246,463,2545,-845,-298
-74,2341,440,1633,-105,-505
-84,2377,405,1357,75,-542
-68,2409,368,1453,925,-491
-57,2416,322,1508,1588,-544
-71,2422,263,991,2301,-527
-108,2413,225,755,2370,-479
-134,2397,198,647,2786,-281
-153,2386,136,620,2580,-78
-136,2343,90,728,1516,-79
-101,2268,55,757,977,-232
-115,2176,36,590,659,-579
-187,2070,44,890,125,-686
-261,1979,25,1125,-732,-366
-240,1955,67,1001,-450,-487
-174,1968,137,469,120,-800
-162,1937,158,909,-1257,-472
-131,1937,176,1045,-1581,-144
-128,1968,181,975,-1458,-89
-121,1992,186,809,-1001,-279
-122,2011,198,607,-722,-95
-134,2035,223,307,-612,205
-119,2046,237,4,-479,291
-104,2042,250,-155,-495,108
-108,2035,250,-238,-565,-8
-108,2017,240,-502,-324,-36
-111,2006,243,-455,-392,-49
-105,1999,253,-542,-703,-138
-104,1998,268,-416,-803,-250
-110,2004,278,-361,-474,-315
-119,2006,263,-525,-352,-191
-100,2002,261,-276,-39,-81
-83,2004,263,-148,198,-120
-83,2011,283,-206,114,-141
-93,2024,299,-382,242,-113
-116,2034,321,-526,144,-98
-124,2030,332,-430,-45,-75
-110,2022,337,-416,106,-56
-96,2019,345,-307,128,-131
-93,2020,346,-455,310,-82
-103,2019,344,-577,366,-88
-108,2009,340,-399,551,-116
-107,2013,333,-262,587,-110
-104,2023,339,-385,836,-177
-114,2026,343,-490,881,-130
-130,2020,345,-371,496,-74
-137,2016,345,-220,442,-47
-138,2014,340,-234,353,-65
-135,2006,340,-212,222,-19
-142,2012,346,-161,120,81
-146,2022,341,-214,-8,84
-139,2027,344,-279,-61,44
-133,2022,344,-84,-84,78
-127,2023,342,-256,35,87
-119,2025,346,-97,126,78
-120,2027,345,-185,103,117
-126,2027,350,-89,5,138
-130,2025,349,-93,-14,195
-132,2019,350,-4,-190,172
-122,2016,357,34,-122,179
-116,2014,350,-16,-55,132
-118,2010,345,-4,-55,111
-129,2010,345,-65,8,178
-132,2005,341,-102,18,173
-131,2000,336,-67,-134,134
-124,1996,334,48,-146,140
-120,1997,332,18,-5,136
-117,2002,329,39,-10,110
-113,2010,327,65,93,113
-120,2015,325,-9,108,131
-127,2018,322,-47,202,144
-126,2016,322,38,180,101
-117,2018,321,-1,131,77
-116,2019,321,1,184,56
-122,2023,328,-61,167,64
-128,2028,332,-77,96,83
-125,2026,335,-178,68,65
-120,2022,334,-115,38,77
-128,2024,324,27,-24,111
-122,2031,325,-6,90,74
-115,2035,327,-131,126,29
-116,2035,332,-187,193,-11
-124,2032,335,-232,192,-10
-131,2028,336,-270,140,28
-132,2024,337,-119,-70,45
-127,2021,336,-80,-66,94
-122,2014,334,-25,-2,128
-121,2008,336,-26,48,136
-127,2007,338,-171,115,209
-125,2001,341,-34,76,190
-121,1999,341,-35,-41,163
-119,2002,342,-65,-22,126
-122,2002,347,61,-24,106
-122,2003,345,-3,94,113
-127,2003,346,11,153,130
-132,2006,351,76,116,140
-129,2013,348,60,176,87
-124,2023,348,-6,216,71
-121,2029,350,-64,332,32
-120,2030,342,-124,365,66
-122,2030,335,-216,350,80
-125,2029,331,-188,289,98
-128,2028,333,-189,235,97
-129,2028,335,-205,288,104
-131,2027,337,-152,220,134
-128,2026,334,-213,257,78
-127,2019,326,-211,111,134
-130,2012,321,-53,142,202
-133,2013,320,15,49,259
-127,2020,328,7,-40,223
-121,2022,330,-23,-8,218
-122,2019,327,19,-121,246
-119,2020,330,-8,-105,248
-112,2020,334,23,-73,290
-116,2018,340,-47,-48,276
-117,2017,339,30,2,298
-119,2020,339,-46,-37,332
-114,2020,336,-82,-4,310
-107,2016,334,-62,147,261
-98,2015,333,-75,136,255
-99,2017,331,-48,63,232
-98,2018,333,-112,69,213
-95,2018,328,-85,263,194
-95,2014,328,-78,340,180
-98,2016,326,-185,503,216
-100,2013,330,-139,570,164
-103,2010,325,-109,505,158
-106,2006,321,-92,481,140
-116,2003,319,-10,230,174
-118,2006,315,-29,190,208
-116,2010,313,50,165,191
-112,2017,317,90,2,125
-108,2024,318,-14,-127,159
-102,2029,321,38,-4,130
-99,2036,327,-42,103,124
-92,2039,328,-93,299,83
-93,2036,326,-129,230,122
-104,2034,324,-197,165,197
-109,2033,334,-159,115,209
-105,2030,341,-266,147,134
-102,2025,338,-227,133,162
-106,2016,335,-159,55,196
-108,2008,328,-148,58,178
-102,2001,328,-61,161,126
-103,2006,329,-160,96,161
-101,2009,331,-136,119,131
-105,2010,330,-118,84,135
-103,2011,327,-123,117,133
-94,2014,328,-81,283,89
-89,2016,326,-183,402,65
-92,2016,325,-131,382,66
-100,2016,330,-119,367,77
-104,2024,331,-196,293,77
-102,2026,332,-175,440,68
-103,2026,333,-218,404,61
-104,2026,337,-203,274,93
-102,2026,340,-138,249,133
-102,2026,340,-205,282,118
-104,2020,339,-276,348,128
-114,2013,332,-453,443,147
-131,2011,315,-447,765,253
-162,2020,282,-664,1063,353
-184,2039,232,-675,1161,603
-209,2061,167,-701,1207,882
-205,2071,87,-421,1618,822
-198,2075,13,-267,1929,646
-191,2067,-51,188,2223,548
-194,2060,-133,702,2387,503
-207,2057,-201,1457,2598,445
-232,2076,-253,2162,2624,422
-221,2124,-252,3052,2666,294
-219,2204,-225,5049,491,316
-193,2301,-240,5615,-5,139
-235,2401,-192,6117,-751,-106
-324,2506,-87,5914,-1002,-171
-414,2554,48,5398,-2404,-294
-445,2500,249,4378,-4366,-544
-339,2318,489,3518,-4824,-828
-95,2097,617,4898,-2616,-768
147,1965,551,5801,1157,-450
210,1947,492,4916,2105,996
122,2004,460,4566,1223,2375
102,2016,412,4646,450,3155
100,1982,359,5032,655,3306
57,1952,292,5152,1897,2965
-42,1898,228,5912,1657,2575
-66,1816,150,7109,1010,2152
-6,1774,84,7777,2801,1304
13,1742,6,8318,2956,1115
47,1722,-71,9155,2840,1315
91,1717,-126,10176,2823,1659
152,1723,-194,10752,4366,2012
198,1747,-310,11585,4361,2446
241,1824,-384,10072,6891,2578
164,1860,-455,12043,5034,2863
112,1844,-586,8673,2778,3204
173,1757,-607,10816,2467,3317
234,1786,-691,8387,4092,2500
256,1905,-690,6279,2253,2049
345,2019,-672,3539,4089,2203
306,2097,-572,2027,2370,2647
190,2136,-596,1897,1690,1937
34,2205,-591,-415,-540,771
-43,2266,-554,557,-2244,-258
29,2335,-629,-2599,-1197,-868
172,2325,-653,-4294,1542,-972
246,2264,-704,-3846,138,-730
234,2243,-711,-5755,-1140,-746
160,2223,-673,-6712,-3627,-1024
160,2184,-614,-7753,-3216,-1198
156,2122,-642,-6517,-6177,-775
193,2106,-643,-7584,-2680,-628
188,2072,-665,-11038,-2134,-764
172,1987,-489,-8226,-2309,-459
206,1969,-419,-7154,-1877,-46
267,1981,-534,-11124,-489,-151
232,1924,-443,-8726,-3020,-126
231,1894,-416,-8584,-2605,387
208,1883,-393,-9462,-4568,239
171,1860,-285,-8634,-2015,91
138,1860,-241,-8216,-4237,408
232,1868,-197,-7620,-1931,236
305,1919,-164,-8382,348,-534
245,1918,-90,-8982,1090,-908
155,1884,-30,-7375,-102,-312
157,1916,23,-6433,-192,-155
225,1969,23,-7222,1468,-773
247,1925,66,-7315,3328,-1434
201,1833,131,-6773,3439,-1076
84,1806,181,-4996,1668,-879
49,1870,212,-4919,840,-1346
59,1894,245,-5110,910,-1903
84,1864,298,-5519,1915,-2155
53,1841,357,-4095,1177,-2183
36,1887,413,-4093,550,-2151
29,1922,471,-3598,61,-1918
9,1934,493,-3392,313,-1362
17,1900,502,-3491,1382,-1012
2,1856,533,-3386,1539,-928
5,1830,555,-3160,1025,-846
12,1827,583,-2378,41,-552
42,1876,593,-2566,1170,-395
17,1910,590,-2600,487,-249
72,1892,570,-2449,2913,-255
85,1869,512,-1848,3156,-259
65,1820,493,-1633,1700,-185
-1,1787,529,-900,139,3
-75,1803,551,-420,-479,16
-132,1835,539,385,-1425,98
-123,1875,512,583,-1698,-50
-71,1888,504,972,-2010,-468
-31,1911,504,1385,-1482,-785
-30,1972,489,1694,-640,-699
-61,2058,475,1140,-127,-480
-82,2137,471,1143,190,-313
-103,2198,450,981,391,-259
-110,2246,443,978,843,-285
-115,2302,432,1271,925,-260
-107,2366,396,822,1539,-204
-136,2384,369,635,1539,-120
-166,2383,353,601,1375,-154
-181,2365,321,535,1119,-243
-164,2325,285,633,1240,-445
-163,2274,259,652,1034,-541
-169,2221,243,774,581,-475
-180,2179,239,932,124,-331
-170,2129,223,905,196,-405
-148,2069,213,1011,346,-311
-132,2009,205,941,347,-298
-136,1962,209,986,275,-277
-163,1932,217,765,169,-235
-202,1914,233,681,-297,-128
-206,1915,235,782,-541,-103
-172,1926,232,901,-664,-103
-134,1950,233,1143,-829,-51
-101,1991,240,1054,-974,174
-79,2031,255,1070,-1096,351
-85,2057,260,767,-1023,428
-106,2060,263,626,-1179,451
-102,2056,262,476,-817,275
-111,2051,272,146,-548,35
-110,2040,276,-250,60,27
-115,2032,274,-488,-108,73
-114,2025,289,-630,-191,-28
-120,2017,300,-616,-410,10
-113,2011,311,-604,-334,112
-95,2004,330,-400,365,197
-91,2000,324,-226,611,303
-86,2006,322,-209,595,383
-86,2009,330,-143,391,314
-108,2009,337,-109,-139,221
-117,2012,350,-79,-337,53
-112,2021,359,-90,-378,-102
-98,2027,366,-189,-282,-175
-86,2022,366,-184,-115,-108
-80,2015,362,-104,-81,-10
-79,2016,354,-243,37,70
-87,2010,357,-210,53,75
-99,2008,356,-88,-41,86
-91,2015,353,-286,209,66
-80,2010,349,-105,276,72
-70,2009,349,-261,376,38
-76,2014,356,-330,164,70
-89,2014,363,-204,16,71
-96,2017,362,-262,73,82
-89,2014,355,-146,162,93
-80,2009,345,-123,275,116
-80,2010,342,-162,297,126
-83,2010,341,-120,343,143
-93,2011,338,23,326,157
-100,2013,334,42,39,146
-96,2012,336,87,-45,93
-93,2012,341,73,51,60
-87,2010,340,-73,271,95
-88,2005,347,-120,195,161
-98,2008,360,-26,247,288
-104,2011,356,173,266,332
-96,2022,350,127,211,265
-90,2031,347,74,181,178
-87,2032,348,5,271,149
-96,2032,352,-62,123,118
-100,2028,348,-24,62,44
-101,2020,354,49,154,3
-98,2017,353,60,283,48
-92,2012,350,54,300,81
-91,2012,346,102,181,128
-86,2015,346,92,274,111
-89,2020,345,-17,369,90
-94,2021,346,-133,476,145
-93,2019,349,-179,409,170
-88,2014,345,-63,234,74
-85,2020,341,-193,385,6
-96,2017,341,-320,399,-15
-102,2013,341,-469,555,58
-104,2006,338,-404,499,142
-100,1999,342,-232,329,190
-96,2001,348,-172,163,226
-96,2009,358,-19,63,273
-90,2020,358,-17,-12,205
-84,2028,358,-2,12,176
-83,2028,356,11,27,167
-92,2025,353,-11,25,176
-99,2022,349,-122,-68,165
-99,2018,350,-12,-219,164
-93,2017,344,-83,-23,143
-86,2015,343,-16,34,163
-77,2013,339,16,16,185
-80,2013,330,131,-75,220
-82,2015,322,0,53,186
-83,2017,323,50,67,123
-82,2022,321,37,50,86
-86,2025,323,58,-101,108
-85,2024,322,107,-139,104
-80,2025,324,142,-62,81
-78,2033,324,7,-16,79
-79,2031,331,-110,-8,92
-81,2026,338,-176,-85,86
-80,2019,348,-111,7,20
-73,2016,347,-138,189,24
-72,2009,348,-194,244,61
-78,2005,348,-235,178,110
-86,2005,354,-245,216,116
-83,2006,355,-209,368,77
-75,2001,350,-126,447,79
-73,1999,343,-155,530,106
-78,2002,343,-119,627,113
-88,2007,339,-154,668,107
-95,2018,340,-280,680,97
-97,2026,343,-263,471,24
-92,2033,351,-245,365,12
-88,2036,352,-201,274,-1
-84,2035,354,-300,531,-39
-86,2034,351,-302,386,-29
-94,2030,353,-422,489,39
-105,2024,355,-383,302,106
-102,2014,362,-189,111,66
-98,2013,359,-148,70,61
-97,2009,353,-193,64,80
-92,2006,355,-1,150,91
-89,2007,353,-92,144,91
-93,2005,348,-51,78,86
-95,2001,346,31,117,82
-92,2002,342,86,160,123
-87,2004,348,76,153,120
-85,2006,349,-32,197,111
-87,2006,351,-31,170,111
-86,2008,350,5,174,91
-84,2011,348,84,172,83
-80,2017,348,90,190,98
-85,2023,351,-2,186,85
-93,2026,349,-50,218,135
-98,2025,344,-117,130,124
-94,2024,343,1,125,126
-95,2026,343,-71,4,130
-92,2029,351,-32,-53,116
-95,2032,353,-262,6,91
-99,2024,352,-334,49,108
-99,2013,344,-373,304,149
-111,2008,323,-387,742,179
-128,2016,303,-448,1106,321
-160,2041,272,-635,1138,511
-189,2065,223,-751,1338,658
-207,2075,141,-808,1603,740
-214,2064,67,-493,1430,686
-210,2044,-27,-149,1302,612
-192,2012,-91,230,1581,435
-190,1987,-141,735,1488,320
-189,1977,-190,1116,1791,308
-187,1994,-215,1754,1867,259
-171,2049,-201,3268,1003,19
-164,2134,-204,3990,130,-36
-181,2235,-188,5241,-488,-130
-217,2370,-124,6022,-1408,-285
-271,2504,-61,6270,-1110,-196
-325,2595,58,5780,-1459,-224
-328,2583,214,4670,-3642,-343
-185,2456,434,4255,-5307,-484
26,2244,574,4710,-3376,-625
147,2070,545,5547,541,-778
154,2025,496,6043,2741,-123
107,2023,464,5295,2907,1016
82,1985,457,5614,2183,2071
51,1931,423,6368,1551,2711
42,1866,368,7385,1498,2859
42,1822,279,8137,2694,2882
-21,1797,168,9468,2577,2713
-36,1809,61,9076,4533,2438
-68,1777,-10,11027,3904,2643
-48,1759,-94,11573,4542,2792
16,1768,-255,11912,4907,2987
123,1778,-432,12109,3920,3155
197,1753,-559,12407,1827,3615
231,1726,-607,11370,617,4006
236,1687,-666,11669,784,3812
245,1672,-784,10298,3659,3424
253,1736,-839,8869,2031,3606
351,1920,-764,5848,4437,4082
489,2103,-603,3847,5710,4922
558,2210,-516,3474,9158,4696
318,2234,-498,2027,4440,3438
91,2179,-514,1463,3320,876
-23,2146,-529,1567,442,-1588
-10,2202,-605,-1157,574,-2464
86,2249,-667,-2219,-1279,-1994
245,2309,-629,-7505,-1386,-1646
313,2278,-569,-8493,-3541,-1250
318,2182,-663,-6707,-2367,-989
220,2113,-652,-7066,-5015,-822
127,2111,-686,-7614,-5080,-1107
140,2187,-639,-8526,-2279,-1300
193,2173,-668,-10583,-1077,-1425
178,2030,-639,-7679,-1180,-1191
171,1935,-589,-9729,-2347,-1157
195,1870,-606,-8212,555,-1467
200,1867,-480,-10190,1506,-1653
197,1823,-427,-9607,538,-1080
171,1803,-352,-4489,-3425,-619
220,1877,-429,-8566,-3128,-1009
268,1904,-475,-6800,-1552,-1339
329,1953,-369,-11887,1398,-1648
307,1881,-242,-6766,80,-1414
305,1942,-215,-8044,-1716,-1071
348,2001,-178,-8741,678,-1008
260,1965,-104,-9326,57,-953
154,1910,8,-9387,72,-727
67,1853,67,-8645,-402,-788
84,1817,149,-8179,232,-1267
121,1819,183,-7917,667,-1413
151,1828,210,-7815,1432,-1405
113,1784,241,-7147,394,-1394
41,1760,292,-6428,-579,-1277
28,1800,394,-5923,-91,-1253
2,1860,458,-5341,-86,-1269
18,1876,515,-5086,236,-1372
25,1863,551,-4349,-426,-1348
29,1885,595,-4008,196,-1043
-10,1907,654,-4112,-412,-810
5,1921,676,-3621,-299,-312
44,1908,678,-3306,-37,-140
71,1874,654,-2596,127,-79
123,1829,607,-1846,1041,8
124,1792,558,-753,696,-129
107,1792,552,-790,535,-441
50,1813,589,-259,-199,-536
32,1845,611,-345,-450,-356
34,1839,611,400,-443,-487
49,1833,590,663,-361,-938
30,1836,612,1270,-486,-1228
8,1900,611,1358,574,-1296
-51,1985,597,1042,1337,-1210
-88,2092,581,833,2211,-989
-109,2210,545,783,2144,-646
-140,2311,499,313,1669,-315
-182,2364,463,732,723,63
-163,2400,418,1065,525,60
-135,2408,363,1036,464,-112
-143,2374,299,1357,674,-336
-165,2350,251,1232,1067,-547
-165,2335,210,1110,2042,-599
-151,2300,158,1213,1619,-472
-101,2245,123,1423,1184,-426
-80,2180,107,1043,1168,-491
-128,2101,100,973,1014,-502
-191,2039,127,1040,374,-320
-221,2000,146,863,239,-294
-228,1975,163,738,-640,-435
-209,1937,184,636,-913,-468
-165,1921,219,852,-958,-435
-113,1934,239,1127,-1314,-475
-102,1952,259,794,-1453,-376
-127,1969,261,569,-1100,-120
-141,1993,292,539,-1063,-69
-143,2024,321,321,-545,-155
-136,2041,332,-24,-377,-171
-137,2041,328,-360,-843,11
-122,2037,336,-96,-1515,-58
-102,2047,361,-238,-1103,-137
-92,2049,373,-329,-944,-202
-92,2041,392,-441,-825,-5
-92,2019,394,-445,-673,83
-91,1991,393,-407,-287,123
-98,1965,394,-158,-32,194
-106,1960,393,-165,-174,312
-91,1964,400,-47,-326,227
-80,1971,407,-51,-273,94
-76,1975,413,-18,-121,-21
-81,1977,428,-24,269,-58
-95,1987,439,-140,440,-115
-105,1993,449,-269,632,-170
-130,2002,451,-349,664,-176
-146,2020,461,-521,589,-95
-152,2030,454,-578,454,-52
-130,2035,459,-491,628,-117
-124,2033,457,-590,542,-71
-121,2025,455,-534,196,-3
-120,2011,447,-377,85,85
-106,1992,430,-206,230,123
-87,1974,425,-45,463,70
-88,1960,409,65,549,86
-89,1958,406,147,539,76
-98,1970,411,132,619,47
-109,1985,417,33,504,50
-111,1996,425,91,342,64
-114,2004,419,-21,312,90
-119,2001,413,120,240,115
-129,2003,409,-9,104,217
-126,1999,412,-30,228,168
-132,2000,409,28,38,270
-115,1999,410,149,-6,306
-109,2003,404,41,-48,305
-115,2005,395,145,-40,362
-113,2009,397,189,-53,329
-108,2017,396,134,-30,286
-106,2022,396,19,123,269
-115,2019,392,211,-77,249
-126,2020,388,-55,-214,260
-123,2016,383,25,-192,232
-111,2011,378,188,-87,133
-106,2014,374,90,-53,116
-104,2018,376,162,-77,126
-107,2024,374,46,-118,135
-107,2024,368,42,-233,99
-97,2024,367,-88,-158,18
-97,2018,367,-215,-117,-10
-98,2012,372,-224,-78,-20
-98,2005,374,-115,-162,23
-91,2001,380,-36,-228,51
-87,2002,383,-109,45,102
-88,2003,389,-151,253,135
-89,2003,389,-136,218,182
-91,2004,385,-38,25,184
-89,2013,383,79,-77,198
-89,2019,386,-53,98,242
-91,2020,387,-235,144,196
-96,2017,384,-185,-25,239
-92,2015,386,-180,-64,215
-92,2013,387,-144,-74,166
-87,2008,386,-250,-1,141
-94,2002,388,-375,-139,231
-100,1998,395,-257,53,304
-95,1996,397,-132,57,290
-79,2001,399,-146,354,198
-75,2007,401,-78,241,104
-79,2008,404,-121,338,98
-91,2008,401,-216,447,72
-97,2000,406,-84,435,35
-98,2002,407,-32,502,38
-106,2006,411,-86,535,-20
-117,2010,412,-166,460,-2
-125,2010,413,-190,361,10
-127,2012,404,-161,195,32
-120,2012,403,-121,29,4
-106,2014,405,-86,-156,45
-95,2010,404,-101,-154,51
-95,2003,401,-67,-107,63
-92,1999,403,18,-16,77
-87,1999,399,99,137,108
-85,2002,393,13,318,89
-83,1999,392,58,304,89
-86,2003,392,83,293,55
-86,2005,393,40,311,15
-90,2007,394,-106,433,21
-88,2007,401,-81,285,84
-84,2009,401,-27,187,95
-78,2008,398,55,186,119
-79,2008,390,7,213,246
-86,2000,377,27,122,259
-92,1991,370,43,86,275
-100,1987,370,157,166,317
-107,1990,373,303,-59,345
-96,2002,378,279,211,333
-94,2013,382,215,214,296
-93,2027,381,99,209,290
-89,2032,385,59,247,231
-91,2032,392,-38,299,80
-98,2036,396,-188,297,9
-113,2034,396,-292,205,-17
-121,2028,402,-373,198,-45
-120,2013,400,-348,144,-33
-119,2003,396,-309,-7,13
-113,1999,387,-318,-114,47
-112,1995,376,-337,-102,152
-109,1989,377,-253,-188,171
-97,1994,376,-117,-153,113
-90,2001,375,-79,4,127
-94,2005,377,-95,125,165
-95,2009,379,-136,320,108
-97,2014,373,-250,260,17
-98,2014,379,-197,224,-7
-99,2018,388,-130,236,-50
-104,2025,393,-372,228,-76
-107,2019,398,-403,185,-71
-104,2011,397,-342,124,-29
-103,2007,401,-358,125,17
-96,2002,403,-335,174,61
-88,1998,403,-346,111,111
-96,2000,405,-262,45,160
-99,2002,405,-159,-125,218
-89,2006,408,-164,-74,162
-84,2005,411,-184,102,116
-92,2000,416,-215,99,182
-94,1995,414,-244,135,223
-89,1989,412,-170,190,205
-89,1987,410,-101,134,172
-91,1990,416,-83,-12,225
-90,1995,417,-94,54,202
-88,2000,417,-88,123,201
-87,1999,410,-18,185,227
-89,1999,403,-31,191,202
-83,2003,405,-59,363,170
-85,2007,407,-218,299,131
-91,2005,410,-197,97,149
-94,2006,418,12,106,177
-89,2014,417,-133,223,150
-81,2010,412,-285,465,169
-87,1998,404,-467,629,236
-109,1990,385,-494,920,375
-129,1990,351,-486,1190,517
-152,2010,299,-491,1083,750
-170,2036,234,-424,1554,901
-185,2053,147,-231,1950,926
-183,2065,49,120,1990,968
-168,2071,-48,723,1632,1018
-150,2078,-122,1703,1134,976
-145,2112,-183,2402,1326,753
-152,2160,-197,3478,1189,508
-164,2229,-208,4588,289,196
-170,2326,-192,5009,398,-36
-208,2425,-160,6064,-458,-311
-251,2546,-98,5676,-208,-401
-307,2648,42,4847,-276,-508
-361,2643,249,3478,-1896,-691
-371,2489,493,2987,-4167,-865
-259,2275,661,3207,-2776,-915
-70,2043,623,4368,204,-1187
83,1899,515,4726,1539,-512
78,1885,486,4510,1155,839
61,1896,479,4658,598,1788
57,1844,453,5543,124,2257
28,1777,396,6687,162,2466
2,1735,350,7299,487,2558
10,1700,266,8586,965,2313
52,1697,149,9561,1414,1963
106,1720,23,9454,1927,1577
121,1746,-57,10084,2124,1646
108,1776,-115,10219,1698,2226
134,1800,-172,11328,2243,2726
180,1824,-286,10383,3247,2568
199,1824,-405,10598,2925,2395
211,1816,-459,9768,4514,2269
147,1784,-535,8087,2451,2665
113,1736,-552,10250,2376,2507
40,1762,-689,9450,998,2068
38,1839,-758,7849,1331,1712
144,1970,-695,6114,-922,2605
270,2082,-605,5274,-408,3382
253,2175,-549,3627,2599,2685
113,2252,-486,1050,241,1625
83,2293,-468,-198,-771,1226
107,2331,-480,-2355,-1682,961
166,2313,-551,-2552,1359,-320
158,2305,-609,-4980,1300,-1391
160,2315,-625,-5940,1353,-1852
210,2359,-566,-7983,1768,-1823
284,2324,-635,-7263,-523,-1439
294,2279,-638,-8815,-3035,-792
249,2202,-693,-10516,-3270,-299
189,2123,-599,-10142,-1883,-565
161,2044,-494,-8993,-953,-930
245,1998,-575,-11919,2843,-1160
224,1932,-483,-8533,-3536,-693
251,1893,-442,-12247,-2098,324
225,1831,-319,-8432,-3258,806
179,1833,-247,-8704,-3824,831
142,1839,-318,-8931,-2772,390
159,1819,-215,-7955,-1930,-4
209,1846,-177,-8635,-1732,-70
266,1863,-91,-7113,-934,-203
257,1820,-35,-6414,-465,-155
231,1804,-31,-6676,-297,-216
208,1795,22,-5654,-546,-256
234,1809,100,-5906,1296,-845
208,1821,178,-6318,2091,-1362
113,1804,219,-4928,1004,-1101
128,1834,232,-5387,1118,-962
119,1843,303,-5409,657,-1993
82,1842,316,-4658,348,-2442
120,1859,400,-5242,2871,-2866
73,1840,455,-5277,3414,-3730
27,1812,514,-4702,2459,-3274
11,1816,581,-4210,770,-2587
-5,1865,600,-4549,-507,-2285
-4,1846,638,-3269,55,-1767
-16,1828,676,-2691,970,-1437
-44,1835,684,-2100,646,-1063
-8,1852,698,-1925,463,-1052
-17,1863,698,-1861,101,-966
-28,1864,682,-982,552,-407
-12,1875,620,-703,1388,-90
47,1881,578,-228,1796,-297
73,1877,582,-30,2042,-717
6,1905,561,-351,2600,-788
-61,1945,518,-180,3055,-379
-130,1980,484,308,2112,-158
-165,2025,425,353,1773,-357
-231,2074,403,669,1374,-465
-285,2160,380,500,905,-398
-291,2243,332,592,1000,-416
-287,2320,287,666,1102,-414
-304,2433,264,1525,2490,-10
-379,2625,177,1008,2844,858
-300,2696,125,1258,1061,1278
-60,2590,148,1632,1374,1116
22,2413,139,1796,1563,587
-97,2264,131,1760,359,147
-255,2161,146,1109,-397,234
-364,2064,208,426,-226,-212
-372,1977,281,44,121,-1128
-298,1906,315,99,-70,-1320
-192,1840,302,453,-517,-789
-112,1789,276,531,-776,-283
-106,1797,263,968,-996,35
-138,1857,249,727,-661,75
-171,1930,251,307,-565,251
-174,1996,276,35,-29,279
-179,2042,270,-44,-483,296
-159,2059,288,178,-493,415
-134,2065,285,160,-378,258
-138,2048,287,221,-419,193
-159,2047,295,217,-757,54
-172,2061,319,-85,-1266,-88
-161,2059,347,-45,-853,-250
-141,2049,351,-355,-687,-324
-136,2037,365,-470,-720,-172
-134,2031,380,-469,-690,84
-123,2023,398,-693,-454,139
-127,2011,397,-651,-578,211
-122,1992,399,-707,-27,152
-129,1980,401,-659,-244,125
-128,1969,402,-475,-384,192
-133,1962,415,-377,-681,207
-129,1967,423,-421,-492,146
-119,1975,426,-314,-428,108
-105,1979,422,-249,-233,64
-93,1986,413,-209,-129,38
-95,1992,406,-269,152,107
-108,2003,408,-288,306,138
-107,2016,414,-393,513,94
-107,2020,421,-481,613,95
-111,2016,416,-361,373,99
-113,2008,407,-217,233,116
-113,1999,398,-13,370,75
-113,2002,391,-24,343,92
-120,2008,398,-185,144,99
-124,2008,414,-96,103,131
-123,2012,416,-76,-38,129
-112,2012,410,4,-30,153
-103,2011,406,-163,170,154
-111,2003,410,-157,134,168
-116,1999,410,-118,117,134
-116,1995,412,-5,63,144
-122,1998,405,-173,137,130
-125,1994,406,102,-81,209
-115,2000,406,87,42,172
-116,2001,410,40,95,60
-120,2006,411,-6,13,26
-126,2011,413,-44,-17,23
-129,2009,416,4,-87,59
-125,2007,418,14,35,78
-121,2011,415,-39,-24,95
-117,2007,413,10,149,92
-118,2002,408,-103,180,94
-121,1992,402,-98,208,96
-124,1984,400,65,100,99
-125,1992,392,-14,152,99
-120,1998,397,-51,148,64
-116,2003,398,44,28,78
-113,2006,396,-2,27,121
-111,2006,392,18,238,124
-110,2008,390,33,227,133
-115,2007,390,-29,253,127
-118,2008,388,63,208,123
-122,2010,396,9,48,89
-123,2013,395,-37,-25,56
-123,2012,396,13,-39,25
-126,2009,395,-59,39,57
-125,2006,394,-11,87,97
-118,2002,396,-49,48,85
-113,2004,406,-53,56,76
-124,2016,400,-46,-27,187
-121,2017,399,-34,77,172
-118,2011,398,-116,156,104
-121,1997,392,-52,49,103
-118,1992,391,29,-28,83
-117,1998,390,-44,22,29
-118,2000,396,-78,49,3
-119,2000,394,-101,9,-14
-118,1997,388,82,-62,41
-113,1992,384,163,7,23
-107,1990,378,194,129,-17
-111,1995,381,137,212,-39
-121,2006,380,144,292,-72
-121,2017,378,103,380,-81
-123,2020,378,56,308,-64
-127,2020,381,44,248,-19
-127,2020,382,-104,204,41
-128,2018,380,-235,199,72
-122,2011,381,-161,166,94
-120,2007,384,-103,113,101
-113,2010,390,-105,200,113
-113,2012,391,-165,249,82
-112,2013,386,-190,251,59
-116,2009,385,-163,170,41
-124,2007,392,-172,126,24
-126,2006,393,-245,80,5
-122,2001,391,-188,2,50
-128,2007,391,-141,12,118
-124,2014,397,-301,114,123
-116,2009,408,-115,38,11
-117,2007,404,-53,29,22
-122,2003,399,-121,-10,19
-127,2002,397,-239,31,45
-135,1999,397,-213,19,58
-137,1999,401,-135,-95,90
-127,2002,400,-45,-77,82
-117,2012,399,-58,62,30
-117,2016,401,-159,99,52
-125,2005,399,50,33,88
-137,2001,392,-2,-88,87
-136,1998,386,98,-25,18
-130,1998,387,-29,91,-16
-128,1999,390,-77,108,17
-125,1999,393,-7,98,52
-124,2000,395,88,-2,74
-121,2002,389,134,41,71
-121,2011,385,57,151,100
-124,2016,387,-124,294,144
-125,2015,388,-190,332,135
-125,2009,384,-162,207,140
-127,2003,384,-46,123,161
-124,2002,383,-77,171,166
-126,2003,383,-176,179,204
-118,2000,380,-256,167,177
-123,2001,384,-69,136,192
-132,2011,369,-122,260,264
-132,2009,364,-183,268,256
-129,2007,376,-138,72,240
-128,2010,378,-92,86,226
-128,2011,381,-252,253,231
-129,2010,381,-400,301,292
-134,2002,381,-462,470,302
-139,2001,367,-448,835,370
-158,2011,337,-563,1229,486
-180,2031,299,-790,1341,658
-203,2043,261,-759,1418,766
-235,2039,189,-698,1384,881
-258,2038,116,-417,1207,983
-256,2047,60,-117,1154,928
-253,2046,28,759,-10,766
-240,2046,-10,1693,-450,783
-224,2054,-43,2511,-626,582
-244,2083,-65,3457,-783,340
-262,2164,-72,4534,-961,144
-261,2285,-59,4608,-492,74
-282,2396,-33,5293,-1055,4
-281,2490,29,5540,-904,-128
-287,2534,100,5049,-1200,-417
-332,2485,212,4912,-2975,-543
-364,2366,365,4640,-5782,-237
-262,2168,495,5063,-5960,-120
-33,1964,520,6186,-2920,-457
132,1849,438,7095,-262,-353
169,1851,378,5807,-637,588
117,1893,380,5944,-1537,1351
86,1953,338,5745,-2167,2161
83,1949,281,6715,-1868,2551
89,1947,202,6589,-941,2398
70,1951,133,7202,-336,2068
75,1943,58,6912,873,1622
91,1899,13,7098,2306,1628
128,1841,-47,7552,3206,1974
168,1800,-81,8130,3376,2296
205,1768,-121,8690,4459,2708
212,1749,-163,10464,4128,3144
229,1790,-262,9367,5828,3114
214,1841,-365,8902,6558,3106
215,1879,-379,7991,8867,2978
141,1831,-408,10836,6229,3622
130,1850,-652,9423,5549,4299
163,1968,-696,6561,2643,4043
360,2085,-637,5885,4074,3414
474,2126,-579,3016,4033,3577
329,2089,-600,4163,4774,2851
47,2085,-668,-905,1659,1428
-26,2070,-576,-1810,-1363,99
162,2121,-529,-1586,1765,-682
290,2244,-506,-2527,794,-727
310,2282,-525,-4878,1250,-648
209,2206,-561,-4836,-1130,-811
116,2143,-610,-6913,-101,-1044
94,2122,-548,-5027,-1386,-1604
135,2179,-619,-7897,-3247,-1795
252,2194,-667,-9453,-1490,-1660
293,2143,-598,-10496,-1735,-1120
306,2089,-486,-8081,-2342,-1009
330,2081,-489,-10463,-368,-933
278,2049,-420,-10668,-106,-374
246,1978,-378,-11034,-1260,2
194,1931,-387,-10386,-2638,78
232,1955,-258,-11009,-3670,-125
288,1963,-134,-9939,-2802,-223
279,1914,-87,-9252,-1171,238
225,1855,-61,-9035,-1225,-25
198,1807,-73,-8112,-2460,-473
283,1785,46,-8482,616,-1361
233,1723,59,-6924,70,-1444
203,1684,85,-5756,-925,-756
243,1697,149,-5834,673,-611
268,1722,167,-4983,1453,-1171
250,1735,228,-5456,1982,-1589
103,1742,272,-3811,-464,-1248
114,1847,340,-3931,-505,-753
146,1918,401,-4842,-2,-938
165,1909,438,-3921,243,-1421
153,1904,495,-3367,642,-1759
125,1953,532,-2690,324,-1648
128,2012,587,-3827,1052,-1195
140,2010,617,-3919,1353,-780
150,1951,603,-3572,581,-948
118,1914,596,-3437,167,-1458
89,1922,595,-3111,89,-1566
112,1921,593,-3545,1288,-1446
88,1883,610,-3704,1324,-1284
92,1840,593,-2408,1015,-1116
123,1822,580,-1451,1498,-1226
107,1830,556,-1221,1669,-1331
98,1837,577,-1077,1468,-1132
93,1829,591,-1028,791,-804
77,1808,608,-311,-90,-645
72,1816,625,350,285,-459
66,1854,624,785,615,-479
58,1913,626,810,568,-601
35,1974,641,850,284,-748
1,2048,624,983,523,-786
-43,2127,608,789,966,-763
-83,2210,577,447,1739,-535
-93,2272,559,577,2310,-271
-71,2316,529,513,1759,1
-41,2319,509,914,985,202
-41,2292,479,1449,545,279
-50,2263,441,1575,1105,259
-57,2225,403,1506,1471,97
-73,2174,374,1640,1238,-42
-98,2132,366,1319,728,-176
-133,2096,367,1448,468,-269
-155,2076,355,1374,585,-298
-140,2057,334,1389,937,-229
-113,2045,318,1211,1012,-85
-91,2026,296,1273,1095,-62
-95,2003,286,1026,1390,45
-123,1968,274,1134,887,194
-139,1952,270,1122,466,163
-131,1949,255,1120,302,-37
-117,1953,245,1088,114,-213
-103,1966,253,1065,64,-260
-93,1991,259,991,-24,-89
-86,2014,257,1091,-183,30
-81,2041,264,969,16,42
-81,2062,271,757,99,-19
-79,2073,294,456,166,-35
-84,2068,312,218,-437,-98
-104,2051,334,230,-801,-91
-118,2043,348,16,-677,-55
-112,2032,364,-57,-359,-64
-99,2024,372,-240,-561,-51
-76,2022,373,-272,-561,-39
-69,2016,376,-493,-400,-35
-87,2012,385,-656,-456,51
-99,2007,390,-585,-444,124
-91,2003,382,-499,-300,100
-73,2001,380,-510,-41,21
-62,1999,389,-505,189,-1
-63,1999,388,-522,366,67
-69,1995,385,-535,366,58
-88,1992,392,-460,116,50
-100,1998,389,-367,-160,85
-92,2001,390,-321,-154,51
-86,1998,393,-224,-257,125
-84,1996,398,-103,-418,155
-74,2006,404,-52,-410,146
-62,2013,412,-77,-290,80
-58,2019,416,-232,-123,105
-67,2013,417,-134,-178,91
-76,2005,411,-143,-145,130
-76,1994,410,-40,-107,146
-69,1989,405,-55,-40,122
-59,1988,400,9,-116,124
-56,1986,399,1,10,106
-54,1990,400,91,171,144
-56,1997,397,79,335,156
-65,2001,396,79,305,158
-71,2004,394,76,329,129
-76,2009,393,143,158,41
-74,2014,388,128,54,-1
-71,2019,393,75,-26,-30
-71,2024,396,55,80,-17
-73,2025,403,-154,127,-18
-70,2022,409,-132,209,-34
-71,2014,402,-157,218,-21
-73,2007,395,-184,260,-30
-68,2003,391,-12,310,-51
-59,2007,393,-51,381,-145
-57,2010,386,-41,402,-160
-71,2014,385,-36,511,-87
-85,2018,379,-50,418,-50
-85,2017,380,-167,405,-120
-85,2011,379,-114,263,-99
-85,2010,385,-76,132,-106
-85,2012,393,-105,73,-142
-82,2011,396,-154,59,-129
-81,2010,400,-221,195,-102
-84,2006,400,-118,208,-72
-92,2003,397,-96,162,-22
-98,2002,390,-183,63,22
-103,1997,386,-101,-84,13
-100,1995,386,2,-181,10
-93,1996,385,91,-362,73
-83,1995,383,87,-430,30
-84,1996,384,134,-386,71
-93,2003,385,151,-398,92
-97,2008,384,97,-443,91
-95,2006,385,118,-457,28
-91,2006,383,27,-282,-17
-93,2009,383,30,-250,-10
-93,2017,385,-87,-171,-1
-91,2021,385,-162,-83,-18
-78,2025,387,-193,42,-59
-71,2023,389,-216,139,-58
-76,2017,392,-197,187,-32
-77,2014,393,-381,297,33
-75,2008,389,-227,211,52
-83,2012,395,-294,330,107
-89,2016,399,-326,336,93
-87,2006,403,-346,374,68
-88,1994,403,-259,214,37
-87,1988,403,-185,233,72
-93,1987,403,-217,184,84
-96,1988,403,-165,155,64
-89,1997,401,-175,119,28
-76,2005,401,-7,200,17
-68,2014,402,-72,305,70
-69,2019,403,-194,435,65
-74,2015,405,-140,440,74
-81,2013,408,-109,529,20
