-387,1740,-1116,145,362,-113
-381,1738,-1118,212,13,-89
-365,1747,-1118,146,170,-81
-371,1747,-1109,66,306,-41
-391,1744,-1109,150,138,-81
-393,1744,-1108,215,-6,-50
-377,1746,-1113,110,270,-92
-374,1741,-1114,95,323,-160
-370,1740,-1117,47,706,-78
-388,1737,-1100,101,389,-112
-390,1742,-1102,196,208,-134
-381,1741,-1107,73,521,-107
-371,1737,-1098,108,562,-87
-365,1746,-1086,-2,597,-129
-373,1751,-1085,55,603,-144
-382,1750,-1093,231,349,-120
-381,1751,-1104,218,370,-139
-378,1751,-1114,72,466,-129
-391,1747,-1104,50,454,-150
-393,1742,-1097,261,262,-54
-384,1741,-1104,151,375,-97
-377,1745,-1111,157,302,-102
-376,1746,-1103,-34,699,-135
-379,1742,-1098,109,115,-55
-368,1743,-1094,148,652,-100
-375,1743,-1105,217,435,-103
-374,1747,-1102,75,751,-112
-376,1744,-1097,217,427,-129
-369,1751,-1092,196,328,-113
-370,1753,-1086,156,649,-102
-383,1749,-1098,188,648,-84
-391,1747,-1109,129,328,-53
-392,1744,-1111,287,213,-73
-384,1746,-1111,224,286,3
-378,1744,-1110,222,356,-59
-373,1751,-1104,112,276,-42
-366,1753,-1105,200,370,-26
-374,1751,-1104,158,219,-15
-376,1748,-1118,147,205,-33
-376,1745,-1113,128,158,-74
-369,1744,-1105,165,26,-40
-362,1748,-1105,121,292,-32
-368,1744,-1102,208,95,-43
-368,1741,-1104,308,472,-45
-373,1741,-1113,370,178,-57
-364,1743,-1117,303,259,-93
-366,1748,-1117,263,357,-46
-367,1750,-1110,275,368,-90
-376,1743,-1111,339,231,-47
-378,1741,-1117,275,382,-46
-379,1743,-1121,298,189,-81
-364,1745,-1126,260,227,-50
-373,1746,-1115,283,233,-23
-379,1744,-1099,409,32,-53
-366,1744,-1100,242,129,-21
-348,1745,-1103,244,278,-78
-340,1752,-1098,47,289,-92
-346,1750,-1101,125,432,-71
-365,1746,-1113,121,323,-97
-378,1740,-1120,108,175,-100
-382,1738,-1115,223,155,-93
-372,1744,-1119,40,316,-92
-361,1748,-1121,-55,425,-24
-373,1745,-1111,169,234,-66
-385,1746,-1119,121,45,-78
-386,1744,-1123,153,-48,-86
-374,1740,-1118,109,219,-114
-362,1742,-1109,31,321,-46
-359,1745,-1102,114,288,-51
-361,1748,-1102,40,312,-82
-366,1744,-1104,98,252,-60
-368,1740,-1103,255,104,-89
-354,1746,-1109,58,310,-81
-358,1743,-1111,141,422,-129
-363,1745,-1110,120,308,-112
-370,1747,-1110,59,346,-88
-377,1748,-1109,119,-84,-65
-370,1747,-1107,200,194,-94
-364,1744,-1115,207,181,-74
-365,1741,-1119,126,473,-105
-374,1741,-1116,220,201,-117
-374,1745,-1113,110,239,-83
-374,1742,-1107,18,432,-89
-380,1747,-1102,8,-36,-53
-377,1751,-1111,82,246,-150
-374,1741,-1106,329,-37,-64
-358,1747,-1105,127,178,-87
-353,1749,-1107,27,543,-83
-365,1743,-1103,36,683,-110
-371,1739,-1096,226,246,-45
-373,1753,-1105,120,-72,-104
-369,1754,-1101,237,132,-163
-360,1748,-1116,150,361,-86
-367,1746,-1118,76,511,-110
-377,1743,-1115,-24,344,-148
-383,1745,-1114,25,248,-65
-381,1743,-1100,173,-36,-110
-366,1743,-1102,115,186,-45
-365,1743,-1105,175,280,-75
-362,1747,-1102,55,362,-95
-367,1743,-1105,57,500,-127
-372,1744,-1104,108,57,-134
-360,1753,-1093,103,194,-96
-358,1751,-1093,126,453,-92
-365,1749,-1100,124,437,-89
-371,1746,-1110,142,200,-136
-386,1746,-1112,77,148,-154
-378,1747,-1107,109,87,-93
-363,1748,-1102,66,350,-107
-354,1749,-1099,145,376,-89
-362,1749,-1099,132,317,-173
-376,1746,-1105,82,340,-105
-385,1742,-1106,92,361,-131
-373,1746,-1100,144,156,-94
-358,1751,-1098,166,465,-151
-359,1742,-1085,249,420,-149
-362,1747,-1093,73,619,-137
-380,1757,-1098,-16,345,-112
-382,1750,-1100,331,17,-143
-372,1751,-1110,218,351,-166
-366,1751,-1111,116,377,-116
-371,1750,-1110,14,469,-116
-381,1748,-1102,14,443,-138
-386,1742,-1095,272,3,-91
-375,1744,-1103,215,157,-106
-360,1747,-1102,169,331,-114
-357,1752,-1101,-100,738,-148
-366,1743,-1094,206,477,-166
-369,1744,-1096,309,452,-126
-364,1747,-1100,154,378,-172
-355,1746,-1096,84,443,-165
-355,1749,-1098,30,787,-181
-371,1744,-1094,291,295,-165
-365,1745,-1093,263,439,-201
-364,1753,-1097,154,411,-242
-365,1755,-1091,196,464,-218
-367,1757,-1090,221,336,-214
-373,1755,-1090,236,427,-263
-371,1749,-1090,351,126,-215
-360,1749,-1104,191,464,-179
-364,1746,-1104,238,305,-215
-368,1749,-1113,84,433,-204
-389,1745,-1116,65,632,-194
-410,1740,-1118,234,191,-201
-394,1739,-1120,235,57,-186
-357,1744,-1119,80,645,-144
-361,1746,-1113,53,973,-191
-381,1740,-1110,188,533,-182
-385,1733,-1110,311,504,-137
-393,1738,-1114,317,563,-157
-395,1735,-1129,405,530,-164
-378,1729,-1142,444,711,-159
-380,1736,-1147,310,620,-189
-380,1735,-1127,470,1066,-152
-382,1739,-1116,406,922,-83
-373,1743,-1105,287,507,-21
-356,1745,-1096,186,718,-13
-355,1748,-1092,115,550,-10
-357,1747,-1090,31,650,-95
-360,1747,-1090,59,483,-170
-351,1753,-1095,134,391,-113
-345,1757,-1096,38,447,-123
-344,1755,-1105,-131,496,-138
-358,1746,-1114,164,209,-155
-356,1740,-1120,173,130,-139
-355,1744,-1118,26,468,-106
-370,1745,-1116,30,351,-84
-372,1739,-1120,204,204,-100
-365,1740,-1122,249,-105,-133
-354,1745,-1109,144,333,-116
-357,1746,-1111,91,161,-74
-358,1740,-1114,169,302,-77
-365,1740,-1124,235,397,-172
-378,1735,-1126,270,451,-144
-381,1734,-1127,307,282,-116
-362,1741,-1127,248,585,-118
-360,1740,-1119,247,711,-90
-377,1737,-1117,436,362,-42
-372,1740,-1125,203,493,-51
-369,1742,-1124,139,581,-47
-371,1740,-1123,21,473,-37
-361,1734,-1118,230,760,23
-366,1736,-1112,276,193,18
-352,1745,-1104,227,261,-34
-347,1753,-1094,119,296,-29
-355,1755,-1091,112,103,-60
-354,1751,-1110,4,333,-104
-360,1744,-1118,35,319,-117
-365,1742,-1126,27,323,-155
-342,1744,-1125,56,371,-67
-330,1748,-1114,57,414,-83
-343,1753,-1107,-132,166,-97
-366,1752,-1099,-68,296,-61
-393,1746,-1107,27,-591,-103
-369,1743,-1126,227,-544,-83
-349,1747,-1128,194,-252,-69
-348,1749,-1117,65,133,-190
-363,1750,-1112,84,131,-72
-381,1748,-1117,4,-116,-69
-379,1738,-1125,154,-216,-52
-374,1732,-1130,154,-185,-50
-366,1733,-1122,234,111,-45
-362,1738,-1112,35,181,-63
-359,1739,-1108,123,221,-43
-360,1742,-1101,61,497,-85
-363,1740,-1105,246,333,-66
-357,1745,-1104,141,506,-44
-357,1744,-1107,192,324,-55
-356,1744,-1109,165,536,-69
-366,1742,-1114,114,774,-72
-379,1739,-1119,215,271,-55
-366,1741,-1120,131,496,-46
-365,1743,-1109,138,348,-34
-358,1743,-1097,307,442,-59
-353,1758,-1106,134,291,-20
-349,1756,-1103,99,317,-84
-358,1747,-1101,183,27,-18
-366,1749,-1108,174,124,-29
-370,1750,-1119,159,157,-83
-366,1748,-1113,294,-152,5
-362,1749,-1123,185,239,-51
-361,1748,-1128,147,-330,16
-357,1741,-1131,158,-191,-20
-372,1736,-1132,173,-228,-64
-363,1738,-1118,213,-172,-98
-352,1738,-1119,132,478,-51
-356,1741,-1099,376,118,-66
-333,1750,-1102,173,207,-162
-332,1749,-1102,160,448,-170
-351,1745,-1097,185,267,-94
-371,1746,-1101,346,287,-22
-381,1748,-1117,160,165,-25
-380,1739,-1125,235,-86,-50
-367,1734,-1131,296,312,-113
-354,1735,-1131,238,291,-68
-361,1739,-1122,200,261,-37
-375,1743,-1115,129,453,-38
-381,1744,-1110,126,210,-21
-372,1745,-1107,122,-129,-80
-351,1747,-1108,113,306,-78
-352,1748,-1104,135,402,-49
-368,1749,-1113,162,190,-47
-379,1744,-1113,84,300,-56
-379,1745,-1102,79,107,-3
-365,1748,-1118,187,5,19
-361,1747,-1123,289,-53,-77
-358,1746,-1122,309,-333,-61
-349,1750,-1119,227,3,-62
-355,1752,-1123,129,186,-100
-367,1746,-1116,123,42,-53
-372,1738,-1117,354,-6,-28
-373,1744,-1122,135,20,-67
-370,1735,-1120,229,-91,-37
-362,1735,-1120,150,-133,-45
-353,1734,-1120,180,147,-77
-351,1736,-1108,148,475,-100
-353,1737,-1101,215,298,-72
-355,1743,-1105,42,401,-96
-363,1744,-1104,103,336,-83
-368,1743,-1111,169,251,-120
-364,1740,-1119,100,504,-146
-362,1738,-1118,97,643,-93
-366,1741,-1115,38,650,-90
-382,1742,-1114,132,418,-47
-385,1742,-1114,177,59,-112
-372,1750,-1115,39,298,-118
-357,1750,-1110,24,384,-102
-359,1746,-1102,116,550,-98
-364,1743,-1104,194,543,-92
-365,1747,-1108,145,155,-47
-367,1747,-1109,53,167,-69
-364,1743,-1109,174,165,-75
-359,1742,-1112,131,348,-38
-365,1740,-1114,171,415,-102
-367,1744,-1116,93,392,-94
-355,1739,-1117,299,382,-27
-363,1745,-1121,121,282,-53
-374,1740,-1116,200,497,-66
-384,1740,-1121,126,299,-10
-378,1735,-1122,194,189,-60
-358,1736,-1116,150,409,-60
-353,1745,-1106,163,422,-46
-354,1744,-1092,131,534,-24
-358,1754,-1092,175,219,-15
-371,1758,-1103,155,147,-67
-365,1746,-1108,265,84,-53
-348,1752,-1123,163,227,-40
-356,1749,-1121,146,443,-111
-368,1745,-1118,233,60,-34
-371,1746,-1119,117,-61,-47
-364,1740,-1115,298,-34,-19
-358,1743,-1112,186,64,-16
-347,1745,-1118,31,251,-83
-350,1744,-1110,146,268,-92
-358,1747,-1112,250,179,-126
-358,1745,-1106,181,63,-67
-343,1749,-1104,137,195,-39
-355,1751,-1112,-19,527,-130
-365,1741,-1119,222,57,-108
-361,1736,-1141,160,317,-87
-375,1738,-1125,226,239,-89
-369,1746,-1114,198,16,-59
-347,1748,-1108,76,416,-67
-355,1743,-1102,207,159,-89
-356,1740,-1113,189,353,-145
-365,1734,-1114,299,398,-103
-367,1735,-1121,370,346,-137
-351,1743,-1114,287,699,-111
-362,1750,-1107,218,469,-81
-370,1751,-1100,181,311,-89
-368,1744,-1104,195,106,-90
-368,1740,-1109,216,176,-67
-363,1741,-1111,196,179,-84
-355,1744,-1116,222,204,-74
-355,1746,-1113,122,467,-34
-366,1736,-1124,144,159,-69
-370,1735,-1125,220,376,-108
-363,1739,-1126,221,502,-100
-352,1742,-1118,203,382,-61
-352,1749,-1113,88,253,-61
-361,1753,-1112,11,218,-14
-368,1743,-1119,182,-99,-79
-359,1742,-1135,141,159,-72
-360,1745,-1128,92,129,-82
-363,1744,-1111,193,232,-53
-363,1742,-1108,151,366,-23
-362,1738,-1104,236,92,-3
-348,1740,-1108,119,-21,-45
-342,1741,-1120,64,84,-43
-353,1739,-1116,155,259,-116
-355,1743,-1115,166,153,-95
-358,1745,-1113,227,351,-61
-361,1743,-1122,212,370,-123
-349,1739,-1129,169,336,-98
-359,1738,-1134,153,267,-97
-371,1741,-1117,160,-132,-123
-358,1745,-1107,221,180,-89
-353,1740,-1116,255,454,-134
-342,1735,-1119,295,459,-134
-344,1740,-1117,179,506,-142
-357,1745,-1108,78,335,-130
-362,1741,-1105,207,257,-93
-364,1736,-1113,257,270,-90
-359,1737,-1119,263,497,-105
-357,1741,-1123,129,414,-135
-353,1740,-1112,119,388,-88
-358,1744,-1108,129,351,-95
-369,1742,-1105,309,125,-90
-373,1745,-1117,155,377,-51
-374,1741,-1115,119,59,-48
-353,1747,-1109,108,224,-27
-354,1754,-1114,158,446,-67
-375,1743,-1121,304,4,-98
-375,1737,-1129,292,-176,-23
-371,1743,-1127,109,148,6
-373,1742,-1121,160,192,-16
-366,1736,-1116,338,-21,-8
-354,1735,-1116,288,183,13
-344,1740,-1108,193,41,-8
-337,1746,-1108,94,645,-88
-353,1743,-1104,170,366,-90
-362,1744,-1115,121,125,-66
-363,1743,-1115,174,241,-14
-364,1742,-1120,292,89,-36
-360,1743,-1125,284,212,-72
-359,1741,-1125,196,267,-43
-363,1741,-1121,196,27,2
-360,1743,-1125,161,-8,-13
-361,1742,-1128,221,39,-51
-364,1739,-1125,303,-23,-35
-362,1741,-1124,273,-133,-24
-348,1743,-1117,117,223,-17
-355,1739,-1121,-25,172,-41
-363,1734,-1116,79,223,-11
-358,1736,-1115,153,166,-34
-350,1742,-1122,54,141,-90
-351,1740,-1113,152,327,-53
-358,1743,-1123,79,212,-48
-356,1739,-1125,159,497,-113
-363,1738,-1127,177,101,-85
-356,1743,-1127,125,357,-66
-362,1740,-1122,260,180,-83
-363,1741,-1124,164,29,-53
-359,1742,-1127,248,164,-98
-360,1742,-1132,142,392,-126
-357,1736,-1121,257,213,-91
-352,1740,-1115,173,161,-86
-354,1746,-1107,34,410,-4
-370,1743,-1113,55,277,-103
-366,1735,-1120,190,-169,-53
-353,1736,-1122,209,-85,-32
-350,1743,-1123,74,544,-51
-366,1739,-1115,169,60,-54
-361,1739,-1122,127,206,-107
-360,1741,-1126,46,224,-91
-359,1738,-1114,173,277,-87
-355,1742,-1112,157,97,-66
-347,1745,-1117,129,405,-49
-367,1741,-1116,187,473,-109
-380,1738,-1114,248,-28,-43
-366,1742,-1116,119,162,-61
-352,1745,-1106,132,178,-53
-349,1746,-1103,125,389,-77
-356,1744,-1111,186,389,-62
-366,1742,-1119,226,89,-79
-366,1739,-1125,260,131,-48
-359,1742,-1128,87,413,-67
-366,1743,-1123,209,149,-72
-374,1741,-1118,182,64,-62
-369,1741,-1117,165,131,-46
-362,1744,-1118,156,7,-80
-358,1745,-1131,214,112,-70
-358,1740,-1124,245,118,-84
-362,1741,-1126,125,128,-80
-370,1739,-1112,113,117,-39
-366,1736,-1107,164,408,-90
-356,1740,-1109,147,216,-109
-342,1742,-1112,91,292,-75
-352,1741,-1110,176,232,-105
-348,1740,-1103,157,226,-73
-354,1743,-1111,96,379,-84
-354,1739,-1127,100,216,-115
-365,1733,-1133,246,121,-114
-374,1742,-1149,72,109,-142
-380,1741,-1140,51,256,-116
-374,1738,-1129,246,309,-71
-366,1737,-1134,178,313,-87
-361,1737,-1126,246,454,-114
-361,1740,-1121,170,272,-97
-365,1742,-1109,20,263,-83
-359,1745,-1099,33,32,-58
-353,1746,-1102,37,515,-76
-366,1742,-1105,189,-19,-148
-357,1742,-1106,181,123,-120
-350,1740,-1103,132,479,-95
-352,1741,-1103,101,380,-55
-360,1744,-1109,59,438,-132
-371,1743,-1110,100,98,-75
-378,1742,-1109,166,-248,-94
-371,1742,-1115,44,209,-92
-359,1740,-1125,159,277,-115
-363,1738,-1121,225,160,-68
-370,1747,-1113,90,128,-80
-377,1747,-1111,127,-67,-52
-380,1745,-1112,144,179,-114
-377,1743,-1125,226,105,-118
-365,1739,-1126,258,290,-125
-358,1741,-1122,191,317,-69
-363,1748,-1117,-16,319,-66
-379,1746,-1111,88,209,-134
-381,1737,-1120,288,-83,-145
-366,1735,-1124,177,88,-116
-348,1740,-1118,166,348,-114
-349,1742,-1117,-3,548,-132
-365,1737,-1109,87,261,-155
-380,1734,-1111,103,275,-114
-387,1733,-1106,207,206,-90
-378,1744,-1104,212,322,-90
-363,1750,-1112,121,380,-105
-359,1750,-1110,178,188,-106
-375,1743,-1109,96,331,-56
-384,1739,-1107,63,397,-111
-380,1736,-1110,222,-124,-65
-371,1743,-1116,117,288,-51
-370,1743,-1117,106,434,-86
-379,1739,-1118,201,728,-86
-383,1734,-1119,323,233,-84
-368,1732,-1124,84,617,-98
-372,1733,-1118,170,690,-138
-380,1736,-1111,314,420,-121
-381,1740,-1117,295,221,-151
-371,1747,-1108,314,292,-122
-349,1760,-1099,118,299,-98
-355,1760,-1097,74,588,-100
-370,1749,-1099,93,17,-93
-366,1740,-1113,240,-184,-74
-371,1740,-1113,87,205,-111
-367,1739,-1104,189,77,-68
-351,1739,-1097,177,217,-26
-347,1742,-1091,216,170,-47
-356,1742,-1108,117,262,-99
-375,1740,-1114,143,245,-120
-376,1738,-1121,142,167,-145
-376,1736,-1125,160,242,-87
-370,1740,-1118,168,226,-96
-360,1742,-1113,198,500,-96
-373,1744,-1123,234,398,-105
-385,1740,-1126,206,327,-99
-395,1736,-1131,143,165,-85
-389,1732,-1121,192,-7,-79
-368,1742,-1115,156,136,-65
-366,1744,-1106,227,474,-80
-375,1743,-1114,224,338,-90
-378,1738,-1116,227,98,-33
-367,1737,-1124,159,117,-91
-366,1733,-1116,133,266,-73
-365,1740,-1107,107,219,-58
-362,1741,-1105,216,576,-96
-369,1739,-1108,314,264,-112
-366,1741,-1102,239,232,-55
-360,1745,-1113,66,177,-75
-368,1743,-1113,4,336,-88
-370,1736,-1115,181,370,-98
-367,1738,-1125,203,396,-98
-378,1738,-1119,268,349,-112
-372,1742,-1115,127,172,-38
-371,1741,-1115,54,280,-76
-372,1742,-1113,74,106,-70
-366,1741,-1109,100,331,-101
-371,1742,-1110,184,292,-104
-369,1742,-1120,177,450,-114
-363,1738,-1126,196,365,-119
-370,1736,-1126,188,331,-104
-370,1739,-1113,128,453,-69
-371,1740,-1116,221,216,-44
-362,1736,-1121,227,388,-66
-366,1732,-1119,215,234,-126
-368,1735,-1108,177,352,-98
-363,1738,-1104,312,469,-74
-364,1743,-1108,347,373,-128
-364,1746,-1114,264,247,-114
-367,1745,-1119,253,146,-116
-369,1746,-1120,250,139,-109
-373,1740,-1125,146,908,-80
-392,1733,-1128,352,-4,-59
-381,1735,-1132,228,254,-62
-372,1739,-1114,190,104,2
-364,1740,-1120,190,258,-51
-362,1739,-1120,203,396,-61
-367,1733,-1118,315,124,-115
-363,1734,-1121,294,410,-92
-361,1733,-1123,300,522,-166
-364,1726,-1135,362,794,-253
-367,1722,-1141,545,730,-165
-388,1712,-1156,912,1294,-264
-406,1693,-1163,1058,1417,-485
-397,1667,-1165,1466,1127,-637
-341,1640,-1143,2070,1215,-825
-246,1673,-1132,2304,1570,-1264
-164,1713,-1089,2485,2390,-1660
-139,1739,-1011,2620,1985,-1845
-158,1772,-932,2659,426,-1922
-161,1845,-832,2047,-1384,-1811
-124,1925,-738,1112,-2512,-1572
-72,1992,-641,36,-3836,-1305
18,2102,-567,-1466,-5285,-787
78,2261,-515,-3462,-4741,-417
37,2418,-439,-5819,-3110,-741
-58,2464,-339,-6631,-5301,-973
-117,2534,-371,-8931,-6366,-1179
-198,2573,-424,-10884,-6304,-1240
-269,2639,-370,-14092,-3660,-1026
-358,2703,-186,-18558,-1300,-89
-410,2716,-66,-21743,-2799,1527
-319,2781,27,-24172,51,4366
-172,2804,12,-24230,1110,7549
-95,2849,-222,-21489,288,10838
26,2881,-453,-19792,3399,13734
292,2915,-502,-23789,14150,16225
588,3185,-478,-32126,32767,13646
458,3530,-466,-32768,32767,8195
-190,3712,-229,-32768,20002,5143
-833,3661,147,-32768,2740,5441
-1009,3563,365,-32768,-7860,11124
-752,3505,409,-32768,-5566,16041
-401,3553,485,-32768,-4289,16148
42,3586,587,-32768,-4008,14220
456,3457,578,-32768,7198,12858
530,3233,628,-32768,10397,12085
458,2919,648,-32768,12870,11478
313,2587,514,-32768,13427,10313
95,2183,303,-32768,13324,8985
-84,1697,204,-32768,15389,7780
-260,1126,231,-32768,14148,6054
-352,776,266,-32768,12341,4139
-461,723,98,-32768,12993,1667
-669,572,-181,-32768,13104,-536
-1094,157,-132,-24846,1021,870
-1122,-202,-237,-20870,413,-335
-877,-416,-321,-14828,-961,-1325
-664,-570,-248,-8653,-664,-1793
-526,-751,-187,-1381,-2036,-1610
-478,-949,-97,4672,-2475,-1287
-487,-1122,90,10315,-4913,-1458
-420,-1149,366,15271,-5425,-929
-300,-1013,628,19277,-6188,-92
-167,-759,881,20961,-5114,493
-77,-505,1094,23176,-4199,1452
-33,-396,1219,25219,-2757,1055
-20,-325,1228,26866,-3298,-161
-48,-164,1147,27319,-2140,-1138
-126,41,1055,28613,-3783,-1177
-74,286,1095,31768,-4632,-1163
20,495,1039,32767,-1565,-2564
67,701,886,32767,-346,-3785
57,912,895,32767,1343,-4085
-68,1081,945,32767,369,-4124
-199,1225,892,32767,658,-4523
-302,1477,835,32767,454,-4434
-366,1731,797,32767,-2539,-4309
-362,1929,851,32767,-1352,-3722
-342,2066,775,32767,-1902,-5154
-424,2229,695,32767,-1516,-5684
-549,2370,663,32767,-5054,-7135
-609,2514,500,32767,-9870,-8000
-702,2658,373,32767,-17197,-7137
-750,2892,320,32767,-25273,-5485
-459,3167,161,32767,-32768,-2330
176,3197,-416,25453,-31216,-4758
719,3057,-710,17491,1814,-13892
618,3062,-415,16179,7506,-14862
78,3023,129,19454,209,-10390
-492,2830,177,22308,-9469,-5044
-755,2559,-206,19267,-15709,-1576
-533,2427,-521,14479,-10747,-2890
-107,2536,-608,12492,-4479,-5248
56,2519,-398,11718,4992,-5319
-209,2185,-200,12566,4028,-1606
-158,2010,16,8240,9616,2082
-72,2110,-303,8099,1204,1010
-439,2055,-614,6138,10092,-4932
-769,1999,-407,4796,3024,424
-626,1921,-428,6600,-10532,3048
-397,1782,-703,5445,-5738,2044
55,1756,-805,4515,-4856,3810
357,1857,-1018,4527,6711,2475
46,1921,-1141,4782,7257,1417
-475,1889,-1120,6396,4263,862
-825,1930,-1058,6756,-3292,1422
-692,2103,-947,5927,-5289,1839
-193,2277,-920,3718,-72,2232
109,2381,-832,1526,6939,2204
-205,2496,-794,808,2602,1262
-334,2735,-690,-3392,1840,362
-418,2594,-680,-4851,-1266,632
-436,2199,-1086,-2660,-3654,1410
-300,1949,-1489,-2177,-2175,477
-244,1765,-1586,-971,-25,-301
-289,1619,-1490,-192,236,-342
-288,1569,-1285,-85,519,9
-324,1561,-1132,66,1054,64
-357,1543,-1080,468,338,-159
-287,1525,-1141,908,608,-190
-261,1559,-1146,1272,1902,-34
-324,1628,-1127,1140,1165,-249
-319,1699,-1100,998,1844,-359
-313,1755,-1104,650,3536,-316
-354,1772,-1084,498,3944,-392
-433,1758,-1108,603,2033,-360
-441,1722,-1161,555,489,111
-399,1714,-1184,41,441,457
-416,1723,-1168,-301,1289,420
-485,1715,-1154,62,-564,240
-470,1723,-1172,-85,-733,115
-427,1726,-1198,0,-905,-127
-421,1714,-1209,169,-1151,-386
-380,1702,-1189,236,-989,-308
-321,1707,-1186,214,-301,32
-327,1713,-1183,20,360,153
-363,1702,-1184,103,-185,-4
-376,1688,-1210,308,-349,-79
-368,1680,-1208,402,-188,-130
-365,1677,-1207,459,61,-119
-384,1680,-1199,426,-225,-118
-381,1691,-1178,344,-395,-206
-359,1696,-1166,60,201,-75
-365,1702,-1163,141,781,-71
-369,1696,-1185,202,292,-95
-357,1692,-1205,40,393,-8
-375,1694,-1203,65,612,-51
-384,1688,-1196,408,156,-32
-368,1691,-1198,297,344,104
-357,1693,-1179,183,437,106
-356,1694,-1162,-127,649,178
-376,1691,-1168,-116,1080,52
-405,1688,-1182,191,-50,-76
-375,1692,-1187,284,183,-46
-349,1700,-1197,148,721,-45
-352,1700,-1187,29,1152,-45
-372,1697,-1192,197,523,-59
-373,1701,-1199,201,295,-51
-377,1704,-1211,159,507,-35
-376,1694,-1199,172,1064,-82
-363,1685,-1215,272,666,61
-354,1690,-1210,91,778,46
-354,1697,-1189,5,969,117
-385,1703,-1177,-202,1070,-14
-444,1705,-1178,51,-561,-149
-417,1702,-1178,351,-170,-111
-378,1701,-1184,439,-505,-63
-350,1712,-1178,222,-49,-90
-357,1715,-1168,124,11,-171
-361,1706,-1176,68,-295,-54
-352,1703,-1192,-52,-207,54
-358,1696,-1198,66,-141,27
-351,1689,-1187,126,-103,2
-339,1689,-1196,167,48,-21
-332,1691,-1184,246,75,-43
-337,1700,-1176,33,293,-25
-357,1704,-1175,157,256,-130
-354,1703,-1184,193,138,-182
-336,1701,-1195,283,176,-80
-346,1704,-1198,119,359,-94
-362,1699,-1198,113,252,-111
-364,1697,-1197,176,621,-142
-361,1695,-1200,371,214,-111
-356,1704,-1198,156,381,-125
-359,1703,-1184,161,203,-61
-360,1702,-1179,131,162,-78
-367,1699,-1200,71,-29,-160
-362,1695,-1198,64,317,-105
-377,1696,-1194,29,258,-113
-379,1695,-1188,131,170,-77
-369,1695,-1195,267,-79,-63
-355,1700,-1195,129,386,-104
-360,1698,-1198,115,330,-125
-361,1695,-1191,138,203,-131
-353,1693,-1179,212,286,-92
-360,1702,-1181,156,497,-83
-372,1707,-1191,171,408,-132
-376,1705,-1200,184,493,-170
-375,1702,-1204,106,273,-110
-373,1696,-1200,299,262,-155
-356,1691,-1200,359,429,-52
-356,1699,-1184,225,407,-87
-372,1710,-1173,-52,531,-141
-392,1706,-1165,-80,296,-64
-392,1699,-1167,195,-459,-63
-365,1696,-1195,283,-1,-116
-347,1696,-1200,320,351,-103
-341,1701,-1191,114,592,-99
-352,1705,-1186,-19,523,-45
-372,1706,-1187,-49,508,-30
-399,1701,-1186,193,-211,-88
-381,1696,-1187,267,-67,-163
-343,1695,-1183,257,430,-122
-328,1696,-1181,244,584,-155
-328,1699,-1172,128,693,-114
-350,1706,-1177,3,524,-108
-399,1706,-1178,30,217,-62
-421,1698,-1183,209,-236,-48
-405,1697,-1192,376,-356,-85
-368,1702,-1198,232,-189,-133
-335,1705,-1189,148,155,-51
-333,1708,-1192,-81,425,-59
-358,1705,-1196,-105,703,-146
-390,1699,-1196,110,0,-71
-398,1692,-1198,143,40,-127
-373,1680,-1194,408,-48,-80
-346,1692,-1189,326,183,-68
-345,1710,-1177,32,750,-100
-368,1713,-1173,11,337,-80
-379,1709,-1182,20,256,-97
-379,1704,-1198,41,190,-122
-375,1697,-1209,169,135,-155
-368,1694,-1211,174,353,-142
-374,1692,-1202,159,390,-101
-379,1695,-1191,182,236,-98
-378,1707,-1187,118,99,-71
-370,1711,-1188,195,95,-64
-364,1709,-1196,66,213,-69
-371,1706,-1209,76,240,-111
-381,1698,-1218,62,332,-126
-388,1692,-1205,187,347,-111
-383,1691,-1190,261,132,-116
-359,1693,-1175,164,189,-30
-347,1700,-1163,-66,275,-46
-349,1703,-1157,-169,406,-63
-367,1696,-1161,66,275,-100
-379,1695,-1163,147,-128,-171
-356,1699,-1161,247,59,-155
-340,1710,-1156,60,420,-136
-345,1718,-1153,32,555,-94
-369,1717,-1174,32,479,-117
-392,1702,-1196,179,185,-197
-409,1683,-1226,450,-57,-175
-410,1686,-1249,601,-41,-250
-401,1664,-1248,1210,1134,-531
-431,1641,-1228,1736,698,-866
-421,1639,-1163,2186,283,-1317
-312,1664,-1138,2504,-338,-1304
-184,1689,-1086,2689,1042,-1103
-123,1717,-955,3110,330,-1336
-82,1776,-853,3049,-1395,-1628
-47,1891,-747,2169,-2465,-1995
-23,2071,-605,1057,-3335,-2197
40,2244,-491,-179,-3927,-2130
99,2408,-410,-2514,-4372,-1988
94,2572,-339,-5509,-5126,-1832
14,2697,-224,-8168,-6207,-1648
-109,2824,-107,-11416,-7021,-1197
-241,2967,23,-16919,-6428,-413
-289,3003,168,-23709,-4699,1389
-117,2951,182,-26724,-5261,4932
87,3020,161,-28703,2053,9334
66,3139,-178,-27030,2929,12900
81,3225,-547,-24604,5739,15124
290,3450,-642,-27212,15637,17808
698,3851,-587,-32768,32767,16213
648,4071,-616,-32768,32767,11964
-181,4256,-549,-32768,19310,8613
-779,4321,-195,-32768,4884,8634
-928,4157,28,-32768,-2181,9759
-834,3909,93,-32768,-5830,12925
-552,3703,239,-32768,-3689,14449
-195,3574,309,-32768,-4034,14041
207,3502,331,-32768,8323,11972
306,3319,291,-32768,10719,10062
259,2947,282,-32768,10408,8993
239,2469,242,-32768,12329,7236
145,2073,131,-32768,11742,4959
-27,1712,15,-32768,13503,3482
-264,1363,-93,-32768,8955,3970
-365,849,-172,-32768,10094,4146
-345,443,-310,-30554,11802,1203
-500,130,-518,-26748,9842,-231
-689,-294,-583,-18766,3310,1292
-703,-586,-595,-12229,5570,1883
-705,-829,-511,-4407,-773,1377
-659,-995,-457,1636,-1373,1520
-656,-985,-247,7503,-4307,1968
-560,-962,13,12966,-3682,1605
-516,-872,201,15865,-3708,-3
-531,-804,435,20244,-5844,-620
-543,-730,648,23798,-7960,-650
-413,-513,832,26195,-6896,-509
-206,-232,900,27865,-4637,-1620
-81,83,968,29171,-5357,-2981
-37,376,984,30005,-3791,-3841
-62,580,981,30588,-2877,-4024
-12,733,1014,32188,-3500,-4262
86,845,1015,32767,-2595,-4385
94,1031,914,32767,-1868,-4635
112,1285,818,32767,2494,-5166
73,1591,781,32767,717,-5063
-4,1897,779,32767,1214,-4054
-52,2153,764,32767,2378,-3418
-146,2139,756,32767,559,-3760
-191,2228,745,32767,4151,-3694
-212,2518,790,32767,350,-2651
-271,2593,675,32767,-1231,-3966
-304,2595,540,32767,855,-5151
-392,2645,411,32767,-4087,-5044
-544,2640,369,32767,-9645,-5097
-613,2801,308,32767,-12259,-3999
-611,3092,230,32767,-21392,-2464
-424,3155,-98,27385,-29101,-2277
-29,2876,-405,21997,-20502,-4898
292,2765,-416,17943,-8422,-8106
272,2906,-371,15133,-450,-9255
-74,2893,-269,14668,-33,-8442
-473,2618,-178,14689,-4987,-5165
-687,2370,-283,15092,-10634,-3013
-684,2311,-421,14640,-9931,-2870
-505,2307,-547,13492,-7731,-3273
-270,2273,-636,12046,-276,-2351
-77,2166,-668,10203,8079,-1939
-68,2076,-627,8354,8577,-1533
-307,2004,-656,7161,451,-1176
-529,1897,-643,9516,-527,-4
-604,1948,-613,8124,-2360,1236
-532,1923,-628,7968,-7114,988
-244,1855,-927,6476,-3699,1197
26,1877,-990,4043,5100,1950
17,1894,-951,4125,7492,3359
-250,1953,-1032,4355,5751,2966
-467,2020,-1118,3106,5946,2116
-760,2098,-1098,2862,1027,1303
-873,2190,-1121,2160,-2661,615
-545,2248,-1124,429,-314,1180
-259,2245,-1140,-1206,2414,2044
-158,2215,-1186,-2218,4757,1816
-302,2130,-1252,-2132,5082,1685
-451,1981,-1306,-1752,1870,1228
-443,1841,-1360,-1868,1520,957
-400,1707,-1312,-1711,1722,920
-351,1609,-1287,-1400,1215,947
-365,1553,-1269,-1389,1533,757
-427,1522,-1225,-607,-802,568
-367,1525,-1213,-398,-1228,573
-253,1553,-1180,-224,-1,645
-201,1587,-1137,-234,212,496
-184,1631,-1136,-454,1089,360
-193,1673,-1142,-996,1469,306
-236,1700,-1171,-1294,1372,328
-311,1702,-1188,-1047,953,423
-399,1692,-1213,-488,-239,489
-398,1681,-1250,-163,-582,447
-336,1681,-1253,-159,-424,391
-283,1676,-1263,-86,795,364
-260,1677,-1224,98,862,326
-242,1691,-1212,-226,1090,222
-275,1683,-1211,-107,1663,130
-323,1674,-1199,308,835,170
-351,1671,-1229,272,530,42
-382,1658,-1237,366,152,-48
-354,1656,-1238,274,36,23
-306,1663,-1223,552,493,96
-294,1676,-1217,767,783,24
-281,1678,-1232,603,987,11
-304,1675,-1220,562,-162,80
-293,1691,-1206,143,466,29
-328,1699,-1207,39,590,-56
-365,1678,-1214,503,-267,-106
-336,1669,-1234,416,-254,-155
-312,1666,-1267,537,-441,-232
-300,1665,-1285,430,-508,-198
-285,1671,-1300,-21,485,-54
-328,1667,-1289,125,173,70
-337,1665,-1284,118,274,114
-327,1669,-1270,188,-332,74
-314,1677,-1260,46,48,-68
-314,1674,-1249,122,-198,-68
-305,1671,-1247,61,-178,-160
-306,1667,-1266,10,348,-142
-317,1660,-1255,312,-345,-102
-300,1663,-1245,207,-106,-61
-299,1675,-1237,125,78,-76
-302,1675,-1245,63,230,-96
-302,1674,-1264,-129,271,-108
-323,1672,-1282,-105,314,-116
-339,1660,-1284,382,8,-180
-331,1663,-1283,318,177,-159
-319,1669,-1266,230,259,-183
-308,1676,-1239,34,341,-149
-305,1675,-1241,-231,670,-86
-341,1660,-1248,112,237,-79
-361,1655,-1251,249,-144,-113
-344,1650,-1260,269,-76,-114
-323,1650,-1244,211,417,-114
-315,1661,-1226,201,359,-53
-311,1679,-1219,225,632,-67
-326,1683,-1228,360,159,-96
-323,1689,-1237,143,454,-133
-330,1687,-1247,76,294,-200
-327,1675,-1252,248,323,-156
-322,1668,-1262,333,290,-154
-316,1669,-1260,270,290,-124
-313,1671,-1263,153,449,-116
-330,1674,-1257,95,758,-107
-347,1672,-1259,200,215,-105
-346,1666,-1265,284,-129,-91
-323,1658,-1267,426,129,-104
-304,1666,-1266,220,613,-95
-310,1667,-1245,185,711,-85
-332,1670,-1228,164,289,-26
-343,1666,-1231,311,374,-26
-326,1663,-1247,390,445,-66
-312,1663,-1261,362,425,-86
-318,1668,-1259,270,659,-94
-339,1674,-1244,119,297,-122
-338,1671,-1229,170,-19,-45
-331,1673,-1233,318,-539,-95
-298,1673,-1263,-5,243,-106
-302,1662,-1272,214,290,-105
-304,1664,-1293,130,336,-75
-335,1670,-1305,50,476,-125
-369,1665,-1291,223,4,-107
-364,1664,-1272,269,-383,-94
-331,1658,-1263,255,165,-73
-326,1662,-1256,164,201,-119
-324,1659,-1250,102,268,-147
-318,1653,-1249,381,-153,-87
-314,1660,-1259,267,177,-71
-331,1663,-1255,327,185,-117
-338,1664,-1241,330,54,-78
-325,1670,-1235,303,-349,-47
-313,1678,-1245,118,-204,-103
-313,1675,-1257,159,276,-48
-330,1670,-1267,134,127,-77
-345,1666,-1282,168,-326,-120
-339,1661,-1287,226,-25,-101
-337,1660,-1276,216,42,-137
-323,1660,-1264,234,-3,-170
-307,1662,-1250,112,330,-111
-314,1660,-1246,92,328,-101
-339,1664,-1254,35,350,-173
-352,1657,-1263,338,-146,-138
-341,1654,-1276,247,-171,-159
-331,1655,-1273,248,121,-115
-335,1655,-1273,-46,728,-128
-349,1648,-1267,160,348,-104
-347,1648,-1266,158,117,-80
-348,1649,-1261,213,-138,-105
-334,1651,-1255,168,83,-86
-323,1658,-1255,76,166,-92
-320,1665,-1255,75,566,-107
-325,1667,-1253,77,293,-83
-339,1670,-1270,57,629,-107
-360,1660,-1266,310,71,-80
-356,1662,-1274,283,87,-106
-351,1668,-1281,97,272,-70
-351,1668,-1269,42,64,-115
-339,1665,-1262,145,170,-88
-334,1661,-1275,212,61,-40
-330,1656,-1270,99,339,-26
-343,1647,-1268,8,113,-65
-348,1641,-1258,91,93,-77
-336,1639,-1250,151,460,-138
-318,1644,-1245,381,276,-156
-284,1661,-1244,92,627,-123
-307,1680,-1239,-179,1021,-125
-364,1682,-1230,-120,480,-78
-392,1676,-1241,250,-120,-99
-370,1671,-1255,272,-227,-145
-326,1668,-1265,155,93,-60
-311,1669,-1265,-15,693,-72
-329,1663,-1263,3,952,-37
-373,1658,-1270,115,70,-20
-376,1656,-1263,145,-192,-56
-346,1650,-1264,175,-3,-54
-316,1652,-1261,83,471,-73
-315,1651,-1255,125,671,-38
-321,1653,-1240,328,261,-8
-331,1665,-1241,187,496,-115
-338,1674,-1243,65,456,-106
-348,1676,-1243,152,553,-134
-354,1678,-1241,267,318,-104
-338,1677,-1245,268,-2,-97
-329,1679,-1248,55,312,-67
-337,1677,-1254,93,374,-20
-350,1671,-1269,146,329,-4
-357,1660,-1275,218,342,-38
-360,1656,-1278,295,-4,-63
-339,1659,-1267,215,0,-95
-305,1660,-1258,151,51,10
-317,1662,-1268,58,469,-33
-361,1676,-1286,176,572,-241
-392,1677,-1277,515,60,-317
-408,1676,-1274,496,-439,-503
-391,1682,-1237,466,-222,-681
-368,1702,-1192,201,-606,-946
-296,1686,-1130,976,-1252,-1037
-187,1666,-1130,1058,-871,-1132
-156,1631,-1090,2039,-1432,-1305
-147,1657,-1021,2597,-3436,-1608
-68,1748,-929,2768,-3503,-1741
44,1903,-805,2327,-1952,-1797
123,2106,-614,603,-672,-1983
157,2291,-429,-495,-863,-1951
148,2520,-319,-3887,-4438,-1729
96,2735,-198,-7263,-5789,-1363
-1,2918,-10,-11226,-6254,-741
-215,3044,92,-17775,-7747,-369
-370,3152,150,-24657,-8735,252
-209,3116,224,-28258,-6336,3326
49,3169,210,-30982,335,8417
151,3279,-38,-29362,2320,12947
207,3355,-492,-26688,4710,15314
379,3397,-714,-27192,13278,17259
734,3774,-716,-32768,32767,16414
614,4057,-726,-32768,32767,10958
-402,4235,-710,-32768,19776,7484
-954,4068,-281,-32768,565,6873
-950,3968,-34,-32768,-7110,10145
-679,3855,8,-32768,-588,12765
-473,3680,99,-32768,-3880,13626
-192,3551,259,-32768,-4537,13548
156,3453,372,-32768,4248,12676
312,3231,333,-32768,7167,12178
337,2911,331,-32768,6238,11673
377,2459,316,-32768,12117,9706
284,1984,263,-32768,11502,6437
110,1667,180,-32768,11736,4923
-103,1377,93,-32768,11970,5336
-291,966,14,-32768,11158,5400
-385,614,-74,-29579,8600,5351
-379,345,-266,-27249,11132,3901
-419,69,-415,-22191,8234,2326
-530,-303,-506,-15916,6249,2931
-671,-699,-442,-6922,1566,3777
-657,-902,-425,-1335,739,3472
-645,-1015,-265,5213,-1127,3567
-645,-982,-11,11024,-3373,3167
-638,-856,181,14671,-5943,3156
-603,-706,445,17141,-4795,2986
-528,-626,686,19980,-4333,1793
-481,-542,842,22436,-7341,182
-406,-423,905,25066,-7670,-1001
-352,-201,961,26183,-6086,-1478
-327,37,980,27275,-5816,-1553
-250,237,1018,29557,-7240,-2222
-97,441,1003,31480,-5968,-4196
41,708,925,31518,-4534,-5556
161,1068,1002,31333,486,-5805
199,1393,1055,32290,2256,-6194
55,1491,981,32087,806,-7453
-154,1511,841,32130,-768,-5547
-266,1779,925,32229,430,-2227
-254,1990,1121,32767,-4368,-1725
-112,2111,995,32767,-5672,-3243
-119,2107,732,32714,-2942,-6220
-207,2200,529,31186,-1451,-6519
-266,2431,600,32767,-3139,-3719
-234,2572,760,32767,-2187,-3177
-224,2608,646,32767,-4404,-5848
-268,2593,296,32767,-12484,-9618
-331,2670,16,32246,-18065,-10881
-314,3022,4,30494,-16323,-7020
-238,3263,34,28360,-18782,-3236
-227,3052,-190,24865,-22886,-4525
-230,2817,-403,20069,-18136,-9369
-182,2895,-483,16219,-13563,-10525
-69,2926,-315,16312,-10814,-9362
-131,2636,-247,16387,-10250,-7580
-288,2356,-310,15873,-6883,-6365
-412,2268,-433,15946,-8433,-5628
-312,2312,-513,15009,-8248,-4705
38,2225,-540,12992,276,-3047
364,2118,-471,10194,12249,-1555
221,2032,-627,9752,10843,-2165
-235,1900,-809,12689,3994,-1123
-215,1948,-769,7945,13146,680
-230,2097,-435,5510,13260,34
-612,2008,-561,5263,5104,316
-864,1870,-718,3401,2647,1701
-767,1850,-835,5113,-4930,2218
-531,1973,-1100,3678,-2288,1113
-327,2049,-1204,3711,1570,676
-251,2137,-1227,2790,3453,556
-306,2214,-1170,1934,3583,1537
-448,2228,-1093,614,2170,2947
-524,2206,-1079,-605,1077,2828
-483,2177,-1111,-1604,1110,1733
-478,2128,-1206,-1771,1814,940
-524,2050,-1264,-1416,1497,401
-520,1941,-1303,-887,-83,538
-459,1807,-1333,-163,-910,583
-322,1703,-1314,-312,323,642
-270,1646,-1308,-1164,1784,656
-374,1601,-1232,-1086,480,487
-457,1554,-1203,-519,-1553,619
-448,1519,-1213,-247,-2121,740
-346,1511,-1220,-4,-914,563
-267,1512,-1214,297,205,476
-234,1534,-1193,581,901,457
-238,1581,-1209,46,1861,381
-325,1613,-1215,257,936,255
-403,1639,-1216,180,122,138
-404,1649,-1225,605,31,209
-391,1672,-1235,632,380,167
-357,1679,-1245,384,1510,231
-345,1676,-1214,434,1269,243
-364,1684,-1203,-116,1028,287
-388,1695,-1169,-422,447,164
-407,1695,-1149,-453,29,263
-421,1676,-1155,-177,-853,142
-382,1667,-1183,-221,74,74
-352,1661,-1205,17,45,-87
-320,1659,-1215,76,712,-46
-306,1660,-1226,176,541,-176
-304,1672,-1233,-6,1245,-195
-352,1682,-1245,9,560,-270
-378,1690,-1261,-104,171,-281
-398,1681,-1274,-188,151,-216
-420,1657,-1276,44,84,-333
-401,1646,-1282,119,-115,-278
-385,1650,-1275,-188,664,-196
-395,1653,-1243,-82,225,-242
-377,1657,-1240,-223,-252,-141
-373,1667,-1251,-591,377,-88
-410,1655,-1253,-445,-30,-68
-440,1649,-1247,-170,-27,-172
-427,1646,-1264,238,-613,-186
-383,1643,-1267,235,78,-214
-358,1641,-1264,215,265,-142
-360,1653,-1267,12,673,-39
-399,1658,-1259,-256,837,-67
-452,1643,-1248,191,68,-115
-448,1633,-1281,305,-79,-216
-416,1628,-1289,363,-58,-226
-391,1634,-1264,324,449,-86
-382,1647,-1240,158,550,14
-390,1657,-1235,61,578,-8
-405,1662,-1226,119,152,-30
-422,1663,-1223,138,213,-143
-413,1666,-1239,169,201,-68
-397,1675,-1246,14,335,13
-395,1668,-1247,69,561,-66
-404,1668,-1245,207,296,19
-410,1667,-1239,219,20,-48
-399,1661,-1241,224,14,-41
-382,1658,-1249,158,115,-34
-369,1659,-1259,-10,418,18
-388,1654,-1247,78,344,-25
-400,1656,-1239,151,284,-44
-395,1655,-1233,351,211,-101
-380,1656,-1243,257,120,-86
-361,1663,-1245,218,245,-111
-367,1673,-1253,-11,278,-152
-391,1668,-1271,0,148,-171
-403,1660,-1286,126,-262,-21
-421,1658,-1289,-46,-74,-29
-430,1646,-1290,198,-333,-57
-425,1648,-1276,102,-147,-126
-397,1652,-1247,320,-505,-140
-357,1659,-1235,169,49,-93
-357,1663,-1220,117,188,-83
-369,1663,-1214,66,308,-58
-391,1668,-1222,-6,231,-139
-407,1671,-1219,184,-56,-157
-418,1674,-1229,28,-55,-291
-419,1670,-1225,96,-218,-277
-403,1668,-1226,192,-260,-248
-389,1661,-1237,-34,339,-257
-400,1660,-1228,212,-63,-112
-412,1658,-1239,219,-85,-120
-407,1660,-1249,353,-232,-64
-416,1668,-1260,92,62,-94
-432,1663,-1251,161,175,-187
-427,1658,-1240,281,359,-188
-417,1653,-1246,352,289,-202
-389,1651,-1243,338,359,-146
-381,1650,-1237,98,650,-90
-417,1644,-1229,162,472,-105
-434,1637,-1225,232,40,-132
-426,1637,-1228,256,178,-185
-411,1638,-1225,420,-149,-207
-380,1651,-1228,159,623,-150
-386,1653,-1230,225,679,-131
-406,1658,-1239,171,213,-98
-427,1660,-1257,146,163,-81
-453,1658,-1256,104,158,-217
-449,1650,-1257,313,24,-185
-419,1654,-1266,240,445,-125
-408,1657,-1259,127,610,-62
-421,1652,-1256,129,193,-112
-430,1646,-1258,139,258,-82
-441,1644,-1262,211,-159,-41
-437,1651,-1257,221,-20,-46
-420,1650,-1245,145,48,-115
-392,1652,-1235,227,143,-78
-387,1658,-1236,102,355,-65
-405,1660,-1231,76,292,-48
-414,1653,-1234,255,294,-64
-413,1654,-1243,166,404,-127
-405,1654,-1241,192,302,-97
-407,1658,-1237,113,336,-120
-417,1660,-1232,130,419,-102
-420,1650,-1231,255,484,-118
-415,1652,-1236,276,141,-66
-418,1661,-1239,125,251,-123
-428,1667,-1249,55,179,-118
-437,1669,-1254,-27,310,-74
-441,1663,-1255,183,189,-151
-437,1656,-1262,207,210,-95
-433,1652,-1261,235,178,-143
-418,1649,-1252,256,34,-97
-404,1654,-1240,111,21,-51
-402,1658,-1236,-8,336,-25
-413,1656,-1232,100,309,-110
-413,1650,-1232,241,290,-72
-408,1644,-1245,157,361,-123
-402,1647,-1249,148,616,-113
-411,1650,-1251,107,351,-169
-424,1648,-1247,287,516,-189
-424,1655,-1239,228,221,-151
-412,1661,-1253,87,605,-76
-421,1660,-1259,34,669,-85
-443,1658,-1250,46,122,-56
-442,1651,-1230,252,-490,10
-424,1652,-1243,27,-30,38
-418,1648,-1257,51,758,-65
-417,1646,-1241,247,88,-116
-402,1651,-1244,196,19,-62
-400,1655,-1231,47,85,-45
-398,1652,-1238,96,550,-84
-404,1644,-1249,77,744,-160
-411,1638,-1243,299,364,-172
-413,1636,-1247,162,268,-119
-402,1640,-1245,286,65,-34
-386,1657,-1229,-65,658,-27
-417,1654,-1221,-88,509,-88
-427,1657,-1229,70,396,-15
-423,1660,-1233,-66,331,-177
-420,1652,-1238,69,23,-139
-415,1660,-1269,324,452,-227
-459,1667,-1309,620,251,-466
-527,1707,-1267,857,-285,-844
-546,1739,-1198,1633,-1817,-1101
-441,1777,-1122,1726,-1393,-1230
-284,1842,-1041,1440,-796,-1266
-156,1915,-957,839,-330,-1108
-85,1986,-850,709,-618,-1114
-60,2078,-751,46,-1253,-1163
-62,2206,-651,-1639,-3553,-1288
-44,2362,-560,-4226,-4489,-1110
-18,2495,-441,-6222,-3532,-531
-53,2636,-321,-9068,-3007,-20
-246,2785,-180,-12897,-4566,4
-529,2913,26,-18603,-7308,-1142
-549,2969,291,-23963,-9054,-714
-270,2925,453,-27822,-5796,2091
14,2952,354,-29307,-2826,6979
69,3015,49,-26802,-1036,10794
-2,3074,-381,-24014,-127,13993
102,3100,-613,-26975,11408,16481
479,3474,-619,-32768,31461,14417
367,3828,-496,-32768,32767,9958
-219,4009,-263,-32768,17245,6681
-689,3934,-21,-32768,3794,6048
-868,3907,89,-32768,-4525,8901
-917,3864,230,-32768,-1894,11635
-863,3696,425,-32768,-6526,11558
-558,3446,597,-32768,-7648,11076
-156,3219,741,-32768,-2091,12019
190,3140,730,-32768,2697,11314
409,3048,560,-32768,9876,7868
317,2707,370,-32768,11699,4180
15,2229,271,-32768,5728,3830
-86,1748,122,-32768,9349,4753
-78,1346,-73,-32768,13000,3034
-292,979,-363,-32768,7050,1914
-436,605,-550,-32768,8381,1891
-532,128,-630,-26171,6196,2771
-513,-357,-695,-18662,7532,2608
-852,-639,-593,-10861,-667,3597
-967,-785,-562,-6492,-3229,3517
-886,-987,-415,-545,-4567,2495
-731,-1128,-22,5188,-2599,796
-623,-1081,172,8811,-5747,123
-432,-945,558,12226,-5769,-32
-278,-713,970,13065,-4048,350
-186,-553,1263,13410,-5387,35
-23,-465,1568,13884,-4439,378
30,-431,1781,13966,-2527,1561
42,-413,1903,14181,-850,2310
51,-398,1979,15142,-1496,1827
12,-342,1986,14060,1345,684
-113,-330,1984,14868,-857,137
-208,-284,1890,14971,107,-470
-270,-265,1708,15796,-1635,-1674
-287,-170,1575,16565,-1270,-1703
-289,-84,1426,17734,832,-2612
-311,-70,1227,19759,-843,-4006
-297,-37,1071,22369,-841,-4434
-319,46,981,24462,415,-4398
-301,211,924,27302,-507,-4550
-260,413,888,29498,-2056,-5331
-209,652,814,31030,-2608,-5916
-140,866,767,31338,404,-6127
-69,1077,780,32741,1245,-5379
-40,1330,841,32767,1626,-4770
-131,1544,748,32767,318,-4818
-134,1707,662,32767,3182,-3493
-131,1948,631,32767,3791,-1448
-253,2139,626,32767,4667,-148
-427,2274,583,32767,2185,-662
-446,2432,526,32767,-3436,-1274
-323,2625,573,32767,-2934,-2229
-191,2831,499,32767,-4329,-2857
-192,2901,325,32306,-7567,-3149
-300,2931,211,30548,-10429,-3401
-330,3086,157,26777,-14400,-2333
-256,3052,-51,21334,-17965,-1380
-195,2797,-180,17027,-9306,-4403
-320,2587,-131,14937,-2827,-7103
-510,2565,-165,14973,-7634,-5782
-527,2661,-324,13444,-13574,-2982
-416,2459,-378,13365,-7314,-2314
-346,2266,-380,11470,4322,-2086
-403,2238,-379,9369,5759,-2726
-460,2149,-552,8740,-2332,-4286
-492,1996,-863,11718,-6736,-3756
-490,1869,-984,13258,-7046,-1345
-266,1809,-1046,12731,-8482,872
39,1762,-1083,12808,-7047,884
198,1747,-1065,11815,3167,11
160,1861,-926,11119,6788,-78
40,1987,-714,11654,6397,353
-234,2038,-700,10270,6765,1092
-631,2194,-654,8339,1753,792
-700,2342,-564,5584,-1265,974
-408,2521,-606,3391,191,1980
-70,2963,-647,-1312,5648,2296
234,3045,-523,-4164,10468,558
43,2610,-815,-5314,9775,1503
-396,2037,-1406,-2429,3119,1293
-613,1681,-1789,-224,-1448,282
-580,1564,-1810,323,-674,-218
-448,1499,-1590,563,-323,215
-366,1517,-1332,8,710,924
-320,1543,-1224,-695,383,942
-296,1546,-1229,-787,296,937
-309,1571,-1281,-1104,549,783
-430,1637,-1293,-232,-1767,175
-455,1685,-1290,726,-3772,-596
-285,1720,-1317,69,-1673,-519
-217,1707,-1321,-384,915,-350
-279,1651,-1305,174,472,-400
-304,1622,-1323,270,-675,-337
-312,1622,-1325,-114,219,-123
-388,1611,-1284,129,-473,-113
-399,1614,-1284,-345,-1317,18
-377,1593,-1286,-161,-1386,37
-334,1574,-1296,19,-563,6
-316,1587,-1310,259,563,-84
-324,1620,-1305,101,394,-287
-333,1627,-1283,324,323,-257
-358,1630,-1242,395,359,-277
-366,1638,-1245,315,533,-266
-339,1645,-1256,-51,1414,-311
-361,1626,-1279,174,1290,-262
-353,1600,-1311,243,878,-284
-338,1575,-1341,139,1628,-131
-372,1562,-1341,361,2058,-224
-392,1574,-1341,251,1680,-193
-408,1582,-1328,224,1158,-209
-417,1592,-1313,715,169,-76
-401,1659,-1269,219,361,-4
-390,1681,-1229,65,594,-302
-356,1675,-1222,-74,473,-217
-333,1659,-1251,-30,773,-210
-337,1654,-1288,-393,958,-296
-347,1640,-1285,120,1218,-330
-352,1642,-1286,159,621,-331
-346,1642,-1300,71,139,-188
-352,1644,-1304,-320,970,-235
-378,1635,-1299,-48,297,-175
-366,1631,-1309,130,251,-198
-358,1639,-1311,97,491,-141
-370,1645,-1320,-142,695,-173
-384,1639,-1316,146,401,-191
-375,1634,-1326,289,461,-163
-368,1626,-1332,85,567,-164
-379,1628,-1331,-54,443,-147
-386,1624,-1326,88,769,-97
-381,1617,-1317,388,124,-47
-355,1632,-1329,37,149,-38
-346,1639,-1324,-21,667,-57
-360,1632,-1327,-76,1023,23
-391,1620,-1326,77,249,27
-378,1622,-1327,100,99,6
-347,1630,-1302,129,788,74
-332,1638,-1269,141,768,37
-335,1640,-1255,-240,828,-41
-346,1641,-1232,-201,196,14
-334,1655,-1225,-289,309,35
-332,1664,-1231,-355,102,54
-335,1660,-1241,-211,107,10
-338,1647,-1260,-61,-114,-31
-337,1643,-1277,-153,218,-30
-338,1654,-1277,-280,303,-32
-346,1648,-1271,20,76,-42
-342,1650,-1270,-21,102,-33
-342,1654,-1289,-196,-118,13
-342,1648,-1290,-217,692,-35
-355,1635,-1309,166,360,-72
-354,1633,-1316,162,-9,-93
-338,1634,-1296,122,564,-105
-329,1641,-1280,66,772,-89
-335,1636,-1250,217,1012,-121
-338,1639,-1245,89,537,-112
-334,1640,-1250,267,177,-191
-329,1658,-1256,278,167,-126
-330,1664,-1266,285,122,-114
-328,1664,-1273,115,307,-10
-335,1658,-1280,139,441,-36
-346,1654,-1299,74,59,-25
-346,1642,-1314,340,-203,-16
-354,1640,-1322,281,22,-21
-361,1637,-1317,286,77,-5
-355,1639,-1309,272,-60,23
-342,1645,-1290,327,-40,-36
-340,1654,-1279,442,-193,-42
-334,1647,-1279,400,39,-125
-331,1643,-1293,349,-37,-180
-324,1642,-1278,163,266,-186
-312,1639,-1260,23,523,-49
-312,1635,-1254,76,642,30
-328,1642,-1267,87,274,-74
-347,1644,-1283,315,-35,-34
-352,1648,-1283,215,-29,-60
-341,1649,-1286,166,158,-95
-320,1649,-1279,103,418,-84
-324,1650,-1277,19,572,-9
-355,1647,-1272,225,162,-70
-356,1642,-1288,244,-61,-48
-353,1641,-1291,312,84,-63
-341,1644,-1272,253,73,-87
-327,1644,-1282,118,546,-28
-326,1641,-1279,269,420,-98
-329,1641,-1288,177,350,-130
-343,1635,-1292,210,621,-117
-360,1641,-1286,319,172,-118
-353,1644,-1294,268,305,-108
-345,1647,-1285,334,-86,-24
-337,1647,-1286,222,231,-36
-347,1651,-1290,165,131,-27
-355,1646,-1284,98,2,10
-361,1640,-1288,224,-83,-48
-350,1636,-1292,280,-79,-22
-335,1638,-1286,265,176,-65
-325,1643,-1287,182,240,-79
-328,1650,-1279,211,371,-48
-338,1651,-1289,25,341,-101
-348,1643,-1291,182,235,-67
-359,1635,-1311,290,70,-34
-358,1630,-1318,253,-32,-85
-341,1630,-1306,205,115,-24
-336,1635,-1295,78,316,-39
-342,1635,-1286,119,439,-44
-357,1638,-1277,163,182,-36
-355,1641,-1286,287,31,-20
-335,1647,-1292,255,40,-45
-323,1646,-1298,151,351,-45
-339,1638,-1293,158,853,-112
-357,1621,-1300,261,480,-64
-362,1608,-1313,438,359,-166
-368,1601,-1328,817,296,-146
-371,1571,-1333,1418,3,-334
-357,1553,-1303,2055,-395,-473
-308,1549,-1243,2817,-637,-736
-220,1600,-1162,3029,-216,-1076
-187,1728,-1066,2433,108,-1291
-237,1857,-938,2322,-2053,-1489
-215,1949,-811,1854,-4228,-1245
-151,2023,-717,847,-5464,-982
-60,2164,-655,-1011,-6022,-1105
50,2359,-560,-3824,-5786,-1439
125,2459,-481,-5589,-5522,-1236
107,2516,-493,-7669,-4733,-1209
-22,2588,-527,-9513,-5686,-711
-190,2696,-401,-13682,-4020,-167
-459,2760,-142,-20328,-4368,147
-584,2808,84,-25860,-7167,1480
-443,2800,77,-27319,-8392,5003
-245,2895,-17,-26906,-4142,9899
-42,2940,-422,-23484,-1915,13562
164,2977,-776,-22211,5357,14734
344,3124,-852,-24611,13727,15770
624,3457,-772,-32542,29435,14843
595,3694,-759,-32768,32767,11269
-66,3846,-657,-32768,18956,5248
-680,3838,-168,-32768,10939,2399
-1172,3625,159,-32768,2712,5346
-1327,3261,266,-32768,-7319,9698
-1076,2959,532,-32768,-11004,10995
-657,2941,569,-32768,-14079,10328
-35,2987,747,-32768,-3886,9970
481,3078,683,-32768,6309,8098
608,2969,665,-32768,8811,6016
425,2719,727,-32768,10495,5724
146,2361,668,-32768,5478,6120
82,2061,654,-32768,7982,6430
-24,1752,486,-32768,9297,6047
-127,1374,378,-32768,5152,5749
-87,1044,259,-32768,9893,3499
-201,790,177,-32247,9804,2739
-258,379,33,-27537,8149,1141
-316,71,-154,-24626,8193,521
-446,-258,-79,-17466,2228,2862
-414,-506,-75,-11880,4399,2959
-622,-574,-149,-10719,3132,2922
-821,-727,-147,-4923,-5449,1082
-668,-843,44,59,-3148,113
-522,-949,248,6100,-1616,21
-450,-920,365,9978,-2457,-320
-443,-836,580,13667,-5009,-230
-403,-744,802,16313,-5825,234
-308,-674,985,18397,-5484,373
-169,-624,1123,20849,-5296,258
-32,-525,1213,22827,-3581,8
37,-363,1267,25214,-4590,180
89,-156,1211,25991,-87,-862
60,77,1084,26507,104,-2109
-20,250,1068,27350,-592,-2007
-37,384,1130,29818,629,-1654
-89,530,1055,32311,509,-1418
-93,793,969,32767,309,-1405
-73,1068,904,32767,1048,-2300
-127,1250,795,32767,2036,-3480
-171,1429,745,32767,3110,-3137
-222,1665,833,32767,1745,-2075
-173,1915,800,32767,408,-2007
-245,2152,725,32767,1478,-1961
-485,2347,675,32767,2509,-1547
-670,2433,722,32767,-2055,-1582
-664,2479,746,32767,-5621,-2630
-484,2645,614,32767,-9785,-3919
-239,2841,446,32767,-7441,-4955
-198,2908,299,31937,-7131,-6794
-287,2964,191,30680,-13100,-8241
-346,2997,210,30990,-18769,-5934
-271,2984,50,27543,-26446,-3230
-178,2781,-246,23443,-24034,-5145
-31,2789,-452,19084,-13565,-7622
142,3058,-581,15113,-7950,-8581
124,2870,-391,14942,-2822,-8589
-184,2499,-162,14421,-2419,-7162
-505,2292,-195,14789,-3147,-6270
-579,2228,-319,14123,-3161,-5220
-350,2133,-300,11916,-1890,-3081
-170,2036,-408,9947,2796,-2013
-452,1921,-587,9535,-4398,-2398
-547,1768,-766,12913,-7734,-1053
-81,1860,-843,9398,-2467,839
288,1901,-772,7318,4252,386
66,1849,-813,8825,5764,472
-286,2049,-799,7161,5565,1749
-239,2193,-832,8290,1730,2757
-106,2338,-951,4995,7426,2639
-323,2389,-940,3809,8180,2574
-424,2451,-900,1320,7503,2745
-425,2495,-881,-1325,9304,2571
-639,2434,-911,-1980,5758,1870
-700,2369,-1005,-1896,2185,1109
-526,2249,-1111,-2937,3694,350
-492,2047,-1251,-1961,184,729
-411,1830,-1416,-520,923,894
-319,1688,-1442,151,1379,363
-276,1608,-1371,474,2650,-33
-315,1561,-1235,300,2626,36
-345,1536,-1124,304,1426,418
-363,1554,-1069,410,339,529
-316,1614,-1084,131,255,415
-255,1645,-1112,-230,1104,401
-243,1659,-1130,-127,914,291
-232,1681,-1187,-149,40,22
-228,1692,-1241,-642,1652,-47
-271,1680,-1260,99,1166,23
-306,1683,-1305,-30,1507,-144
-339,1656,-1334,215,912,-21
-390,1652,-1313,156,-393,70
-407,1650,-1287,187,-1502,-35
-332,1647,-1299,-223,-1060,16
-273,1640,-1302,-60,-91,114
-278,1643,-1305,-41,532,-48
-315,1641,-1302,299,331,-45
-342,1652,-1282,266,-246,60
-358,1660,-1249,283,-818,-23
-328,1668,-1239,394,-1601,-166
-269,1657,-1255,392,-243,-218
-254,1652,-1269,351,193,-139
-263,1649,-1258,121,680,-94
-304,1646,-1252,286,438,-51
-344,1652,-1257,368,130,-123
-355,1654,-1272,279,-395,-52
-345,1655,-1261,480,-325,-53
-315,1656,-1264,388,1,-19
-289,1665,-1274,-34,798,-97
-315,1662,-1269,139,757,-128
-359,1663,-1281,307,-119,20
-380,1658,-1302,167,-179,8
-385,1647,-1330,51,-47,29
-387,1635,-1324,387,-176,-14
-361,1632,-1311,276,203,5
-335,1639,-1283,344,-307,88
-294,1659,-1247,-4,173,-80
-262,1664,-1224,-123,407,47
-282,1666,-1227,-245,288,-46
-329,1663,-1254,-237,559,-96
-383,1644,-1285,210,43,-150
-369,1626,-1311,540,-129,-103
-325,1636,-1307,258,286,-134
-293,1648,-1278,46,1157,-82
-309,1658,-1254,91,1204,-126
-335,1655,-1252,281,4,-127
-324,1657,-1286,198,445,-138
-339,1655,-1286,182,778,-175
-334,1661,-1277,79,718,-226
-325,1665,-1261,88,677,-166
-322,1674,-1248,-90,277,-142
-334,1665,-1241,-121,22,-154
-342,1648,-1251,-30,-172,-71
-346,1644,-1269,52,-284,-55
-344,1640,-1277,200,-309,-62
-330,1648,-1273,236,134,-1
-342,1657,-1282,136,-136,-40
-339,1660,-1280,-45,417,-137
-338,1656,-1272,110,167,-86
-331,1658,-1268,69,-139,-32
-322,1658,-1263,-91,157,2
-339,1660,-1263,-104,244,-82
-352,1658,-1271,75,-296,-114
-338,1658,-1273,141,-26,-95
-331,1651,-1278,222,231,-122
-327,1649,-1279,257,227,-73
-325,1655,-1271,263,530,-92
-333,1655,-1275,117,728,-196
-336,1644,-1280,435,358,-189
-330,1643,-1283,340,392,-213
-330,1646,-1273,324,370,-191
-323,1660,-1246,150,479,-200
-327,1667,-1236,61,494,-140
-349,1667,-1237,91,36,-139
-355,1659,-1250,167,-157,-125
-347,1658,-1264,140,-48,-71
-336,1661,-1266,36,99,-129
-330,1660,-1267,18,455,-115
-330,1657,-1265,128,523,-71
-344,1657,-1267,104,191,-127
-346,1655,-1270,204,469,-67
-359,1650,-1284,232,112,-73
-362,1655,-1284,142,479,-127
-366,1649,-1288,239,626,-157
-359,1642,-1284,687,302,-80
-345,1643,-1294,562,360,-117
-336,1650,-1294,448,544,-168
-330,1648,-1292,416,1067,-121
-346,1644,-1289,536,1006,-139
-345,1645,-1299,704,596,-90
-332,1644,-1291,435,902,-107
-335,1650,-1274,464,518,-68
-327,1656,-1265,256,586,-73
-326,1661,-1251,48,428,-69
-326,1663,-1239,36,70,-29
-313,1666,-1234,-90,292,-56
-307,1657,-1242,84,66,-75
-308,1656,-1250,104,269,-121
-319,1652,-1254,224,105,-31
-337,1652,-1260,150,-242,-157
-334,1655,-1270,-55,2,-104
-327,1651,-1266,187,38,-78
-322,1653,-1286,60,183,-117
-326,1649,-1297,125,530,-71
-345,1649,-1305,24,380,-113
-360,1651,-1304,128,55,-58
-363,1653,-1294,132,-147,-93
-342,1648,-1291,160,3,-97
-334,1644,-1284,202,92,-73
-339,1641,-1284,282,372,-29
-344,1636,-1284,391,20,-23
-334,1629,-1289,360,-124,-36
-329,1643,-1284,119,259,-60
-333,1659,-1264,118,621,-62
-340,1659,-1269,277,238,-20
-345,1654,-1285,299,291,-35
-350,1651,-1295,242,-105,-161
-333,1648,-1296,100,253,-42
-340,1649,-1277,159,202,-64
-331,1649,-1275,189,-55,-58
-320,1649,-1286,139,250,13
-328,1646,-1282,132,373,-65
-335,1647,-1288,226,457,-84
-333,1644,-1288,355,366,-102
-333,1645,-1287,259,322,-45
-338,1647,-1271,200,219,-80
-323,1650,-1271,147,404,-42
-321,1647,-1280,201,553,-124
-328,1643,-1284,285,241,-38
-333,1647,-1281,71,377,-46
-353,1652,-1268,114,158,-52
-344,1652,-1269,203,101,3
-328,1649,-1283,300,325,-71
-330,1648,-1296,174,198,-98
-329,1651,-1286,89,133,-56
-336,1653,-1287,20,218,-1
-344,1653,-1280,109,-21,-12
-337,1647,-1295,335,-26,-45
-339,1645,-1302,238,21,-16
-341,1644,-1296,302,33,3
-342,1649,-1286,108,151,-48
-327,1648,-1279,115,76,-32
-331,1641,-1273,107,227,-4
-334,1631,-1272,324,56,-33
-330,1637,-1290,279,320,-41
-327,1642,-1282,289,313,-120
-319,1648,-1270,270,342,-112
-324,1655,-1282,101,714,-109
-334,1649,-1289,313,363,-79
-347,1644,-1297,410,263,-64
-358,1640,-1298,327,207,-101
-337,1633,-1277,388,170,-65
-323,1628,-1279,305,654,-83
-326,1623,-1281,474,574,-102
-350,1636,-1312,964,19,-319
-404,1660,-1330,1158,-271,-769
-475,1688,-1295,1624,-2408,-1055
-414,1717,-1237,1629,-2233,-1178
-344,1761,-1189,1629,-2912,-1358
-224,1832,-1122,1434,-1903,-1352
-149,1906,-1024,870,-1899,-1418
-137,1980,-922,292,-3829,-1326
-96,2059,-836,-626,-5369,-1062
-41,2144,-784,-1980,-5400,-855
-54,2238,-742,-3613,-4938,-907
-131,2315,-700,-4851,-5983,-1113
-174,2402,-649,-6180,-5838,-1190
-192,2473,-541,-8016,-5373,-897
-214,2571,-341,-11244,-5026,-430
-287,2676,-137,-16864,-4771,-178
-358,2710,80,-23003,-5375,518
-167,2736,176,-25394,-5638,4016
110,2816,67,-25785,-1404,8510
236,2839,-165,-23500,845,12326
335,2821,-482,-22338,6495,14858
517,3036,-637,-26044,18829,16038
655,3437,-604,-32768,32767,12903
353,3656,-572,-32768,32767,10216
-323,3907,-496,-32768,17655,7348
-703,3991,-151,-32768,4538,7264
-860,3821,-11,-32768,-395,8203
-900,3562,26,-32768,-1950,9761
-748,3288,187,-32768,-2155,9928
-526,3094,329,-32768,-2597,8799
-191,2983,446,-32768,71,8266
136,2931,520,-32768,8763,6993
215,2713,496,-32768,7516,5541
130,2381,466,-32768,7976,3871
-63,2072,488,-32768,3303,4789
-23,1792,570,-32768,6338,6261
89,1421,500,-32768,10425,3388
-74,1167,417,-32768,9161,810
-271,888,433,-31741,5012,1092
-234,641,437,-28951,9353,1544
-248,365,416,-25774,8642,763
-350,81,314,-22922,6355,6
-548,-147,323,-18582,2609,1417
-688,-286,227,-17022,2403,2008
-621,-527,210,-12080,-745,1601
-502,-744,234,-6700,1171,715
-554,-860,188,-2413,-2666,-353
-520,-955,242,2071,-2454,-393
-439,-917,408,5566,79,-529
-446,-902,572,9700,-5444,-422
-368,-891,737,12322,-5648,688
-201,-788,969,14600,-5511,2064
-88,-667,1157,16716,-5305,2786
6,-545,1221,18103,-3887,2093
61,-477,1265,20243,-4210,1842
37,-449,1291,21313,299,1146
-42,-335,1269,23019,-1145,1031
-94,-108,1295,23241,-53,1561
-59,120,1269,24967,345,1192
-25,318,1154,26561,-1472,8
-66,531,1088,26585,2226,257
-142,673,1073,27863,5329,1031
-267,800,1143,29225,2141,182
-383,939,1148,30874,-841,-684
-419,1130,1094,31339,494,-1441
-436,1330,1008,32565,-2234,-1582
-446,1525,944,32599,-1440,-1274
-399,1687,923,32767,-1390,-1426
-295,1876,887,32767,-4003,-1655
-187,2038,820,32767,-623,-2601
-190,2175,743,32767,1483,-2784
-314,2315,636,32631,673,-3573
-353,2441,567,32578,-942,-3697
-347,2546,600,32767,-2877,-2905
-368,2661,544,31683,-2845,-3899
-434,2765,358,30473,-9286,-4343
-550,2794,303,28667,-12392,-5312
-589,2785,241,28382,-17552,-5298
-463,2791,162,28447,-27230,-3408
-171,2800,-133,23138,-31660,-914
245,2743,-419,18218,-19018,-3702
522,2723,-602,14158,-849,-7415
404,2652,-507,12553,5376,-8197
21,2522,-286,10843,1510,-6909
-368,2344,-133,11146,-1148,-5071
-574,2216,-206,12529,-3821,-2882
-556,2190,-305,10377,467,-898
-451,2201,-355,6562,2537,-50
-466,2087,-573,8035,-6616,-343
-428,1971,-816,7419,-4118,-753
-317,1840,-899,6520,3651,-1375
-239,1739,-884,6782,4602,-1727
-319,1712,-932,6591,2530,-1624
-517,1680,-1053,8973,-1721,-887
-548,1736,-1069,8724,-1951,383
-421,1879,-995,6858,-673,1213
-468,1997,-895,5884,-1469,1144
-474,2036,-861,6634,-4965,1418
-224,2091,-921,5224,134,2748
-28,2117,-1012,4049,3299,3810
68,2156,-1030,3237,7373,3602
28,2173,-1011,1442,11281,2921
-229,2163,-1053,639,11683,2551
-560,2086,-1101,206,9323,1663
-865,2040,-1187,992,2886,995
-886,2117,-1163,554,49,246
-634,2115,-1067,-140,155,-452
-380,2020,-1080,614,-1156,718
-126,1889,-1186,221,155,938
-56,1781,-1267,-772,2653,481
-216,1705,-1245,-808,923,-117
-311,1631,-1234,-201,-1202,193
-310,1594,-1215,-266,-526,745
-294,1582,-1190,-247,-640,694
-253,1594,-1204,-325,-1023,543
-238,1615,-1198,-693,-691,325
-255,1617,-1201,-466,-855,250
-261,1625,-1221,-251,-920,97
-210,1647,-1261,-415,498,42
-227,1654,-1290,-520,1708,57
-290,1646,-1315,-451,1370,-74
-346,1649,-1319,-345,535,-63
-351,1654,-1310,-485,-71,43
-330,1655,-1302,-629,-277,170
-317,1643,-1304,-400,-592,222
-311,1644,-1315,-255,-547,284
-333,1648,-1310,-343,-586,317
-365,1661,-1278,-341,-183,298
-364,1664,-1250,-44,-923,221
-305,1671,-1247,55,-363,-18
-248,1664,-1262,194,623,-93
-234,1655,-1279,106,1363,-123
-285,1644,-1278,142,1077,-108
-335,1649,-1264,65,819,-161
-343,1647,-1261,523,630,-69
-314,1660,-1246,616,761,93
-287,1667,-1230,454,596,154
-288,1681,-1249,-10,912,42
-317,1676,-1235,261,1151,104
-335,1688,-1244,118,623,80
-324,1686,-1244,393,22,2
-300,1684,-1260,151,526,74
-303,1670,-1255,246,581,54
-324,1662,-1262,232,155,89
-319,1655,-1266,139,-330,25
-296,1658,-1262,89,-39,-23
-279,1663,-1267,44,-50,-115
-260,1664,-1268,138,511,-81
-261,1670,-1262,119,694,-24
-269,1676,-1257,40,689,-144
-268,1681,-1251,-55,458,-74
-278,1680,-1249,-110,430,-57
-297,1673,-1251,-17,187,-10
-312,1665,-1253,130,-594,-57
-296,1664,-1273,217,-351,-39
-294,1665,-1279,244,-283,-44
-283,1670,-1286,88,204,93
-301,1669,-1287,195,210,65
-315,1664,-1282,256,-20,-38
-305,1652,-1287,363,124,-16
-289,1648,-1284,638,10,-48
-277,1649,-1296,312,780,-139
-291,1655,-1271,286,526,-63
-295,1674,-1227,-88,962,-102
-307,1682,-1204,-33,205,41
-301,1678,-1219,-11,67,26
-292,1675,-1252,52,107,50
-303,1674,-1266,138,-237,-43
-306,1672,-1273,279,-177,-57
-299,1673,-1282,61,296,-42
-300,1672,-1264,181,131,-41
-293,1670,-1266,103,128,-5
-296,1659,-1279,234,130,-7
-305,1652,-1283,245,-206,19
-299,1654,-1280,364,327,8
-297,1663,-1269,396,370,-46
-280,1670,-1269,390,355,-33
-271,1678,-1266,285,368,-131
-268,1679,-1254,190,420,-69
-270,1676,-1246,74,607,-73
-287,1665,-1258,112,395,-52
-296,1655,-1267,331,99,-73
-301,1656,-1273,334,203,-29
-307,1664,-1273,33,137,-8
-301,1665,-1247,148,-60,40
-280,1667,-1244,6,263,47
-280,1669,-1247,127,89,-1
-280,1670,-1257,306,183,-77
-287,1669,-1277,331,527,-63
-303,1666,-1275,327,424,-62
-311,1668,-1271,294,-101,-115
-285,1669,-1273,196,161,-12
-285,1667,-1273,229,233,-1
-292,1667,-1268,256,192,-77
-290,1663,-1267,429,222,-42
-286,1666,-1266,190,84,-10
-286,1668,-1264,184,26,33
-302,1667,-1258,171,-79,18
-308,1664,-1257,378,-333,27
-293,1667,-1265,225,-58,-72
-259,1668,-1264,269,87,-138
-244,1668,-1265,113,605,-109
-275,1665,-1263,33,523,-156
-289,1651,-1278,261,469,-99
-304,1652,-1297,239,281,-206
-308,1654,-1299,190,485,-119
-315,1660,-1277,148,217,-79
-296,1665,-1260,138,243,-58
-290,1662,-1258,254,413,-71
-289,1663,-1254,308,326,-127
-289,1666,-1255,228,461,-103
-296,1666,-1244,265,304,-92
-289,1670,-1236,234,128,-99
-287,1669,-1247,185,44,-65
-286,1662,-1268,267,-42,-21
-288,1658,-1291,238,249,-38
-300,1660,-1303,73,194,-70
-304,1660,-1310,78,521,-77
-316,1663,-1300,79,32,-121
-298,1658,-1293,315,-289,-27
-279,1664,-1285,18,504,-111
-281,1663,-1283,79,320,8
-294,1659,-1279,50,458,-124
-308,1660,-1284,31,91,-16
-312,1661,-1283,-102,180,-77
-307,1652,-1274,186,-159,5
-291,1661,-1280,98,298,-51
-299,1659,-1276,215,137,-73
-293,1659,-1271,237,-28,-9
-288,1668,-1284,-2,87,73
-295,1668,-1277,-7,100,-17
-312,1661,-1276,-12,218,40
-313,1661,-1274,107,-306,-43
-276,1662,-1274,53,-60,-20
-267,1662,-1277,1,341,-12
-280,1662,-1274,-25,216,-49
-295,1661,-1267,102,369,-6
-313,1659,-1263,100,267,-22
-310,1666,-1265,66,4,-86
-285,1669,-1256,50,196,-64
-277,1674,-1250,138,189,-44
-275,1674,-1255,-10,301,-52
-289,1671,-1257,-20,444,-25
-301,1669,-1249,66,348,-114
-304,1663,-1273,129,58,-79
-303,1659,-1275,246,171,-95
-298,1662,-1271,67,252,-106
-296,1671,-1265,-21,416,-101
-296,1675,-1253,96,267,-59
-296,1673,-1251,203,55,-94
-288,1674,-1262,88,271,-66
-286,1667,-1274,124,685,-108
-302,1655,-1285,273,752,-129
-310,1657,-1282,350,302,-166
-297,1661,-1255,359,276,-124
-279,1669,-1240,153,554,-62
-277,1671,-1242,73,1114,-121
-298,1651,-1258,448,679,-137
-303,1635,-1295,1049,248,-244
-322,1623,-1340,1801,939,-459
-374,1641,-1351,2104,-243,-936
-387,1679,-1311,1988,-791,-1133
-361,1736,-1200,2214,-2229,-1073
-271,1791,-1091,2073,-3123,-1114
-157,1864,-984,1837,-3921,-1098
-73,2002,-842,844,-4307,-1158
-6,2130,-651,-383,-4817,-1269
44,2253,-475,-1894,-7377,-1053
128,2362,-413,-4629,-7079,-941
90,2430,-401,-6645,-8153,-923
-60,2465,-447,-8107,-8745,-1252
-221,2559,-444,-9919,-8945,-1380
-321,2653,-341,-12835,-7986,-1189
-406,2818,-146,-18612,-6632,-941
-288,2955,88,-23845,-6574,938
-34,3047,278,-29155,-2066,4141
-7,3103,345,-30466,-1275,8321
-101,3116,-48,-25968,-5362,14397
33,3139,-625,-24132,1235,17992
288,3399,-771,-31093,20507,16670
400,3667,-513,-32768,32767,13792
133,3794,-481,-32768,23081,11931
-236,3847,-282,-32768,7475,8240
-423,3827,-83,-32768,3799,8343
-616,3750,-5,-32768,2905,10068
-748,3499,211,-32768,320,10788
-753,3228,397,-32768,-3069,10953
-558,3018,557,-32768,-6648,11010
-199,2926,513,-32768,11,11021
72,2806,530,-32768,4545,10653
237,2538,529,-32768,9478,7791
281,2143,554,-32768,14392,4408
111,1847,513,-32768,11740,1304
-101,1538,494,-32768,12824,-141
-286,1239,543,-32768,10002,-359
-413,969,413,-32768,6377,368
-454,642,274,-31095,5536,1615
-355,415,142,-26534,5369,1210
-372,230,-179,-25033,6235,820
-527,-167,-417,-18609,4204,1456
-766,-577,-474,-10083,-2876,1835
-727,-882,-564,-2988,-3613,1967
-569,-1060,-514,4003,-2256,1566
-493,-1191,-343,11242,-3562,1437
-437,-1213,-101,16958,-3512,1860
-399,-1129,140,21048,-4708,1813
-306,-929,414,23779,-3950,1666
-217,-664,650,26199,-4658,1852
-142,-417,860,28580,-4267,1980
-42,-162,951,29626,-2684,1306
36,219,1063,30318,-2532,1500
66,569,1172,31404,-2290,1569
83,813,1189,32249,-1387,469
81,983,1140,31563,104,-1800
84,1185,1192,31246,2142,-2281
51,1332,1177,32763,835,-2857
-73,1487,999,31738,2335,-2487
-224,1706,970,31562,3588,-487
-330,1889,1068,32338,2124,231
-447,1940,989,31206,812,8
-487,2006,830,32138,-2652,-685
-387,2193,721,32767,-2876,294
-283,2450,763,32767,-2796,1380
-153,2573,787,32654,904,-706
-176,2597,612,30755,-436,-3617
-295,2631,470,28359,-558,-6187
-464,2628,388,27676,-3949,-6931
-652,2593,375,28271,-7289,-5730
-731,2635,335,29303,-10752,-4631
-743,2713,208,29637,-18179,-3706
-664,2771,14,26704,-24578,-3974
-486,2745,-286,21628,-25977,-6025
-276,2800,-433,17613,-19312,-9020
-87,2898,-440,14643,-12595,-11260
6,2788,-347,15734,-9296,-11109
-42,2581,-291,15876,-9582,-8568
-146,2423,-353,14623,-10114,-6368
-139,2328,-449,13648,-9072,-5017
-7,2242,-555,14380,-2042,-3881
133,2171,-651,13330,9130,-2244
170,2105,-651,11519,13292,-1541
23,2034,-485,9314,16493,-1127
-207,1986,-264,3950,20457,47
-506,1881,-99,4066,12666,-294
-980,1720,-530,6633,-3835,-292
-1231,1602,-1029,6622,-6422,1493
-1033,1677,-1032,3242,-5913,1643
-776,1655,-938,4477,-7733,1062
-562,1613,-1075,5709,-8797,1161
-205,1569,-1242,6127,-4361,1999
129,1664,-1238,4082,3674,2751
43,1746,-1231,3157,7559,2335
-300,1858,-1205,2961,7019,2143
-641,1928,-1133,2195,3820,2321
-797,1985,-1117,1491,-1179,2218
-667,2040,-1138,550,-1785,2664
-368,2091,-1185,-347,1194,3422
-179,2104,-1226,-1000,3743,3526
-179,2123,-1294,-1689,4949,2657
-355,2100,-1323,-2235,5484,1938
-547,2060,-1315,-1221,2583,1441
-458,2101,-1267,-2592,4426,727
-437,2022,-1216,-2304,3105,529
-418,1878,-1234,-1170,324,878
-260,1796,-1269,-1089,52,945
-173,1769,-1261,-1618,1851,557
-309,1719,-1200,-1401,894,461
-443,1654,-1122,-650,-1514,554
-438,1622,-1096,-163,-3796,284
-298,1624,-1131,-927,-1210,223
-213,1622,-1140,-833,431,321
-208,1629,-1183,-439,572,360
-256,1642,-1209,-2,163,246
-320,1660,-1204,98,-45,124
-374,1691,-1197,11,-883,-67
-354,1701,-1186,-167,-630,-70
-319,1686,-1203,-60,-193,-52
-275,1670,-1244,94,921,-18
-290,1652,-1271,127,1260,-154
-360,1632,-1251,418,303,-142
-381,1619,-1213,699,236,-90
-347,1636,-1192,808,-188,-57
-267,1690,-1175,417,678,-47
-237,1723,-1165,-271,1680,-43
-309,1704,-1158,393,1108,-41
-386,1677,-1189,1040,-550,-249
-370,1669,-1236,1025,-692,-281
-326,1683,-1248,780,362,-343
-299,1698,-1228,345,957,-248
-319,1697,-1199,-20,898,-77
-370,1682,-1201,120,-174,-111
-376,1668,-1218,149,-655,-68
-341,1671,-1241,-20,-100,10
-337,1676,-1243,-147,44,-58
-331,1670,-1252,-56,634,-168
-339,1670,-1254,142,96,-244
-315,1676,-1253,127,417,-280
-312,1688,-1254,46,576,-169
-345,1688,-1241,-87,674,-161
-390,1682,-1242,103,389,-178
-405,1671,-1234,416,-558,-233
-371,1662,-1249,289,-550,-148
-345,1661,-1255,139,145,-35
-349,1672,-1255,51,431,-19
-360,1677,-1238,-22,-116,-64
-357,1681,-1237,18,-97,2
-367,1681,-1239,74,-67,-77
-354,1676,-1248,241,298,-114
-349,1677,-1251,343,-50,-57
-343,1685,-1249,131,306,-104
-353,1686,-1234,222,192,-95
-352,1682,-1235,116,453,-117
-361,1678,-1241,146,202,-96
-362,1669,-1240,147,318,-120
-355,1662,-1244,171,460,-45
-355,1667,-1250,166,281,-77
-363,1664,-1242,209,-73,-33
-367,1662,-1224,194,267,-79
-362,1657,-1213,229,348,-6
-345,1661,-1215,367,202,-8
-332,1670,-1225,282,452,-66
-332,1675,-1221,239,364,-54
-338,1677,-1218,188,-65,-27
-345,1687,-1208,95,76,-42
-351,1686,-1220,21,196,-107
-349,1675,-1235,230,370,-179
-341,1671,-1241,250,243,-91
-346,1677,-1235,216,208,-78
-347,1686,-1221,-4,301,-36
-358,1688,-1225,-19,116,-14
-373,1682,-1226,-115,85,-88
-371,1681,-1235,179,-155,-66
-357,1679,-1253,180,77,-111
-353,1674,-1259,398,3,-139
-346,1676,-1259,281,245,-134
-346,1682,-1249,306,119,-88
-361,1684,-1242,10,99,-92
-381,1682,-1228,113,-185,-121
-378,1680,-1230,146,-107,-125
-362,1674,-1236,224,-34,-115
-344,1670,-1235,196,175,-125
-345,1668,-1236,210,304,-119
-355,1664,-1224,187,516,-122
-365,1658,-1218,320,284,-129
-359,1663,-1219,150,86,-78
-352,1663,-1229,32,170,-107
-347,1663,-1230,79,334,-55
-361,1665,-1235,192,246,-49
-367,1670,-1231,230,61,-71
-363,1682,-1234,94,100,-45
-362,1682,-1224,10,245,-109
-355,1685,-1229,-118,12,-59
-351,1681,-1249,-88,417,-71
-369,1670,-1266,98,457,-82
-376,1662,-1271,88,185,-151
-369,1662,-1262,170,288,-202
-351,1671,-1241,228,293,-150
-342,1682,-1225,147,410,-65
-355,1692,-1218,-188,653,-78
-379,1682,-1210,36,-37,-80
-381,1680,-1221,110,143,-144
-382,1677,-1237,283,13,-182
-357,1680,-1227,277,-70,-162
-337,1688,-1220,14,400,-11
-352,1691,-1206,-14,598,-103
-377,1682,-1213,44,340,-161
-402,1674,-1225,512,-1230,-97
-352,1679,-1240,27,608,-98
-357,1687,-1226,88,269,-245
-347,1686,-1224,6,658,-159
-363,1679,-1218,96,502,-129
-380,1670,-1222,136,-74,-186
-375,1665,-1234,69,255,-202
-356,1662,-1237,79,468,-129
-355,1665,-1235,109,399,-148
-357,1667,-1225,304,673,-185
-365,1671,-1221,226,338,-225
-359,1677,-1214,98,577,-242
-357,1683,-1201,119,430,-233
-352,1686,-1198,19,609,-199
-357,1680,-1192,138,496,-150
-372,1680,-1202,56,468,-133
-388,1681,-1215,45,194,-76
-397,1678,-1213,119,134,-132
-394,1675,-1217,215,-323,-142
-366,1680,-1224,215,97,-87
-351,1683,-1213,207,1,-93
-344,1689,-1219,50,265,-74
-364,1694,-1230,-101,531,-70
-394,1678,-1234,200,77,-150
-388,1678,-1249,223,61,-181
-379,1680,-1247,188,236,-216
-371,1681,-1227,190,298,-172
-362,1679,-1220,131,407,-92
-378,1677,-1212,78,283,-53
-393,1672,-1209,94,16,-83
-389,1668,-1208,230,-94,-126
-371,1671,-1218,207,-99,-121
-354,1676,-1214,90,251,-88
-352,1679,-1207,17,444,-38
-359,1683,-1198,17,464,-85
-373,1678,-1203,169,33,-54
-375,1677,-1211,249,-144,-128
-361,1677,-1225,251,-138,-153
-348,1678,-1227,197,605,-171
-362,1687,-1230,-13,787,-199
-374,1685,-1219,86,418,-194
-381,1682,-1222,232,43,-148
-389,1686,-1227,136,280,-192
-396,1685,-1223,243,143,-186
-381,1683,-1230,203,248,-124
-376,1677,-1239,33,530,-129
-390,1663,-1240,300,432,-214
-407,1667,-1260,643,530,-237
-482,1698,-1287,879,245,-760
-559,1726,-1261,1388,-2000,-1129
-514,1772,-1206,1575,-2417,-1123
-405,1838,-1095,1120,-1850,-1438
-223,1887,-951,1419,-2562,-1528
-31,1959,-868,291,-678,-1265
23,2007,-777,-143,-562,-1276
-26,2050,-671,-551,-1955,-1362
-129,2116,-614,-1456,-3947,-1781
-183,2193,-546,-2769,-6494,-2023
-116,2291,-525,-4144,-8055,-1928
-51,2391,-517,-6010,-6931,-1950
-122,2530,-406,-8465,-6598,-2009
-265,2771,-171,-13398,-5195,-1772
-391,2964,196,-20795,-4122,-1689
-375,3066,562,-27485,-5293,278
-221,3103,683,-29766,-6208,5306
-52,3182,433,-27297,-7383,11887
81,3151,-208,-24242,-3916,16586
247,3149,-754,-26782,12389,18444
644,3601,-826,-32768,29194,17403
826,4002,-596,-32768,32767,12123
131,4214,-465,-32768,26816,7880
-754,4165,-210,-32768,4764,8052
-1123,4144,-3,-32768,-123,9677
-1168,3999,47,-32768,-2519,10561
-1144,3529,235,-32768,-8108,11788
-826,3238,378,-32768,-8588,13029
-378,3177,405,-32768,-1738,11282
-153,3044,324,-32768,4382,9454
-50,2724,277,-32768,3688,8827
75,2395,194,-32768,9010,6288
64,2048,224,-32768,11084,3761
-22,1657,238,-32768,10868,2530
-171,1256,242,-32768,10440,1625
-276,913,215,-32768,6884,1001
-310,704,119,-32512,7796,733
-425,497,64,-29713,5599,1991
-403,249,-1,-24809,4120,2109
-499,-133,-242,-21797,4786,2255
-604,-605,-381,-13287,1513,1351
-739,-972,-392,-5959,-1867,993
-720,-1180,-401,1445,-2656,116
-606,-1288,-362,8079,-2844,-502
-556,-1258,-119,15080,-6284,7
-439,-1055,92,18584,-4344,700
-274,-800,345,21702,-4655,1064
-183,-626,586,24586,-3469,617
-186,-487,726,26296,-2691,65
-154,-303,865,28360,-2828,-20
-127,-97,1008,30798,-4300,98
-56,192,1113,31257,-524,278
48,544,1174,32059,-819,-911
71,784,1171,32369,-516,-2987
74,955,1138,32183,1827,-3732
25,1170,1217,32377,3887,-2993
-61,1348,1201,32767,4391,-2455
-144,1515,1121,32767,2496,-1445
-254,1648,1092,32122,2401,-1182
-288,1883,1065,31680,3953,30
-378,1946,1078,32095,-110,-1291
-437,1917,922,31227,-1464,-1350
-467,2042,791,32545,-1147,-307
-384,2380,714,32082,-1150,361
-289,2580,717,31619,-2052,-1115
-317,2616,652,29810,-1322,-3781
-408,2552,426,29238,-3144,-7285
-503,2552,261,29044,-6572,-8178
-559,2608,250,29649,-8056,-6346
-567,2758,218,31085,-12864,-3478
-481,2933,180,31167,-21003,-1543
-320,2902,33,24686,-25291,-1844
-134,2717,-309,18017,-16420,-6775
133,2771,-496,15554,-5675,-9541
331,2901,-394,13895,664,-8985
111,2694,-145,13903,3513,-7556
-407,2423,-18,13459,1963,-5557
-880,2246,-136,14247,-7545,-3585
-847,2228,-361,13067,-8879,-3063
-535,2189,-546,10818,-5380,-3909
-342,2100,-599,9041,2717,-3451
-301,2051,-496,7837,11675,-1047
-160,2020,-228,4587,11540,131
-277,1901,-641,6924,-6130,-1212
-562,1625,-1153,8603,-6787,-2454
-564,1556,-1144,7595,50,699
-495,1716,-911,6835,-554,1421
-610,1772,-924,5925,-2962,-464
-634,1754,-859,4847,-1497,332
-528,1663,-806,6438,-3009,2016
-362,1651,-873,7038,-3292,2779
-252,1790,-1017,4045,1437,2000
-311,1884,-1041,3424,2891,1725
-370,1927,-1041,3212,3279,2015
-461,1964,-1052,2376,2876,2145
-543,1987,-1097,2016,1306,2299
-482,2038,-1159,1444,1756,2402
-328,2064,-1216,970,3308,2780
-193,2090,-1281,-412,5863,2448
-307,2095,-1285,-1826,7037,2035
-542,2023,-1279,-1226,4524,1790
-688,1963,-1324,-714,2022,1382
-666,1906,-1372,-500,272,1085
-515,1869,-1361,-877,704,861
-396,1858,-1278,-995,677,834
-314,1833,-1183,-1739,1717,693
-330,1766,-1156,-1371,751,550
-341,1684,-1196,-808,739,421
-342,1607,-1231,-188,32,335
-299,1587,-1231,-488,545,290
-285,1590,-1197,-585,941,337
-310,1601,-1159,-499,753,323
-320,1611,-1124,-220,450,306
-316,1636,-1144,-187,164,254
-295,1651,-1175,-38,787,175
-287,1662,-1192,116,403,312
-282,1682,-1214,-7,1039,152
-291,1684,-1210,-85,1455,175
-309,1670,-1237,113,1788,75
-314,1658,-1279,286,1859,26
-332,1646,-1324,455,1412,86
-384,1632,-1313,661,912,127
-405,1649,-1279,528,398,44
-389,1671,-1240,400,-282,-12
-321,1694,-1183,-81,255,36
-284,1722,-1151,-290,771,9
-322,1718,-1162,-262,181,-148
-347,1693,-1224,-92,-694,-180
-375,1664,-1281,115,-1042,-284
-346,1642,-1297,114,-450,-187
-329,1632,-1297,103,161,-158
-315,1638,-1280,278,93,-67
-308,1653,-1273,59,120,-7
-316,1660,-1268,-75,310,-86
-346,1656,-1267,68,-113,-151
-346,1652,-1279,169,74,-138
-349,1661,-1260,200,169,-221
-338,1673,-1240,115,307,-161
-332,1675,-1226,-17,660,-205
-330,1659,-1248,246,449,-171
-338,1647,-1274,274,826,-108
-357,1646,-1266,244,152,-88
-360,1658,-1259,70,418,-33
-362,1676,-1239,-72,141,-49
-355,1681,-1229,-103,-105,-117
-339,1678,-1229,-253,928,-134
-339,1674,-1230,-4,596,-167
-326,1672,-1253,-36,374,-103
-318,1663,-1257,-49,701,-94
-354,1659,-1251,135,177,-81
-367,1660,-1239,88,97,-58
-351,1664,-1239,120,-52,-61
-330,1665,-1248,133,155,-66
-324,1660,-1256,111,133,-115
-333,1672,-1237,-27,460,-88
-357,1680,-1225,182,79,-61
-360,1676,-1236,327,150,-123
-353,1674,-1258,311,64,-129
-351,1670,-1268,239,-13,-138
-337,1669,-1270,11,236,-121
-335,1671,-1265,-145,354,-64
-341,1671,-1256,-25,-115,-89
-336,1669,-1242,172,-5,-76
-339,1673,-1238,-88,10,-83
-344,1670,-1240,-39,392,-79
-354,1666,-1247,176,-58,-108
-341,1666,-1257,175,-85,-101
-339,1669,-1261,125,269,-132
-346,1665,-1255,48,668,-116
-344,1654,-1252,39,727,-81
-334,1659,-1247,132,310,-98
-334,1671,-1245,190,448,-47
-357,1679,-1239,45,284,-113
-376,1673,-1231,177,286,-57
-381,1668,-1231,330,-417,-103
-362,1669,-1232,303,-79,-57
-339,1679,-1221,183,313,-97
-328,1682,-1227,2,254,-50
-323,1677,-1234,63,95,19
-354,1673,-1256,-20,354,8
-389,1666,-1267,84,-232,-102
-367,1662,-1274,217,24,-47
-344,1661,-1262,145,246,-33
-331,1672,-1237,64,476,-46
-327,1674,-1223,77,471,-50
-334,1677,-1210,201,360,-109
-347,1681,-1230,-13,288,-62
-352,1678,-1235,241,-90,-88
-341,1673,-1235,399,-22,-120
-336,1681,-1234,186,332,-145
-331,1686,-1218,104,393,-156
-336,1678,-1220,141,801,-117
-357,1677,-1238,337,138,-119
-358,1671,-1251,507,-271,-171
-358,1671,-1258,307,-147,-152
-343,1668,-1236,292,282,-143
-332,1671,-1232,237,591,-44
-336,1668,-1238,375,642,-144
-344,1659,-1249,370,251,-78
-355,1656,-1254,172,868,-155
-363,1661,-1224,213,101,-90
-351,1670,-1215,211,132,-5
-345,1667,-1218,128,334,-60
-335,1662,-1230,138,601,-111
-338,1664,-1243,104,517,-105
-353,1667,-1254,101,351,-172
-365,1664,-1247,306,-112,-155
-357,1666,-1256,154,-134,-112
-349,1674,-1248,-11,445,-93
-350,1676,-1255,85,113,10
-347,1681,-1259,147,200,-51
-353,1669,-1272,244,-13,-145
-357,1672,-1274,127,307,-154
-360,1672,-1264,94,442,-126
-358,1672,-1256,116,453,-56
-359,1667,-1251,229,489,-58
-358,1668,-1241,134,268,-129
-347,1667,-1237,210,133,-48
-340,1666,-1234,200,400,-33
-343,1673,-1232,100,160,-39
-346,1673,-1227,71,297,-53
-357,1666,-1226,257,218,-51
-356,1664,-1228,310,115,-118
-337,1663,-1236,158,217,-67
-336,1666,-1233,32,319,-36
-351,1667,-1238,117,285,-60
-347,1665,-1235,269,203,-42
-343,1668,-1244,299,242,-9
-352,1674,-1242,149,152,-31
-354,1680,-1240,15,393,-56
-359,1676,-1248,111,172,-11
-367,1674,-1258,92,245,-62
-365,1671,-1255,311,-255,-68
-350,1674,-1262,196,-34,-36
-340,1677,-1254,129,266,-16
-343,1669,-1254,139,135,32
-361,1662,-1257,183,278,29
-397,1672,-1281,434,234,-238
-453,1685,-1298,782,-873,-645
-475,1722,-1277,958,-1316,-864
-477,1778,-1214,1005,-2650,-1067
-369,1828,-1144,618,-1993,-1140
-248,1849,-1051,524,-1670,-1193
-196,1852,-978,378,-2336,-1217
-144,1837,-905,896,-3633,-1243
-75,1842,-856,878,-4180,-1136
-40,1867,-828,378,-4757,-1387
-42,1918,-793,-279,-5187,-1716
-77,2000,-729,-709,-5838,-2001
-87,2125,-663,-1491,-5994,-2039
-129,2311,-545,-3339,-5263,-2038
-170,2587,-285,-6253,-6039,-1436
-182,2878,35,-11896,-5692,-539
-184,3176,365,-20348,-7740,521
7,3301,693,-28119,-5711,3128
299,3245,718,-32320,-3079,7898
441,3240,394,-30795,-104,14621
498,3351,-351,-26790,6071,19625
529,3627,-691,-28737,20797,18184
505,4047,-576,-32768,32377,14768
274,4304,-517,-32768,32767,12068
-486,4497,-544,-32768,18356,10379
-891,4473,-248,-32768,-889,11094
-878,4398,-108,-32768,-707,12224
-815,4256,-43,-32768,565,11073
-789,3900,146,-32768,-1245,10495
-657,3684,304,-32768,-7593,10909
-323,3441,412,-32768,1346,12043
-87,3158,447,-32768,6774,12283
225,2949,352,-32768,10806,9475
418,2771,196,-32768,12788,5470
380,2509,42,-32768,11168,4193
285,2100,-143,-32768,15620,2137
-64,1493,-346,-32768,16063,1959
-329,891,-534,-32768,11690,1598
-498,428,-671,-32768,11877,639
-575,-115,-731,-26307,6513,57
-516,-523,-822,-20228,7626,-1492
-691,-821,-811,-11558,-1004,313
-659,-1042,-729,-3575,-120,1255
-725,-1178,-574,4310,-5681,1509
-622,-1228,-433,11010,-6833,1389
-443,-1098,-180,15188,-6664,1597
-246,-880,164,19423,-6699,2467
-103,-682,419,22505,-5505,2753
-61,-545,592,24114,-4588,2246
-93,-434,720,26450,-5260,1806
-138,-332,826,29105,-6281,1802
-120,-181,953,32331,-6048,2014
-48,34,993,32767,-4172,1803
106,374,957,32767,-2365,317
198,759,967,32767,-1478,-2191
219,1098,969,32767,1328,-4865
146,1395,1037,32767,2140,-4842
63,1568,1077,32767,3947,-3322
-80,1676,1012,32767,3045,-1721
-285,1827,977,32767,2053,1452
-430,1908,1051,32767,-1049,2720
-421,2011,1027,32767,-2714,1982
-374,2158,885,32767,-4899,-1000
-315,2400,613,32767,-8548,-4816
-301,2646,410,32767,-8935,-6478
-395,2840,448,32767,-8520,-4408
-485,2947,578,32767,-7679,-3222
-452,2852,421,31616,-11824,-3624
-228,2763,74,29212,-15944,-5384
60,2812,-188,26369,-12978,-8589
227,2950,-240,23525,-5147,-10171
99,2963,-170,21713,-2044,-8415
-220,2759,-74,21403,-6549,-6985
-503,2653,-81,19959,-12093,-5995
-558,2695,-149,18490,-16495,-5180
-399,2751,-273,15940,-15625,-5591
-251,2624,-322,13245,-8170,-7031
-245,2455,-290,11786,-3763,-6645
-292,2379,-322,11455,-5163,-5429
-256,2344,-460,11177,-5618,-3655
-179,2204,-628,11449,-3050,-2102
17,2068,-654,10834,8265,-851
145,2028,-559,5311,16941,-537
-84,1919,-591,6857,99,-1134
-392,1716,-949,9728,-1439,-631
-437,1713,-996,8700,3574,1530
-367,1769,-900,5243,6676,1940
-434,1729,-830,5778,3203,925
-618,1628,-956,5455,-1384,1123
-596,1565,-1052,6294,-840,2171
-430,1682,-1122,5730,-2780,2724
-334,1787,-1206,4438,1999,1405
-404,1919,-1182,3479,2183,1035
-465,2007,-1168,3222,1785,1054
-454,2078,-1159,2106,2215,1527
-354,2132,-1234,812,3561,2031
-229,2146,-1252,127,3970,2446
-164,2118,-1271,-1043,5179,2348
-295,2103,-1235,-2015,4584,2137
-518,2085,-1190,-1998,616,1465
-559,2072,-1182,-1741,-2225,1092
-308,2051,-1187,-2863,476,871
-257,1918,-1214,-2432,290,855
-218,1778,-1280,-1121,-771,952
-194,1721,-1325,-1010,-48,420
-233,1693,-1294,-896,29,145
-292,1671,-1208,-770,-272,61
-310,1646,-1159,-749,-1508,143
-297,1624,-1138,-798,-1130,162
-296,1586,-1151,-119,-1190,37
-247,1560,-1201,147,-1318,2
-206,1571,-1236,-88,480,7
-252,1593,-1240,-109,-180,-70
-292,1622,-1234,-130,66,-172
-333,1645,-1232,8,-443,-356
-320,1653,-1276,81,95,-384
-334,1643,-1300,200,460,-305
-379,1630,-1341,430,-363,-136
-397,1633,-1328,531,-681,-41
-362,1640,-1293,434,-524,-56
-335,1661,-1263,147,-310,-25
-319,1689,-1226,-211,482,-177
-331,1677,-1217,136,140,-231
-349,1672,-1234,195,370,-418
-368,1640,-1256,427,236,-359
-396,1615,-1272,321,29,-345
-412,1601,-1272,286,454,-264
-385,1595,-1275,800,-513,-188
-321,1607,-1286,545,390,-178
-317,1610,-1288,459,428,-120
-348,1625,-1287,137,407,-262
-375,1641,-1305,-158,341,-308
-423,1644,-1323,-132,179,-361
-469,1649,-1348,-59,-966,-323
-446,1638,-1357,192,-653,-280
-422,1640,-1351,331,-976,-298
-364,1647,-1327,43,-408,-138
-336,1652,-1294,-266,259,-5
-349,1649,-1268,-573,732,-99
-375,1621,-1253,-103,-88,-196
-384,1608,-1258,170,-22,-312
-368,1596,-1276,430,329,-323
-338,1602,-1279,419,480,-218
-318,1606,-1275,299,1422,-188
-346,1623,-1276,1,1686,27
-397,1633,-1262,141,977,30
-415,1635,-1273,313,521,135
-424,1640,-1288,171,292,77
-410,1648,-1272,131,380,-4
-400,1652,-1261,30,762,-116
-391,1649,-1264,10,677,-78
-381,1642,-1264,176,395,43
-384,1648,-1274,-35,549,50
-391,1644,-1281,72,446,-3
-381,1645,-1279,106,240,-65
-362,1643,-1290,131,433,-69
-354,1649,-1290,115,393,24
-364,1655,-1273,-19,549,18
-378,1659,-1272,64,268,25
-373,1654,-1268,148,378,-100
-362,1653,-1268,98,-11,-129
-343,1659,-1272,5,304,-84
-347,1661,-1270,121,23,-27
-361,1656,-1267,-93,526,-88
-386,1644,-1276,250,-456,-131
-361,1646,-1274,-29,448,-148
-362,1649,-1268,-27,480,-189
-374,1644,-1264,84,432,-163
-378,1638,-1260,156,97,-107
-369,1643,-1258,176,237,-116
-373,1654,-1254,97,-9,-134
-368,1656,-1251,41,455,-162
-378,1649,-1245,300,584,-131
-385,1647,-1268,345,305,-149
-372,1649,-1281,250,416,-27
-382,1655,-1284,129,460,-111
-380,1649,-1273,286,405,-29
-379,1644,-1272,378,132,-27
-370,1643,-1275,176,389,9
-379,1644,-1269,219,346,-43
-376,1640,-1263,337,181,-35
-376,1651,-1269,198,241,-62
-382,1644,-1268,307,-64,-150
-364,1645,-1258,324,116,-183
-344,1643,-1267,223,455,-172
-345,1647,-1277,91,661,-97
-352,1646,-1279,31,780,0
-392,1639,-1280,143,184,-120
-396,1640,-1283,250,-191,-179
-360,1645,-1284,189,-161,-161
-341,1653,-1292,-66,529,-160
-368,1649,-1291,90,521,-70
-401,1645,-1293,65,-89,-65
-403,1633,-1298,129,-419,-52
-393,1629,-1309,117,-373,22
-378,1634,-1296,133,-225,64
-354,1638,-1270,236,-17,28
-344,1649,-1264,92,437,-37
-344,1652,-1248,86,391,-52
-352,1649,-1254,171,303,-98
-362,1645,-1271,114,314,-96
-372,1639,-1272,171,224,-151
-377,1635,-1281,363,740,-120
-377,1634,-1279,382,173,-69
-371,1634,-1274,293,376,-8
-382,1642,-1270,72,472,11
-370,1641,-1266,406,477,105
-362,1646,-1273,415,683,139
-381,1657,-1257,271,552,118
-420,1650,-1230,312,-483,20
-402,1647,-1220,270,-556,55
-378,1653,-1238,159,-707,-39
-341,1656,-1251,35,537,-90
-358,1662,-1263,-126,374,-200
-370,1651,-1276,109,294,-45
-362,1637,-1302,138,79,19
-357,1634,-1312,330,160,-63
-363,1644,-1322,13,298,-178
-370,1647,-1311,-46,398,-118
-393,1648,-1298,-83,-136,-29
-401,1640,-1295,146,-320,16
-397,1635,-1306,127,-247,-16
-387,1633,-1306,279,-155,-57
-382,1633,-1273,288,-404,-27
-365,1641,-1249,161,-1,-55
-350,1647,-1241,181,-366,-38
-325,1652,-1238,85,156,-100
-322,1655,-1253,4,270,-137
-352,1654,-1264,32,242,-208
-363,1644,-1268,290,-39,-211
-356,1639,-1288,182,288,-252
-361,1643,-1294,106,645,-252
-361,1648,-1274,95,264,-236
-369,1653,-1276,-64,399,-142
-405,1650,-1268,190,-16,-169
-411,1649,-1270,171,-2,-198
-408,1654,-1284,-64,14,-253
-402,1633,-1276,120,78,-269
-381,1635,-1267,122,242,-140
-384,1644,-1268,115,383,-126
-397,1648,-1261,220,44,-134
-399,1652,-1252,181,-55,-112
-393,1651,-1267,-22,119,-152
-389,1641,-1273,33,511,-121
-393,1628,-1276,175,239,-170
-385,1621,-1274,451,321,-192
-378,1632,-1267,274,481,-82
-378,1644,-1253,234,287,-91
-376,1651,-1246,49,77,-21
-386,1652,-1255,-113,578,-55
-404,1644,-1265,100,344,-128
-398,1639,-1283,311,197,-198
-374,1634,-1281,275,481,-140
-373,1641,-1275,78,528,-36
-382,1651,-1263,95,739,-52
-393,1652,-1267,271,448,-55
-400,1647,-1273,151,177,-109
-406,1635,-1270,430,-190,-107
-403,1641,-1290,802,56,-3
-425,1656,-1291,1119,-373,-262
-492,1674,-1290,1829,-1025,-624
-528,1739,-1211,1857,-2153,-900
-413,1831,-1090,1869,-2627,-1079
-184,1908,-994,1202,-1162,-852
-69,1963,-914,168,-184,-887
-109,1981,-828,193,-1540,-1222
-130,2048,-750,190,-3659,-1581
-89,2143,-713,-735,-5568,-1810
-6,2270,-684,-3225,-5608,-1606
8,2411,-624,-5909,-5312,-1531
-91,2566,-472,-8588,-6008,-1412
-268,2742,-214,-11802,-7180,-769
-386,2938,62,-17199,-8947,392
-307,3037,246,-24630,-8928,2281
59,3074,371,-29149,-5092,6233
394,3146,222,-29257,351,11274
378,3263,-181,-27132,4798,14450
311,3291,-564,-26094,12264,15577
378,3561,-630,-32768,31530,13638
157,3918,-551,-32768,32767,9337
-504,4164,-529,-32768,18663,8337
-939,4088,-176,-32768,-4225,7045
-1006,3966,80,-32768,-9740,9710
-815,3831,-24,-32768,-3839,11577
-653,3627,27,-32768,-3448,11389
-521,3409,206,-32768,-7246,12197
-231,3261,296,-32768,-1881,12819
25,3160,320,-32768,6657,10289
76,2985,240,-32768,7122,8329
37,2582,164,-32768,8893,6611
1,2074,193,-32768,10798,4998
-31,1646,301,-32768,8602,3030
-96,1398,272,-32768,6156,2035
-112,1117,310,-32768,9940,1281
-163,761,254,-32768,7274,539
-234,444,157,-31105,6658,601
-324,208,42,-27162,4176,1531
-328,-112,-172,-22237,6453,988
-462,-529,-370,-15487,5143,362
-641,-833,-487,-7596,-928,1005
-627,-1010,-487,574,-978,1695
-581,-1047,-401,7884,-2802,2535
-529,-1070,-254,13774,-3220,2211
-554,-1010,16,17655,-5628,1446
-510,-876,294,20398,-4411,359
-373,-668,542,23480,-6256,-169
-214,-460,767,26336,-4692,382
-121,-250,922,28528,-2231,124
-74,-20,960,29550,-1348,-216
-61,199,1015,30929,-2684,-1375
-101,364,1046,32254,-1876,-1956
-69,501,1038,32767,-1636,-2253
-23,798,1058,32767,-1385,-2272
52,1165,998,32767,2136,-2785
60,1489,970,32767,2357,-3446
33,1659,954,32767,2887,-3856
-41,1730,957,32767,4738,-3310
-198,1830,956,32767,4383,-2040
-334,2017,993,32767,4955,-933
-374,2205,857,32767,-230,-1799
-411,2404,639,32767,252,-1346
-522,2534,595,32767,302,-262
-545,2653,630,32767,-2599,-20
-469,2689,655,32767,-6395,-1758
-410,2705,426,32767,-11286,-5403
-394,2796,178,32206,-15570,-7399
-414,3012,59,30222,-19934,-6141
-360,3051,-87,24945,-22490,-3354
-258,2897,-153,22202,-15730,-4383
-271,2726,-308,17043,-9791,-9155
-298,2640,-322,16185,-6412,-11116
-326,2686,-265,15210,-10519,-10606
-384,2642,-292,13367,-11229,-9192
-414,2484,-337,14642,-8947,-6284
-404,2291,-442,16417,-7317,-3446
-258,2184,-537,15726,-3708,-1975
34,2223,-533,12047,1577,-1734
269,2199,-643,9330,-249,-2933
347,2051,-822,9371,11510,-2164
184,2033,-833,7224,17085,-327
-202,2007,-628,5243,19392,616
-724,1887,-518,7390,6376,1367
-999,1693,-747,7661,-3498,1516
-867,1737,-964,6157,-4007,2120
-567,1799,-1007,5763,-681,1984
-409,1791,-1099,5682,1544,1324
-340,1832,-1159,4429,4130,1078
-348,1890,-1068,4139,3914,1344
-242,1981,-970,3541,3700,1947
-28,2076,-1010,2761,6743,2501
41,2185,-1062,156,9393,2502
-205,2364,-1058,-1267,6202,2557
-550,2820,-830,-6366,6989,1053
-860,2715,-541,-5535,-2226,213
-725,2261,-964,-2405,-7395,1363
-313,1871,-1645,-934,-6118,1000
46,1742,-1859,-1435,3172,108
-152,1655,-1759,-357,2455,-91
-313,1604,-1482,-723,1431,-517
-391,1575,-1191,-182,-678,122
-428,1546,-1040,32,-1818,324
-368,1523,-1086,-272,-2152,274
-226,1481,-1190,80,-702,376
-170,1474,-1251,784,1369,161
-208,1510,-1243,1543,199,54
-170,1597,-1180,1495,1455,-131
-130,1700,-1132,819,3156,-66
-144,1803,-1079,-679,5707,-378
-305,1797,-1068,-585,3399,-358
-477,1757,-1147,212,-797,-296
-462,1704,-1237,763,-2533,-112
-343,1697,-1281,300,-1449,-176
-266,1689,-1273,185,-523,-142
-227,1700,-1278,-225,826,10
-263,1671,-1280,-74,1388,-128
-334,1655,-1303,316,414,-239
-377,1658,-1308,340,-240,-360
-388,1656,-1312,389,-462,-372
-361,1650,-1294,474,333,-393
-343,1643,-1299,644,135,-411
-319,1632,-1287,1039,205,-462
-289,1628,-1282,773,748,-320
-304,1627,-1243,700,560,-254
-338,1648,-1215,164,446,-132
-359,1654,-1207,178,75,-53
-349,1646,-1239,341,-227,-43
-314,1626,-1296,472,3,-70
-307,1633,-1295,348,371,-314
-304,1656,-1282,641,209,-198
-288,1679,-1259,219,1803,-344
-305,1686,-1240,23,757,-249
-325,1681,-1231,-139,223,-159
-344,1671,-1249,-27,195,-86
-377,1669,-1265,72,52,-191
-373,1650,-1294,464,-547,-252
-332,1647,-1301,144,553,-218
-326,1656,-1278,151,240,-108
-321,1672,-1257,-108,700,-97
-340,1663,-1253,69,488,-72
-371,1653,-1280,331,-35,-175
-359,1645,-1296,532,-561,-134
-343,1652,-1298,110,206,-194
-339,1643,-1278,300,373,-227
-325,1651,-1273,237,364,-195
-334,1652,-1267,231,655,-159
-358,1647,-1265,359,-116,-155
-346,1644,-1263,414,-168,-78
-329,1648,-1274,222,-93,-124
-314,1648,-1290,-44,234,-85
-333,1647,-1293,-37,243,0
-357,1647,-1292,63,118,-72
-355,1645,-1295,240,-137,-130
-331,1652,-1294,-56,319,-175
-326,1649,-1273,118,399,-189
-330,1642,-1266,87,469,-114
-346,1637,-1273,106,358,-63
-356,1641,-1266,91,54,-63
-352,1643,-1263,59,-239,-46
-341,1649,-1268,82,-33,-116
-324,1655,-1264,92,409,-73
-322,1656,-1262,168,312,-97
-330,1660,-1261,-67,585,-101
-345,1656,-1265,85,279,-107
-341,1656,-1269,56,326,-62
-345,1655,-1274,27,184,-135
-347,1658,-1267,8,109,-154
-339,1658,-1274,-59,27,-94
-342,1655,-1289,136,184,-46
-360,1646,-1291,178,349,-93
-368,1642,-1279,271,-65,-107
-351,1646,-1267,251,33,-117
-333,1667,-1270,-27,331,-31
-335,1666,-1275,-37,435,-36
-352,1662,-1270,8,229,-94
-361,1650,-1274,147,21,-116
-356,1639,-1291,324,-178,-106
-335,1639,-1279,319,24,-124
-316,1652,-1257,232,53,-90
-322,1666,-1240,-14,621,-130
-342,1664,-1241,-103,507,-121
-352,1654,-1255,29,370,-268
-343,1644,-1267,252,57,-250
-322,1645,-1263,238,428,-273
-320,1659,-1257,90,645,-218
-335,1660,-1247,194,500,-184
-345,1658,-1257,217,520,-109
-362,1666,-1267,42,201,-138
-381,1659,-1276,147,102,-162
-375,1659,-1276,132,-83,-102
-367,1652,-1279,177,51,-149
-357,1648,-1271,253,31,-166
-343,1656,-1263,84,239,-132
-336,1657,-1254,147,317,-128
-340,1656,-1260,77,384,-92
-363,1656,-1267,155,387,-58
-378,1656,-1267,267,-8,-125
-364,1655,-1275,275,-251,-126
-340,1643,-1278,82,356,-86
-343,1647,-1270,129,380,-36
-364,1661,-1261,42,160,-61
-374,1659,-1252,119,-163,-65
-358,1654,-1265,135,52,-50
-349,1648,-1292,123,367,10
-362,1641,-1292,222,294,-80
-365,1649,-1269,187,236,-104
-363,1654,-1264,183,120,-35
-359,1660,-1261,178,181,-51
-346,1661,-1254,238,253,-110
-333,1665,-1259,266,41,-46
-339,1665,-1273,-101,298,-69
-366,1655,-1273,-59,574,-84
-380,1645,-1275,248,106,-73
-367,1644,-1274,318,12,-67
-343,1648,-1260,223,9,-30
-332,1655,-1253,-29,540,-87
-337,1656,-1248,35,449,11
-355,1662,-1254,29,660,-65
-369,1660,-1258,330,-105,-117
-350,1663,-1266,97,260,-113
-348,1657,-1276,84,483,-121
-352,1651,-1270,81,524,-89
-361,1652,-1267,246,357,-83
-366,1653,-1259,262,126,-81
-353,1652,-1240,314,104,-85
-336,1659,-1244,68,87,-33
-336,1660,-1237,-4,762,-42
-354,1671,-1246,110,449,13
-364,1659,-1252,217,2,-78
-357,1655,-1259,253,124,-89
-359,1665,-1266,190,275,-122
-340,1661,-1265,365,353,-72
-344,1650,-1273,217,170,-82
-357,1645,-1267,297,98,-139
-369,1651,-1287,467,-108,-217
-421,1671,-1325,554,158,-654
-528,1672,-1331,1380,-2258,-1273
-546,1687,-1301,1915,-3616,-1292
-468,1750,-1229,1775,-3918,-1255
-322,1826,-1109,1564,-3766,-1109
-147,1884,-980,986,-2756,-757
-66,1911,-888,703,-3331,-548
-46,1944,-838,373,-4317,-621
-39,1991,-784,-364,-5321,-879
-86,2080,-773,-1488,-5886,-1179
-190,2185,-761,-2619,-6171,-1451
-280,2330,-690,-3716,-6708,-1380
-231,2502,-507,-5968,-6028,-882
-128,2676,-249,-10363,-4264,565
-195,2810,-17,-17146,-6596,871
-237,2926,168,-23696,-8611,666
-148,2946,309,-28204,-3122,2913
-99,2981,276,-29584,210,6818
-130,3015,127,-27287,-875,11836
-29,2997,-330,-22660,-3220,16105
218,3136,-689,-25290,9601,16551
422,3439,-665,-32768,30464,13305
313,3829,-655,-32768,32767,8568
-148,4062,-463,-32768,16935,5335
-826,3974,-63,-32768,5855,4623
-1307,3719,149,-32768,-5310,8743
-1204,3501,243,-32768,-6306,12046
-968,3390,408,-32768,-7992,11600
-583,3265,418,-32768,-10602,11137
-112,3172,515,-32768,488,11239
179,3055,598,-32768,5600,10249
252,2891,541,-32768,8486,8855
183,2457,440,-32768,10472,8088
120,1934,422,-32768,9597,5408
68,1625,416,-32768,10809,3181
-12,1499,316,-32768,10153,1331
-153,1244,132,-32768,10793,1732
-344,777,-25,-30881,9837,2677
-459,426,-131,-27157,6092,3528
-427,134,-244,-21642,6264,4056
-553,-175,-396,-16640,5833,2663
-772,-452,-377,-11224,199,2543
-781,-749,-333,-5654,244,1921
-694,-1035,-249,1505,193,364
-696,-1107,-100,7325,-3600,826
-579,-1117,112,13356,-4857,1077
-453,-956,279,16087,-2738,1421
-380,-752,536,19557,-6441,2510
-237,-640,660,23076,-6113,2484
-146,-534,694,25134,-4750,1797
-115,-309,799,27186,-5480,1192
-86,14,918,29347,-5772,1432
-54,274,939,30539,-1740,532
-28,531,939,31512,-2561,-587
-14,817,989,32480,-2692,-1597
-14,1005,972,32767,586,-3227
-34,1188,968,32767,-778,-3428
-24,1441,1013,32767,62,-2449
-27,1686,983,32767,4121,-2443
-157,1891,896,32767,3088,-2206
-256,2068,909,32767,4936,-1266
-342,2181,911,32767,1341,-1798
-381,2247,865,32767,-1375,-2098
-491,2299,798,32767,-1751,-2469
-611,2454,675,32338,-1982,-2311
-593,2607,706,32065,-1847,-2667
-572,2616,677,32009,-5477,-4014
-522,2547,492,31555,-10077,-6038
-496,2615,289,31431,-14196,-7188
-500,2966,176,29960,-16431,-6641
-410,3193,123,26706,-17307,-4671
-291,3007,-26,23058,-22459,-3823
-130,2736,-267,18634,-20870,-5565
76,2691,-349,16268,-13129,-7458
261,2801,-358,14034,-4584,-7021
231,2749,-291,13728,-3081,-5283
49,2494,-264,12139,-2021,-3384
-213,2271,-304,10978,1318,-2809
-427,2250,-383,9551,1456,-2912
-456,2226,-465,10032,1162,-2311
-370,2137,-438,7644,7445,-1586
-462,2076,-344,4063,9339,-1838
-760,1933,-425,6095,-1265,-2251
-901,1827,-707,7133,-3787,-1792
-814,1754,-848,7989,-4921,-897
-506,1725,-955,7110,-4283,391
-210,1696,-1031,6606,1791,217
-195,1701,-1048,6473,2495,119
-267,1733,-1044,5087,4632,218
-387,1734,-982,5961,3723,1018
-531,1750,-994,6561,104,1763
-587,1836,-1035,5486,48,1746
-585,1959,-994,3567,-670,1949
-591,2060,-947,3014,-830,1980
-515,2146,-971,2238,-827,2296
-305,2179,-1020,987,2752,2431
-169,2143,-1076,-11,6200,2280
-142,2088,-1155,-461,10731,2010
-269,2034,-1265,-692,11474,1457
-480,1931,-1347,-426,7857,974
-626,1837,-1366,313,4040,1056
-662,1774,-1320,709,1600,1040
-589,1760,-1269,621,989,999
-422,1823,-1179,-766,2280,744
-302,1823,-1068,-1531,2969,265
-322,1789,-1044,-910,616,831
-319,1753,-1110,-942,-188,908
-297,1712,-1177,-994,-723,467
-280,1666,-1230,-1019,-132,224
-246,1632,-1254,-1144,616,400
-233,1605,-1234,-545,313,478
-221,1606,-1195,-361,1288,372
-235,1638,-1152,-172,821,322
-249,1684,-1133,-365,-77,224
-237,1706,-1128,-344,62,292
-250,1723,-1143,-336,42,173
-255,1708,-1194,95,-964,112
-208,1697,-1261,-130,239,63
-219,1673,-1318,-57,1296,119
-293,1660,-1305,213,899,164
-362,1669,-1281,155,367,58
-375,1669,-1259,388,-535,44
-312,1664,-1260,532,-82,33
-261,1658,-1291,361,399,89
-227,1658,-1279,363,882,19
-234,1671,-1271,113,1230,114
-290,1685,-1242,13,935,65
-339,1686,-1226,263,-53,80
-328,1673,-1221,539,-666,85
-272,1678,-1230,440,-511,-14
-220,1685,-1240,255,532,-98
-221,1681,-1235,-23,837,-38
-249,1674,-1216,62,534,-11
-289,1682,-1236,66,380,40
-324,1680,-1246,163,130,36
-321,1672,-1254,457,-881,30
-290,1677,-1255,57,-43,-2
-277,1677,-1247,125,415,8
-262,1679,-1248,130,376,36
-257,1684,-1259,200,455,12
-273,1691,-1257,238,84,8
-278,1688,-1265,196,468,-43
-287,1675,-1269,137,698,-75
-286,1667,-1258,126,371,-97
-277,1661,-1247,249,594,-42
-272,1669,-1227,342,558,-67
-253,1684,-1211,272,161,-70
-241,1690,-1214,343,281,-115
-254,1690,-1214,167,501,-80
-277,1684,-1241,152,486,-55
-297,1677,-1262,271,256,-102
-296,1672,-1284,381,-143,-68
-274,1669,-1278,443,367,-76
-263,1676,-1266,197,276,-31
-261,1679,-1263,56,505,-34
-269,1683,-1259,34,223,-41
-272,1678,-1255,154,150,-55
-276,1679,-1260,86,169,-105
-279,1675,-1256,8,228,-88
-263,1675,-1233,145,168,-122
-237,1683,-1234,-88,314,-71
-252,1692,-1232,-52,265,-55
-286,1701,-1243,-219,129,-114
-311,1684,-1265,86,-501,-35
-314,1673,-1277,113,-229,-70
-302,1665,-1277,301,-392,-88
-274,1671,-1262,114,-151,-101
-253,1676,-1245,18,231,-43
-256,1684,-1234,78,112,-13
-275,1683,-1241,42,231,-75
-298,1676,-1249,183,-86,-75
-308,1672,-1264,361,-382,-117
-305,1673,-1275,158,102,-107
-298,1669,-1269,244,-48,-120
-286,1668,-1246,443,-159,-134
-271,1668,-1238,585,-385,-15
-268,1678,-1229,367,126,-58
-277,1685,-1216,141,312,-13
-286,1682,-1220,175,-323,-40
-281,1677,-1238,165,-254,26
-293,1672,-1248,262,78,3
-299,1670,-1259,455,-523,-106
-269,1676,-1258,396,-325,-98
-255,1686,-1249,81,1,-89
-270,1686,-1239,12,467,-67
-290,1678,-1248,239,-46,-130
-284,1677,-1262,339,-21,-160
-286,1679,-1270,23,506,-213
-296,1661,-1260,359,387,-204
-298,1670,-1260,358,398,-198
-302,1683,-1254,351,337,-94
-313,1681,-1242,115,348,-191
-308,1663,-1246,307,433,-113
-308,1660,-1255,245,110,-190
-294,1657,-1247,352,157,-47
-305,1670,-1225,263,60,-68
-302,1674,-1224,116,-104,-13
-291,1678,-1239,38,179,-32
-289,1679,-1254,142,119,-42
-294,1677,-1253,247,46,-119
-290,1677,-1263,186,633,-147
-304,1677,-1263,263,575,-116
-303,1676,-1258,186,511,-186
