40,1817,719,-130,74,-86
53,1812,710,-17,145,-87
77,1824,723,117,674,-31
66,1827,710,105,313,-92
54,1822,698,100,413,-89
48,1828,702,250,137,-5
45,1832,692,246,151,-100
45,1828,687,247,124,-47
54,1823,684,550,-50,-43
70,1831,690,450,318,-98
78,1832,684,411,376,-109
74,1829,678,321,339,-63
73,1832,689,188,1038,-94
60,1832,697,301,372,-117
56,1827,703,481,50,25
65,1819,694,386,106,52
70,1825,693,331,362,-54
60,1836,699,44,385,-91
44,1834,702,116,14,-127
47,1830,699,139,219,15
63,1822,705,137,411,-9
70,1828,710,118,353,-86
67,1832,706,-64,373,-143
55,1828,692,72,-186,-16
62,1829,686,-17,810,-51
57,1832,692,235,403,-100
47,1829,686,349,41,-105
45,1829,684,244,-5,-86
54,1834,689,120,201,-33
64,1830,696,152,203,-27
72,1827,707,217,505,-55
65,1826,698,242,210,-39
62,1828,699,-9,699,-101
54,1830,689,98,-90,-29
47,1835,696,-112,-55,-100
54,1823,696,188,56,-58
71,1823,684,103,280,-31
76,1829,681,71,684,-79
67,1838,681,91,296,-153
66,1839,684,303,207,-189
67,1826,684,259,234,-131
61,1823,679,101,130,-107
74,1828,702,173,442,-200
83,1829,694,43,531,-173
68,1829,693,-59,520,-160
60,1823,703,62,499,-77
48,1821,704,276,-9,-40
55,1827,706,355,294,-66
58,1825,711,314,92,-132
50,1823,705,283,138,-124
54,1824,709,360,136,-128
65,1822,707,410,165,-77
62,1829,709,335,379,-119
55,1833,702,187,335,-93
40,1827,692,154,250,-43
40,1823,695,141,272,-101
50,1827,701,357,313,-128
53,1838,690,231,-15,-65
49,1832,686,196,191,-15
41,1831,691,76,454,-26
38,1826,681,177,-40,-80
53,1825,685,108,400,-130
64,1834,688,329,131,-47
65,1837,692,238,267,-8
59,1828,689,391,390,-110
62,1829,683,362,232,-110
71,1837,684,253,712,-86
48,1837,683,89,135,-116
45,1832,688,311,20,-56
64,1828,690,317,225,-30
67,1832,690,311,472,-46
56,1834,700,192,207,-228
61,1830,690,-18,421,-165
64,1829,692,-184,279,-108
68,1829,705,-187,503,-156
56,1827,704,-71,20,-178
54,1823,702,155,-5,-178
61,1834,689,-104,515,-235
53,1839,673,79,333,-144
42,1832,672,143,-4,-72
43,1833,682,442,-526,-58
64,1837,687,349,352,-136
76,1833,675,328,525,-148
68,1834,679,95,701,-281
51,1830,694,199,189,-190
45,1828,703,158,107,-116
43,1826,709,315,-46,-105
46,1827,707,158,-275,-112
49,1830,710,29,-311,-101
63,1819,709,122,-57,-40
85,1820,699,185,424,73
86,1830,695,121,773,-69
64,1828,701,107,780,-190
33,1831,706,503,132,-193
21,1834,696,180,194,-126
20,1827,681,189,333,-78
23,1834,683,181,41,-54
37,1835,678,231,177,-108
45,1838,677,129,330,-145
44,1834,682,159,170,-144
40,1833,684,216,404,-71
30,1833,687,200,120,-13
42,1830,686,252,134,22
45,1834,680,235,78,-29
47,1838,690,171,69,-100
51,1837,693,240,56,-106
52,1834,684,117,349,-107
55,1824,679,224,305,-51
63,1831,681,277,64,54
66,1838,674,109,359,-26
60,1842,680,-136,839,-41
44,1833,685,72,381,-111
44,1825,673,226,193,-33
46,1836,681,27,328,45
51,1837,686,209,292,2
62,1833,689,336,100,9
77,1832,690,86,494,-84
74,1834,679,-14,325,-115
63,1834,678,-87,305,-138
56,1837,688,-69,298,-4
46,1835,699,143,-47,30
36,1828,704,300,-100,-10
43,1831,695,231,-66,2
59,1833,692,-100,325,-91
68,1821,688,91,132,-137
73,1828,695,-22,199,-129
65,1830,699,91,410,-140
54,1826,701,192,441,-88
40,1825,700,34,227,31
33,1830,692,157,4,-56
43,1830,687,101,38,-132
55,1833,689,96,207,-119
56,1829,694,335,-246,-77
64,1827,699,380,107,4
69,1827,696,207,360,37
70,1826,700,270,411,-40
72,1829,698,216,552,-55
67,1831,687,54,607,-87
57,1826,687,176,263,16
54,1826,695,201,391,61
65,1826,697,303,652,92
61,1842,694,10,658,-83
46,1840,696,99,335,-160
33,1825,692,99,-127,-43
32,1816,694,426,-388,-26
55,1825,703,244,239,-97
71,1833,694,156,106,-45
74,1834,694,56,716,-139
68,1829,696,40,664,-96
51,1824,691,127,343,-138
45,1824,689,356,-96,-84
57,1830,691,265,82,3
68,1834,686,171,301,-50
69,1836,688,65,412,-59
56,1829,687,63,391,-137
45,1827,696,189,92,-47
48,1828,701,179,442,-67
52,1827,691,210,190,-7
46,1831,684,-55,304,-95
44,1828,687,112,91,-129
54,1830,695,173,184,-83
62,1829,698,187,401,-84
62,1828,694,180,200,-88
57,1827,689,163,121,-46
63,1830,697,279,-110,23
68,1830,694,250,271,-77
70,1832,693,115,470,-46
57,1829,693,42,445,-116
51,1827,692,74,134,-78
58,1827,695,80,579,-14
53,1835,694,128,256,-36
51,1836,691,103,338,-71
44,1823,672,219,-46,-98
53,1826,692,-1,299,-111
68,1826,704,210,107,-65
60,1834,694,206,534,-108
52,1834,691,25,97,-5
45,1826,698,184,112,-38
52,1828,703,130,-31,-78
57,1824,700,151,103,-204
76,1831,700,95,431,-157
86,1828,687,295,624,-129
85,1831,683,280,526,-67
75,1835,694,43,421,-23
53,1834,694,-7,321,-84
48,1830,690,-6,593,-137
38,1829,687,-191,513,-152
23,1828,677,14,-106,-160
24,1831,687,-1,-516,-38
33,1833,700,69,-496,14
66,1828,706,213,20,-25
91,1827,705,193,206,-38
89,1822,704,90,484,-153
78,1821,705,76,467,-171
60,1823,718,95,34,-122
49,1820,717,183,148,-60
50,1820,719,396,519,11
41,1826,712,306,29,-66
41,1826,703,175,142,-97
45,1823,704,165,-219,-84
58,1821,700,370,2,-61
73,1831,682,327,384,-54
77,1836,681,258,352,-136
79,1836,680,165,394,-125
57,1835,677,300,347,-148
55,1829,683,362,-144,0
60,1823,691,400,209,-9
64,1830,700,318,-35,-29
80,1832,704,185,333,-124
79,1832,696,87,687,-149
69,1829,698,23,507,-87
53,1819,708,106,636,-124
34,1823,710,72,40,-146
40,1830,715,105,-129,-62
52,1830,709,220,-317,-16
67,1828,704,277,288,-40
70,1828,690,197,599,-175
60,1828,677,298,193,-162
59,1833,682,294,370,-144
61,1837,690,328,302,-73
43,1833,679,194,16,-99
43,1828,675,473,145,-159
50,1831,673,546,-442,-77
69,1840,676,423,195,-126
84,1842,666,342,341,-96
84,1836,664,331,256,-135
84,1833,678,403,523,-185
70,1834,673,451,469,-111
58,1839,680,75,682,-138
47,1832,683,197,94,-84
47,1831,695,275,-144,-165
61,1827,693,211,-100,-65
66,1829,691,92,418,-174
57,1830,699,92,52,-124
60,1834,705,37,442,-103
48,1832,702,-88,261,-194
32,1828,706,-281,100,-180
34,1826,709,-147,-58,-162
49,1827,697,80,-341,-188
79,1825,689,292,-128,-175
107,1831,682,174,698,-49
89,1838,675,163,902,-147
58,1840,680,89,796,-154
34,1835,686,141,398,-193
25,1826,690,248,-65,-112
31,1826,690,155,-145,-43
56,1831,688,374,263,-42
75,1838,682,147,199,-112
78,1838,675,90,788,-169
64,1834,672,110,665,-184
45,1832,677,265,417,-219
34,1832,680,140,155,-142
37,1830,689,206,-241,-67
54,1830,692,53,335,-24
52,1832,685,2,115,-110
60,1834,689,186,151,-150
63,1829,685,314,300,-171
56,1834,692,207,633,-126
47,1833,703,264,88,-122
52,1827,699,270,454,-63
52,1829,685,159,317,-52
48,1836,674,67,181,-165
50,1835,676,112,269,-204
46,1834,681,362,116,-130
56,1837,693,422,716,-142
57,1832,686,386,625,-111
40,1835,688,327,441,-115
31,1830,692,376,109,-168
42,1829,685,363,-15,-99
52,1832,686,232,265,-113
54,1833,680,222,354,-128
47,1837,684,157,357,-117
29,1837,686,136,259,-177
21,1834,688,269,184,-101
19,1836,676,193,214,-55
24,1839,668,179,-195,-79
34,1838,673,215,-135,-67
44,1836,672,193,243,-70
54,1835,668,249,214,-50
60,1838,673,139,602,-106
46,1840,674,147,472,-118
44,1837,669,298,157,-77
36,1834,663,213,261,-21
42,1840,667,229,401,8
47,1841,669,237,179,-59
56,1840,665,302,654,-96
50,1841,669,294,59,-66
53,1839,684,202,451,-97
52,1832,686,156,116,-2
56,1833,685,29,276,-73
51,1836,679,130,105,-28
57,1838,677,208,763,-74
46,1842,675,129,588,15
18,1836,677,30,224,-137
14,1837,696,92,-159,-123
21,1840,694,112,-341,-2
41,1832,687,117,-47,-42
58,1833,683,111,26,10
66,1837,679,85,29,-39
78,1834,669,88,327,-84
80,1833,674,27,527,-126
72,1835,683,111,556,-124
55,1834,682,173,314,-78
49,1833,686,176,459,-73
45,1834,681,94,28,-45
46,1832,683,64,282,-51
37,1837,682,-53,185,-120
35,1833,695,62,128,-115
40,1827,693,248,189,-66
53,1838,696,88,317,-29
45,1837,689,48,100,-131
44,1829,674,113,187,-85
52,1832,679,122,288,-126
53,1839,681,78,194,-105
57,1839,687,146,496,-51
48,1834,684,201,265,-60
43,1834,680,227,6,-98
50,1834,679,153,404,-178
57,1834,679,298,382,-108
58,1837,682,293,188,-122
47,1834,686,381,231,-192
47,1833,684,289,287,-41
45,1833,681,107,428,-60
36,1829,674,152,274,-76
40,1843,687,200,400,-109
40,1840,688,411,191,-47
33,1833,683,347,223,-36
38,1835,685,398,263,24
51,1838,674,265,251,-96
63,1833,674,173,472,-166
61,1835,671,203,436,-149
43,1840,679,99,478,-163
29,1842,677,135,249,-80
29,1833,672,206,-51,4
42,1837,671,224,153,-20
49,1847,664,141,142,-142
59,1842,667,194,506,-198
52,1840,671,64,358,-121
46,1834,670,206,93,-61
60,1832,670,214,311,-57
63,1842,676,59,596,-94
47,1845,675,-87,318,-137
36,1831,680,-32,51,-112
42,1833,700,-34,-149,32
37,1839,700,13,124,-259
38,1830,681,198,-22,-166
46,1831,670,62,288,-14
39,1839,676,113,220,-134
38,1837,678,99,126,-134
44,1834,682,261,191,-132
50,1830,676,283,375,-100
56,1837,673,168,575,-46
44,1840,670,156,135,-139
36,1836,678,99,201,-123
35,1835,685,176,77,-123
41,1836,696,211,186,-153
41,1832,682,330,85,-51
35,1834,682,221,92,-70
34,1839,683,191,-52,-154
40,1831,682,240,19,-108
51,1832,683,107,273,-168
60,1827,685,129,34,2
58,1829,695,216,236,-66
46,1840,694,149,414,-216
43,1838,685,258,521,-181
34,1846,672,-21,209,-119
27,1841,664,155,-49,-118
33,1833,663,364,-60,-16
53,1832,661,479,-40,32
75,1841,656,279,633,-125
75,1843,650,85,955,-185
52,1838,661,49,519,-196
32,1837,676,143,399,-142
22,1838,681,231,130,-98
22,1843,691,133,205,-124
13,1841,688,143,-114,-139
25,1831,683,149,58,-72
37,1826,672,174,-152,-25
52,1833,678,135,253,-81
53,1841,690,11,246,-125
36,1834,680,-1,-60,-118
31,1828,690,2,150,-87
39,1829,698,185,173,-64
44,1838,688,253,105,-50
43,1836,671,222,382,-17
39,1836,669,139,209,36
34,1836,664,75,223,-56
32,1832,668,184,107,-71
52,1836,678,192,386,-67
54,1838,674,59,323,-123
51,1839,676,103,572,14
35,1837,674,178,225,22
37,1830,677,314,-83,-15
55,1837,682,329,196,-128
62,1840,682,221,239,-112
50,1840,681,16,401,-18
40,1835,685,39,310,-9
40,1833,693,139,256,-7
41,1832,681,357,-293,-23
55,1835,676,354,174,-103
63,1841,664,349,626,-11
48,1844,668,14,700,-141
32,1832,674,143,-80,-190
41,1831,680,203,42,-40
42,1837,686,139,19,-92
49,1831,681,319,-69,13
53,1836,676,129,118,-26
56,1835,677,137,283,-107
58,1832,678,51,312,-183
51,1837,681,122,184,-215
45,1835,687,18,119,-217
36,1825,676,420,-263,-128
55,1836,672,333,169,-40
60,1847,676,268,144,-2
47,1845,675,262,234,-228
36,1843,669,77,-139,-186
42,1839,679,235,-4,-236
58,1832,669,392,-287,-55
70,1835,661,291,655,-116
53,1846,673,173,577,-176
12,1844,666,150,108,-337
-4,1830,669,202,-488,-244
32,1832,686,164,-409,-51
67,1836,688,290,-245,-70
96,1836,690,385,413,-129
106,1845,684,176,757,-82
72,1842,677,3,927,-193
38,1834,675,65,498,-169
31,1834,672,158,271,-23
37,1840,669,143,250,-18
51,1839,666,212,595,-50
42,1842,665,169,293,-140
38,1843,662,313,35,-138
40,1841,666,182,431,-183
38,1839,672,179,208,-157
37,1836,670,315,-179,-123
48,1843,682,324,223,-150
53,1847,671,232,425,-157
40,1839,653,146,398,-163
28,1840,652,121,265,-111
26,1844,660,282,12,-118
24,1843,658,211,-258,-133
37,1839,661,222,-163,-70
50,1841,670,255,63,-141
47,1846,665,63,239,-176
54,1837,662,85,498,-83
42,1829,662,112,187,-76
33,1834,677,131,-21,-45
42,1835,693,201,105,-108
61,1834,690,206,240,-59
64,1836,680,123,228,-20
52,1838,685,-15,882,-138
34,1839,683,98,162,-158
32,1844,690,120,23,-66
32,1839,676,218,34,-24
42,1834,663,202,245,-60
50,1837,655,92,201,-70
43,1847,656,-17,238,-141
37,1845,664,-32,189,-120
41,1833,663,176,254,-70
36,1839,661,360,416,-82
37,1851,667,186,292,-90
33,1852,664,76,-197,-140
32,1841,663,78,250,-53
34,1834,665,47,-160,64
44,1832,663,285,-333,-10
64,1840,666,247,292,-80
75,1851,670,142,576,-123
63,1844,675,200,339,-163
43,1838,681,238,63,-97
35,1835,691,238,129,-78
37,1830,692,263,266,-29
45,1832,684,237,158,-85
56,1839,678,98,28,-119
52,1842,670,3,475,-111
46,1842,665,88,360,-7
44,1840,673,172,179,-35
42,1840,665,302,245,-29
38,1847,654,112,150,-43
33,1838,646,75,9,-57
35,1839,667,116,35,-103
49,1844,675,148,-5,-19
60,1840,674,297,138,-91
62,1836,670,365,231,-82
55,1849,663,322,215,-67
57,1851,658,242,289,-44
50,1843,649,278,240,-48
37,1840,651,91,313,-95
35,1834,664,408,58,-60
49,1838,665,165,-48,5
69,1839,665,275,202,-15
72,1841,666,3,936,-52
48,1842,683,99,315,-125
38,1837,691,284,342,-207
34,1833,690,352,26,-87
33,1838,689,302,-53,-98
47,1835,679,414,-377,17
77,1839,676,217,268,-33
81,1841,667,96,409,-137
78,1841,655,65,498,-56
65,1844,656,-142,963,-96
37,1841,658,111,82,-119
40,1849,666,250,322,-100
35,1853,658,338,207,-140
36,1846,646,285,-272,-40
49,1837,649,325,132,-78
68,1839,652,211,142,-46
75,1847,659,157,650,-85
62,1847,663,29,824,-104
35,1837,667,20,166,-135
35,1841,677,-96,196,-33
44,1850,686,-261,203,-67
50,1840,692,-447,100,-47
83,1830,720,-601,47,177
148,1834,763,-1336,1300,147
170,1814,799,-2255,1832,-323
163,1786,821,-3492,2304,-73
144,1752,864,-4218,4128,246
57,1724,915,-4398,2510,142
-41,1691,985,-3749,2114,289
-95,1636,1001,-2267,1490,947
-132,1648,1004,-2367,1844,1326
-190,1682,1047,-1977,1303,855
-260,1686,1070,-1198,-2940,345
-273,1646,1081,-421,-3317,424
-248,1607,1096,-59,-2343,695
-202,1611,1057,1442,-4094,1139
-90,1650,999,1783,-2839,1405
-26,1647,971,3142,-1971,1815
-6,1641,953,4139,-2855,2249
58,1654,901,4671,-1983,2346
71,1636,882,6049,-1604,2141
82,1641,880,7943,-2774,2080
138,1713,782,9082,-2661,1796
171,1799,618,10000,-3180,1671
256,1903,488,11176,-1833,1709
354,1982,304,12059,-1657,1612
481,2046,175,11183,2330,1384
495,2109,107,9138,5032,-499
274,2077,72,7912,2868,-1966
2,1981,71,8418,-1885,-1221
32,1901,72,10349,-6357,826
415,1876,-11,10284,-5472,2765
898,1931,-69,9554,1560,2648
1057,2022,-95,7664,8060,993
762,2111,-66,5667,9598,-931
207,2116,-19,4402,7209,-1892
-413,1978,18,5546,-920,-54
-676,1846,31,7761,-10814,3000
-457,1888,33,7531,-14889,3482
72,2001,-13,6374,-12785,3331
668,2089,-21,6098,-7713,702
911,2168,9,4424,-3449,-1660
799,2166,-16,3488,-4791,-2193
572,2147,-20,3549,-8290,-1882
320,2085,-65,2985,-9495,-446
88,2044,-117,1739,-12592,-413
-25,2084,-170,-473,-13986,-2500
28,2102,-236,-2396,-12857,-2779
54,1992,-348,-3031,-10469,-1300
62,1766,-609,-2744,-11672,-1798
304,1685,-696,-1725,-7314,-1434
456,1813,-657,-3232,1873,-1141
182,1899,-580,-3034,3549,-2228
-108,1878,-645,-1095,15,-2209
-83,1832,-730,191,-1630,-778
206,1800,-714,1938,1225,597
484,1967,-572,706,7429,1715
387,2125,-435,772,9186,1641
200,2099,-353,999,7094,444
133,2049,-284,1658,5226,852
115,2120,-259,1321,4723,1153
153,2154,-287,585,4751,217
186,1968,-345,1352,4255,125
305,1895,-346,2039,4314,1191
514,1993,-285,1253,7505,1118
477,1990,-320,1331,7073,-101
453,1871,-305,2434,6838,1117
503,1952,-235,1163,9447,1335
342,2107,-182,-16,9588,263
63,2113,-136,-586,5623,-754
-30,2003,-87,1669,1413,360
211,2038,-148,-218,3053,1192
282,2094,-254,-2519,5157,381
120,2103,-278,-3730,3559,136
-22,2031,-273,-2679,-839,-507
69,1924,-318,-1631,-2702,722
412,1940,-277,-1703,495,2154
668,2054,-243,-4300,6506,1536
429,2156,-287,-7142,6599,-1856
108,1976,-253,-4865,-1076,-636
226,1903,-175,-3812,-1906,885
583,1999,-153,-5147,5638,1417
609,2087,-231,-7450,8727,-1075
391,1990,-217,-8960,5568,-987
255,1979,-95,-9824,4956,-62
157,1983,-73,-8482,2502,-304
142,1972,-171,-8039,1050,693
280,1993,-120,-10073,1287,391
331,2068,-62,-10870,3277,-898
260,2046,-24,-10047,-984,-1315
340,1971,45,-9541,921,-493
424,1965,130,-9473,3659,-872
289,1970,184,-11018,3920,-1901
88,1945,359,-10412,1396,-2376
-16,1859,487,-8329,-2705,-1948
46,1806,588,-6919,-4044,-658
241,1774,675,-6488,-882,-637
371,1767,716,-7897,2697,-603
326,1715,793,-8494,4634,-1494
154,1693,881,-8301,4309,-2426
-8,1663,984,-7288,689,-2517
-85,1597,1042,-4775,-2132,-1403
-20,1552,1059,-3046,-2927,-488
148,1604,1068,-2402,-1037,152
242,1686,1022,-2159,1883,-596
245,1693,1024,-2284,5059,-889
89,1630,1094,-1510,4752,-1044
-79,1577,1114,-1143,1303,-1189
-145,1551,1163,-749,611,-1277
-120,1546,1205,46,-719,-1310
-55,1548,1147,314,-1259,-726
5,1575,1169,603,-146,-585
23,1589,1177,1250,-1023,-501
38,1574,1137,1584,-1269,-639
70,1558,1125,1591,-1385,-590
162,1564,1137,1633,-815,-325
232,1602,1128,1505,1096,-322
224,1612,1059,1146,851,-220
231,1614,1019,929,949,119
202,1646,984,975,1901,11
130,1679,973,911,1459,133
56,1701,947,779,1685,236
12,1711,929,590,284,-100
22,1706,901,439,-189,-70
39,1723,899,339,-615,-342
71,1726,888,509,-725,-515
97,1727,875,234,462,-211
94,1716,860,317,-783,-177
116,1719,884,677,-49,-179
122,1739,871,705,-276,-427
111,1740,856,519,-260,-232
107,1745,861,592,448,147
111,1742,852,916,-238,-149
120,1751,851,703,-22,-148
107,1748,844,803,94,-169
103,1730,861,472,-37,108
96,1728,888,326,276,-44
82,1716,883,277,-749,-254
102,1715,917,464,-636,-183
130,1726,905,740,-121,-109
141,1707,893,703,134,167
133,1703,924,698,599,29
121,1713,911,501,488,-16
112,1717,904,190,107,-154
109,1714,911,241,469,-235
91,1712,918,383,543,-291
75,1710,892,345,-127,-193
92,1719,892,247,227,-109
117,1733,890,379,202,-59
103,1741,875,440,-115,-264
92,1729,861,167,-19,-211
104,1721,877,315,418,-216
110,1736,884,351,686,-112
114,1736,874,378,132,-156
99,1735,863,344,20,-251
79,1735,855,441,-448,-216
106,1736,864,472,429,-17
104,1748,859,292,247,-21
101,1750,872,357,-451,-71
98,1741,887,443,233,-157
83,1733,871,752,-153,-225
115,1732,873,699,332,-145
125,1747,862,478,376,-244
122,1747,850,348,263,-245
128,1737,850,346,333,-36
122,1735,863,153,784,-48
106,1736,877,72,766,-120
92,1741,875,-96,259,-72
84,1745,862,116,79,-110
86,1747,851,209,-232,-76
97,1743,834,271,129,-48
114,1741,842,448,26,-28
130,1743,843,159,693,-75
113,1747,853,208,185,-179
98,1753,868,365,120,-335
96,1741,848,447,-593,-192
106,1741,846,421,197,-105
106,1747,850,504,-7,-102
127,1749,854,432,309,-57
108,1746,858,346,58,-287
107,1741,855,567,27,-235
126,1744,850,468,489,-79
120,1756,853,140,347,-222
107,1755,842,213,395,-165
111,1763,839,329,423,-35
109,1772,825,334,817,34
97,1769,808,450,275,4
87,1764,804,728,-42,38
87,1775,804,552,703,-76
85,1768,796,588,447,-126
84,1777,801,456,721,-107
80,1776,809,470,616,-142
79,1757,811,443,51,-132
80,1750,823,373,101,-40
80,1744,832,137,84,-197
85,1743,858,18,59,-311
98,1735,857,383,365,-256
99,1738,866,190,135,-269
105,1740,873,264,694,-148
85,1744,870,-175,321,-311
77,1742,888,95,-512,-287
103,1742,887,367,-374,-227
129,1749,837,154,201,-120
133,1758,823,53,1275,-139
114,1758,827,295,697,-146
87,1761,816,84,675,-136
65,1763,824,405,-367,-163
72,1771,825,245,388,-139
67,1760,804,327,262,-157
69,1749,809,321,683,-238
89,1764,826,290,592,-249
98,1769,816,196,528,-233
86,1775,823,101,573,-145
75,1776,840,332,93,8
66,1761,833,495,-92,-29
70,1752,827,428,-356,-3
97,1764,829,229,574,-48
97,1765,806,168,229,-198
98,1758,827,97,845,-187
94,1754,829,299,397,-33
89,1764,819,391,385,-25
80,1774,818,174,320,38
68,1775,821,66,237,-101
63,1771,820,199,-187,-67
78,1756,819,151,306,-113
87,1762,820,193,-19,-57
106,1767,816,-14,538,-1
95,1758,810,119,158,-20
92,1764,823,238,-247,-40
98,1777,826,101,494,-87
85,1769,828,142,524,-129
69,1754,823,248,215,-72
82,1749,826,411,178,22
98,1761,823,135,423,-27
78,1766,826,-30,161,-173
69,1758,842,281,-361,-33
95,1765,845,280,451,22
93,1772,829,164,489,6
79,1769,818,70,491,-87
68,1759,811,106,295,-23
69,1751,820,142,-176,-79
91,1759,829,328,194,-70
103,1769,827,179,167,-30
90,1778,827,135,481,-140
71,1765,813,78,35,-4
78,1761,819,0,99,67
80,1762,824,-5,288,-14
94,1759,829,-61,320,-100
95,1753,832,44,382,-105
79,1757,828,31,-201,-89
79,1760,841,-88,431,-67
72,1753,829,183,93,-75
86,1754,829,-53,462,-14
93,1756,844,-256,116,-74
95,1751,864,-561,368,-211
112,1722,911,-1179,363,-390
132,1684,990,-1562,735,-685
123,1696,1060,-2225,1086,-1214
96,1700,1094,-3046,722,-1733
90,1657,1095,-4223,1636,-1699
57,1579,1127,-4065,2315,-1284
-27,1491,1224,-1630,-217,-450
-99,1429,1218,315,-1970,541
-33,1451,1182,62,-1526,2003
51,1513,1233,68,2762,2061
-48,1489,1311,1243,2296,1467
-185,1442,1420,1951,1482,1010
-330,1375,1420,3815,-1108,713
-485,1368,1289,4685,-6009,1177
-478,1430,1261,7318,-6892,1977
-295,1478,1086,10489,-10337,3607
133,1554,900,11753,-6751,5228
507,1713,762,11789,-1505,4610
588,1923,608,11316,3389,1043
346,2039,364,11359,3093,-820
115,1974,140,12546,-579,203
200,1980,-41,13570,-2986,2099
503,2114,-136,11161,1790,1705
606,2162,-161,9537,3772,-13
476,2095,-79,9366,3106,221
395,2015,-46,10030,1006,773
376,1962,-50,10793,130,1577
424,2019,-51,9904,1564,1294
306,2088,-35,7885,3669,-1041
-69,2077,-18,6081,207,-2116
-347,1955,40,6909,-7212,-841
-282,1880,27,8165,-12713,540
75,1966,24,7621,-11461,729
481,2082,-27,7021,-9133,-321
802,2138,-79,5628,-6897,-1674
775,2175,-58,3787,-4732,-2469
449,2123,-40,4922,-10517,-2005
210,2195,-110,1767,-12665,-1220
65,2162,-160,1508,-16629,-617
80,2051,-265,759,-18753,-645
221,1975,-359,-769,-18039,-681
397,1967,-324,-1523,-13588,-1173
412,1963,-299,-2221,-10229,-1321
301,1921,-334,-2728,-9214,-983
169,1866,-527,-2450,-8677,-1303
185,1798,-737,-1669,-7553,-944
332,1691,-817,-67,-3364,-241
450,1687,-791,960,2455,511
403,1768,-662,718,6786,810
162,1726,-600,1927,6724,1553
17,1618,-678,3430,5413,2983
128,1774,-612,3209,8720,4281
130,2348,-265,-325,16908,2374
-322,2515,-90,-1313,10978,-2270
-590,2231,-226,1432,766,-2040
-339,2081,-491,2232,-1315,-22
148,2099,-562,1259,1274,774
520,2166,-449,393,4998,-182
715,2170,-335,-753,7630,-1228
744,2043,-284,-572,10519,-718
600,1932,-294,-1552,10926,-650
210,1951,-249,-1736,8083,-942
-201,1918,-196,554,677,-105
-45,1939,-130,2153,-3649,1279
481,2001,-162,-1396,2741,1234
637,1993,-204,-3312,9406,478
264,1982,-175,-2953,6058,-253
-20,1976,-163,-1429,-1826,291
181,2007,-205,-1406,-1006,935
437,2048,-292,-3925,3285,649
397,2004,-251,-3941,4210,426
267,1979,-151,-2964,427,810
247,2028,-128,-3965,52,712
322,1998,-74,-3811,158,538
478,1967,-110,-4378,884,1105
562,1931,-240,-4967,2259,1282
640,1953,-267,-5689,6169,2011
640,2009,-236,-6275,7617,630
416,2121,-146,-8709,10429,-1825
30,2097,-203,-8392,4027,-2468
-85,1897,-127,-5325,58,813
255,1840,-6,-3687,-726,3852
611,1947,3,-5724,4360,3652
686,2096,117,-8641,9958,1793
436,2127,237,-10593,9379,-1562
13,2032,199,-9889,2786,-2466
-139,1903,327,-7717,-1558,-710
35,1893,302,-8200,-2343,1849
368,1943,269,-9985,1785,1581
561,1913,353,-10149,4276,159
433,1929,437,-11457,4895,-1994
115,1895,491,-9627,3323,-3572
-80,1818,537,-8456,478,-2790
-20,1793,694,-7895,-103,-1814
143,1771,702,-9561,1112,-1656
247,1722,785,-8756,1464,-1886
318,1649,836,-6813,3941,-1006
262,1641,922,-6012,3044,-381
147,1621,1037,-5042,2387,-885
78,1608,1105,-3922,1687,-1417
111,1583,1085,-2512,1921,-927
176,1549,1095,-2246,3580,-208
120,1511,1141,-1254,3971,-15
-29,1520,1218,-1031,1936,-251
-144,1491,1295,335,-615,-926
-129,1470,1299,1915,-2613,-524
25,1487,1289,2627,-1631,212
169,1543,1246,3480,-514,742
206,1587,1184,3513,976,126
171,1596,1122,3579,722,-163
120,1622,1086,2953,1177,-44
102,1648,1081,2719,806,612
124,1672,1105,2557,388,1454
165,1690,1073,2668,1617,1888
203,1664,989,3197,3489,1862
208,1575,829,3519,5269,1861
124,1586,777,1108,10039,-80
-172,1717,902,182,7392,-2819
-516,1731,924,501,-876,-3746
-594,1512,849,4490,-12460,-1039
-106,1552,983,3906,-9540,4717
395,1873,1095,1234,3404,738
427,1949,887,-313,3221,-2522
265,1756,759,-1298,2732,-2450
120,1592,803,541,-131,-456
115,1652,890,1107,-1190,476
170,1746,908,609,-706,401
160,1761,887,29,450,-320
103,1768,897,-359,248,-571
97,1740,884,251,97,-581
118,1715,806,91,392,116
107,1741,833,180,332,147
86,1745,831,203,-494,-52
126,1735,883,230,106,-2
166,1765,878,-17,1395,-76
115,1777,835,-503,1327,-182
81,1759,822,-286,982,-40
80,1763,810,-129,481,9
91,1765,807,-81,390,-115
89,1771,801,-307,512,15
69,1769,801,-383,422,17
59,1761,818,-198,-17,128
75,1753,846,-42,-354,-42
96,1747,860,48,-194,-53
111,1745,869,291,155,-54
116,1736,863,71,399,-16
104,1728,889,52,27,-85
105,1727,897,106,-325,-167
107,1727,898,30,-491,-133
109,1725,903,214,-173,39
119,1721,899,497,307,28
119,1726,886,561,-237,-44
126,1727,868,568,-39,-121
140,1735,885,475,31,-50
137,1734,874,577,245,-58
113,1738,861,255,798,-128
119,1728,853,318,595,-67
130,1744,862,181,1399,1
97,1747,854,76,778,12
80,1741,866,248,511,78
65,1740,874,306,-97,-78
65,1737,860,333,-289,-145
80,1745,866,68,243,-107
85,1746,861,377,-237,-115
106,1745,849,293,13,-114
123,1747,853,273,651,-89
112,1745,854,328,429,-220
101,1741,846,144,343,-298
110,1741,856,341,149,-133
127,1754,856,230,859,-125
101,1745,842,479,786,-106
79,1740,845,404,99,-73
70,1742,861,524,114,-203
82,1749,851,168,-432,-183
106,1745,859,131,-138,-155
120,1731,871,412,-150,-251
140,1735,865,334,277,-149
135,1750,846,226,936,-89
107,1761,848,-49,851,-217
70,1747,846,99,105,-302
78,1747,851,202,-51,-238
103,1749,858,280,278,-197
115,1749,847,222,496,-143
126,1755,836,28,569,-48
121,1755,825,-188,987,-74
92,1753,833,-267,711,-157
65,1747,840,44,296,-163
53,1760,834,37,-683,-74
68,1762,829,229,-220,91
76,1749,839,426,154,-24
80,1752,820,483,-121,-32
81,1761,817,217,664,-310
72,1754,834,426,229,-385
72,1753,835,530,-25,-231
79,1757,852,698,-217,2
100,1739,842,782,-70,157
107,1742,836,329,465,49
100,1737,855,315,484,-211
87,1737,863,413,50,-238
76,1748,874,254,80,-249
81,1742,864,307,-491,-205
106,1741,870,238,179,0
111,1746,865,10,507,-67
97,1737,869,151,-155,-207
109,1732,870,128,311,-70
106,1746,865,151,804,53
90,1765,842,216,554,38
73,1773,822,-44,116,-45
56,1763,823,148,188,-158
57,1751,824,127,165,-120
68,1750,832,509,-61,-143
101,1758,836,633,327,-64
108,1765,825,534,628,-87
92,1770,820,316,376,-80
83,1758,818,514,290,-19
76,1756,822,564,190,0
78,1760,839,351,677,-161
68,1759,845,425,-344,-156
90,1748,828,218,189,-102
113,1749,837,234,716,-114
115,1768,850,274,283,-40
89,1763,837,175,582,-58
70,1752,825,230,-32,130
75,1755,839,147,613,-34
69,1756,837,267,-217,-92
78,1761,828,55,-15,-180
96,1762,833,9,221,-137
110,1761,833,192,644,-46
95,1766,819,82,343,-66
79,1760,827,179,132,-46
75,1761,825,164,148,-144
90,1759,812,-43,438,-189
96,1754,815,-57,608,-95
99,1768,819,23,833,-173
91,1767,813,24,497,-51
77,1760,819,59,302,-76
72,1758,833,69,164,-41
81,1759,831,83,619,-84
72,1762,835,-62,555,-216
57,1753,840,314,-96,-261
80,1756,843,398,-238,-109
91,1765,835,151,134,-113
101,1759,834,21,57,-43
103,1748,843,81,116,68
101,1746,857,-166,556,-89
95,1747,871,-548,413,-195
89,1740,885,-990,229,-315
88,1731,918,-1649,375,-525
92,1711,969,-2489,294,-827
98,1690,1026,-3731,204,-1139
103,1661,1058,-4964,592,-1048
120,1609,1072,-5440,2015,-461
113,1525,1109,-5291,3136,565
94,1435,1220,-4381,3060,1599
31,1385,1351,-3812,2593,1996
-60,1369,1488,-2396,3091,1661
-213,1395,1583,-2291,993,1235
-339,1359,1580,-390,1249,103
-436,1294,1540,725,-398,-610
-483,1261,1474,2031,-4915,277
-538,1288,1318,4653,-6850,1531
-416,1323,1133,8173,-9889,2632
-51,1381,945,9346,-8111,3952
239,1582,962,11174,-5453,4300
223,1842,812,12390,-6637,2529
111,2012,557,14224,-7159,503
259,2095,331,16162,-7767,774
622,2251,90,14344,-1537,162
810,2306,-38,10504,5981,-2644
580,2173,6,9645,3963,-3704
277,2004,89,10400,-1187,-2369
254,1874,137,11149,-4431,-732
399,1822,116,11315,-2574,1058
550,1885,122,11345,-1007,1716
522,2014,101,9345,2126,-863
235,2083,119,7038,3119,-3275
-109,1923,125,8600,-4661,-2343
-14,1787,184,10238,-9193,486
413,1808,110,10027,-7784,1353
788,1948,66,7927,-1727,645
808,2085,106,6835,-325,-2047
464,2211,118,5922,-2394,-2586
64,2194,-62,5504,-11595,-1849
-91,2109,-213,6723,-15091,-1360
107,2121,-316,4921,-17716,-1445
305,2113,-315,2476,-13534,-1464
311,2018,-270,1511,-12554,-1288
305,1921,-162,339,-11195,-1076
282,1871,-121,-1274,-9457,-326
223,1811,-240,-2378,-6306,-85
164,1837,-481,-2193,-3438,-125
125,1923,-664,-1670,728,-715
-16,1882,-749,-1362,2357,-1046
-129,1876,-738,-784,2171,-88
-205,1872,-688,-240,2490,97
-191,1901,-634,58,3179,-55
-127,2026,-586,335,3157,657
-16,2056,-587,1280,2808,980
206,1990,-598,2217,4833,1412
424,1967,-547,1936,7482,1784
549,1958,-471,1548,11541,1828
492,2006,-371,1933,10764,819
449,2023,-307,876,10742,36
371,2092,-268,-522,13661,-228
144,2106,-234,-2200,12429,-342
-146,2021,-218,-149,3769,149
-108,1916,-258,1865,-1517,1828
275,1980,-241,1002,1886,1647
690,2076,-215,-1383,8661,530
624,2184,-170,-4313,11894,-954
154,2133,-151,-3452,5383,-1884
-66,1950,-180,-507,-1403,362
208,1928,-229,-1292,793,1911
453,2011,-209,-2506,6099,1277
319,2069,-148,-3176,5087,458
165,1998,-84,-2007,435,722
249,1977,-86,-2608,659,891
425,2017,-114,-3809,3054,821
411,2030,-107,-4761,4037,530
281,1997,-105,-5230,4371,277
110,2010,-28,-5446,1630,139
104,2054,-43,-7457,1683,784
178,2013,-161,-8583,742,395
254,1900,-148,-6743,-1108,1094
463,1932,-163,-7049,1426,1213
629,2055,-175,-10530,5347,-260
475,2117,-198,-12684,4998,-2079
240,2044,-89,-11998,2890,-1650
148,1938,9,-10389,191,-710
243,1900,129,-10439,1023,36
272,1995,141,-11414,3006,-632
204,1966,178,-12421,537,-2362
141,1873,384,-13226,1000,-3441
56,1818,581,-11577,-660,-3217
8,1755,629,-10379,-3334,-2403
232,1736,727,-8333,-2098,-1548
566,1743,729,-7447,-36,-811
725,1761,764,-8951,7207,-1541
479,1722,824,-8848,8754,-2573
132,1639,965,-7193,6697,-2058
-139,1559,1069,-5779,1892,-1263
-224,1486,1173,-4065,-126,-1299
-176,1466,1196,-2687,-1979,-1200
-25,1526,1220,-1953,41,-1088
10,1540,1208,-779,722,-617
-41,1506,1251,531,811,-594
-111,1469,1283,1875,-1,-310
-193,1458,1327,2581,-1369,-308
-190,1422,1357,4146,-4185,-370
-38,1420,1381,4407,-4856,-74
185,1463,1365,3353,-2876,124
328,1495,1319,1757,561,-525
340,1501,1272,1098,1956,-506
272,1515,1229,843,2439,-349
161,1531,1210,1438,2150,-394
91,1538,1194,1386,2248,-246
96,1572,1123,914,1266,490
37,1668,1040,-345,1472,379
-73,1696,1024,-319,634,-677
-68,1642,1047,655,-396,-763
0,1639,1010,701,-136,-663
32,1689,954,452,2131,-1043
29,1695,922,44,-1052,-874
119,1680,949,898,-505,-408
230,1685,903,431,1151,75
279,1678,882,166,2639,333
236,1679,875,419,2919,728
118,1728,923,177,3076,344
-31,1736,916,264,696,-244
-89,1713,891,317,-22,-401
-72,1689,886,455,-809,-216
21,1706,912,524,-46,-91
77,1728,924,445,185,-306
93,1712,933,620,-356,-208
103,1686,929,634,-56,194
112,1685,937,604,560,286
104,1701,940,280,1154,218
71,1708,937,253,940,-59
45,1707,897,371,107,129
39,1698,906,431,155,327
52,1706,919,543,337,339
37,1709,918,512,185,51
42,1718,932,324,456,-122
45,1705,940,344,-306,-158
57,1691,933,351,-417,-167
88,1691,932,212,-70,-86
106,1686,925,17,178,5
124,1688,963,474,905,8
107,1703,965,322,1001,-74
56,1703,940,284,192,-161
20,1693,935,368,160,-95
33,1690,932,625,-31,-151
73,1713,922,433,611,-184
81,1732,912,-27,757,-303
48,1715,901,325,-408,-273
54,1696,901,293,-20,-178
82,1703,917,201,432,94
86,1713,923,-63,899,-2
73,1698,926,61,431,-50
69,1696,936,70,218,-53
43,1688,932,-11,-164,-122
44,1685,957,180,-346,-151
62,1696,972,147,-214,-91
70,1690,972,32,146,-180
76,1680,974,110,243,-189
87,1681,964,195,229,-37
85,1692,954,5,382,-16
57,1690,946,-17,377,-42
44,1688,943,58,-43,-37
48,1698,952,-133,107,-151
50,1709,949,12,372,-347
51,1708,930,83,-183,-328
50,1699,929,196,9,-162
71,1697,923,407,238,-10
93,1713,913,116,694,-25
81,1707,926,320,467,-115
79,1698,945,494,199,-107
80,1694,936,430,291,-91
75,1702,923,272,581,-67
58,1712,924,94,460,-125
40,1707,913,327,457,-117
43,1708,908,587,51,-161
54,1714,903,743,-1,-179
71,1713,902,764,54,-113
83,1716,910,660,296,-37
72,1715,925,416,280,-218
52,1716,928,272,177,-263
46,1700,907,112,-40,-281
57,1696,921,270,157,-222
73,1711,922,144,429,-215
76,1720,932,275,214,-171
59,1716,946,372,15,-265
41,1696,925,605,-602,-193
49,1700,916,417,-682,-194
73,1719,920,103,-77,-280
90,1706,918,246,99,-210
102,1706,909,159,514,-177
104,1723,904,58,926,-37
74,1721,904,125,1009,-26
33,1718,900,395,117,-97
31,1709,890,374,369,-125
39,1715,902,461,184,-209
50,1726,913,541,-16,-226
64,1722,903,561,75,-182
81,1714,894,503,456,-31
73,1713,894,549,808,1
56,1712,914,520,278,-155
46,1718,925,546,150,-142
39,1727,925,457,126,-199
34,1714,925,598,-121,-101
38,1708,903,805,-114,-8
52,1725,892,541,509,0
54,1726,893,418,701,-93
28,1727,894,281,78,-284
19,1721,908,449,-98,-239
31,1705,894,457,-301,-152
64,1718,905,321,568,-40
82,1721,913,224,366,-126
79,1726,929,-130,871,-141
66,1719,930,-21,304,-32
57,1707,916,100,395,-43
42,1710,915,121,484,18
32,1725,906,-61,32,-150
31,1724,903,53,32,-226
47,1714,909,161,-115,-174
82,1720,896,-12,575,-175
78,1736,888,-213,686,-35
54,1728,891,88,502,-41
37,1715,887,185,-54,-84
50,1726,878,196,446,-87
39,1747,886,38,292,-291
37,1738,903,149,438,-202
45,1719,893,414,115,26
59,1717,881,165,386,-7
61,1725,884,74,231,-38
55,1726,891,176,335,-210
57,1726,896,142,427,-88
42,1735,910,183,897,-178
11,1722,892,444,-329,-93
29,1719,883,266,3,33
53,1721,883,216,95,-90
67,1724,893,150,387,-142
65,1730,889,129,745,-92
49,1730,897,22,391,-37
46,1731,904,158,311,-24
41,1724,898,351,165,-87
36,1714,885,317,-321,-114
53,1732,908,70,470,-177
51,1732,900,26,108,-201
51,1721,904,-82,232,-109
60,1709,903,109,613,-65
60,1718,910,252,120,-111
63,1728,894,114,531,-171
49,1727,887,219,410,-169
42,1726,897,-47,602,-102
31,1722,901,107,71,-107
47,1724,902,-31,322,-151
37,1726,892,78,-52,-148
29,1722,882,99,80,-196
50,1724,880,306,275,-169
53,1740,886,54,499,-195
35,1731,901,28,104,-184
24,1707,906,545,-476,-200
50,1711,893,497,-104,-209
82,1735,889,418,693,-260
57,1745,891,219,438,-257
43,1728,899,-1,105,-69
37,1708,910,-181,-142,-62
51,1704,934,-615,-83,-238
74,1706,976,-1341,-210,-221
99,1710,1020,-2215,-50,76
127,1663,1052,-2962,1114,667
124,1576,1128,-3075,2619,1245
55,1490,1259,-3066,2967,1873
-20,1430,1409,-3267,3036,2021
-85,1378,1538,-3880,3474,1455
-188,1335,1638,-4835,2579,646
-337,1307,1802,-4498,267,-706
-468,1190,1904,-1203,-1284,-2025
-480,1041,1668,2677,-4829,-1537
-353,1043,1448,2090,-7661,690
-267,1147,1290,4661,-7015,2336
-113,1297,1208,6364,-4248,1395
27,1391,957,8268,-6421,2503
-37,1501,878,10439,-4094,3072
-46,1679,755,13983,-10124,2889
136,1992,437,14437,-9111,4218
440,2253,183,14449,-4102,3137
747,2355,28,12632,1890,561
767,2336,-66,9406,6007,-2693
436,2217,-65,9204,3161,-3108
195,2043,-37,10313,-3358,-1289
256,1941,-14,10478,-4711,306
467,1927,80,10339,-2471,1454
599,1960,171,9456,-336,796
504,2027,279,7429,2586,-1214
187,2053,363,6593,1479,-2901
-221,1978,399,6554,-4662,-3359
-347,1805,380,9943,-13531,-1093
181,1734,201,11882,-14193,1707
929,1965,91,9573,-4519,1267
1269,2207,109,7232,4764,-2798
969,2238,118,6142,3963,-3123
458,2033,13,7042,-2439,-1381
168,1980,-118,7601,-9140,-574
171,2117,-215,5248,-9496,-82
24,2107,-175,4312,-8812,-916
-220,2012,-186,3201,-13167,-2488
-144,1927,-203,2130,-14182,-2448
79,1839,-310,2119,-11379,-1885
359,1787,-426,610,-5943,-184
385,1808,-560,-778,-2068,606
152,1727,-651,249,-1543,-495
183,1715,-622,358,3249,-898
98,1840,-484,-497,8500,-1095
-148,1963,-454,59,4453,-1118
-92,2056,-457,-60,4226,341
16,2025,-474,363,6869,419
62,2066,-470,1317,7797,394
173,2198,-522,1614,5920,964
459,2198,-532,969,8831,1784
555,2117,-503,-550,14931,1311
302,2080,-421,-813,15918,197
-117,2053,-397,863,6482,-933
-275,2015,-377,986,1769,165
-35,1963,-327,912,-497,824
182,2000,-272,-677,2394,677
288,1995,-236,-646,1205,864
404,1979,-261,-884,2910,249
462,1961,-235,-2089,3809,234
506,2064,-96,-3621,5721,348
260,2138,-165,-3889,2908,-771
67,1998,-241,-2506,-795,141
143,2025,-265,-3964,673,381
306,1972,-294,-2431,475,1226
539,1983,-281,-3339,3302,2564
532,2092,-349,-5170,5686,538
340,2021,-365,-4456,3341,-195
369,1947,-281,-3969,2768,-388
594,2010,-200,-5703,6832,190
599,2062,-136,-5890,9581,312
354,1962,-92,-6637,6698,-394
225,1904,40,-6476,5011,869
176,2004,56,-6683,4050,326
134,2028,-10,-8422,3836,-526
157,2037,-12,-10292,3565,-687
151,2000,25,-11107,2836,-883
85,1958,120,-10421,83,-660
100,1954,149,-10283,-1491,292
226,1927,159,-11444,1862,386
227,1962,185,-15177,5942,-573
-30,1926,335,-14785,1451,-2671
-286,1864,401,-10892,-7392,-3338
-217,1801,476,-9094,-10527,-1366
202,1766,629,-7090,-8525,-430
667,1813,759,-8261,-2125,-1528
792,1769,872,-8959,3127,-3549
638,1670,998,-8486,4938,-4277
374,1553,1091,-7986,4948,-3794
164,1435,1188,-6401,3365,-2778
114,1359,1290,-4817,2611,-1864
150,1366,1306,-4135,2132,-970
46,1410,1229,-2482,1390,-93
-124,1443,1272,-682,-286,-43
-276,1460,1349,1705,-4895,401
-211,1487,1453,3825,-6264,831
12,1513,1428,3325,-2371,-244
47,1455,1344,1865,-1050,-1806
53,1422,1313,2159,-1288,-1554
99,1488,1225,2489,-2713,-744
236,1554,1166,2715,-1606,-753
395,1570,1052,1838,1275,266
432,1580,1015,933,5051,1210
301,1617,1041,1421,4007,1655
99,1650,1020,1656,-178,1732
1,1680,1030,1049,532,1530
-53,1669,1041,1146,1286,990
-119,1647,1007,1765,-421,568
-128,1686,973,2284,-1963,123
-39,1726,957,2598,-2174,-499
82,1731,902,1838,-490,-1087
170,1685,896,2010,1490,-1524
217,1646,909,2293,396,-307
276,1711,972,1886,1765,-345
297,1733,953,1818,281,-857
322,1713,902,381,2306,-335
291,1706,868,-70,2093,147
232,1712,813,-970,2937,251
175,1764,809,-1279,2777,314
125,1769,762,-628,1481,232
103,1769,717,-683,1592,232
58,1799,703,-890,1684,171
16,1800,710,-969,901,-127
7,1784,725,-1278,-496,-398
47,1747,809,-1095,-1625,-286
144,1727,876,-903,-1291,-319
222,1718,881,-1280,-822,-190
236,1715,910,-1570,304,-333
225,1695,919,-1339,-96,-356
227,1688,902,-1365,1021,-281
170,1693,923,-1290,627,-524
110,1698,957,-890,-86,-477
100,1710,988,-193,-598,-294
93,1702,981,236,-719,-300
88,1676,1007,762,-1017,-270
95,1660,1012,923,-1147,-390
118,1669,1005,606,-1159,-674
159,1664,1011,581,-447,-758
188,1667,989,-47,961,-597
170,1656,974,320,197,-330
163,1666,983,442,119,-99
145,1687,973,2,852,-197
82,1675,967,-144,333,-284
54,1644,1008,657,-642,-318
99,1661,1010,864,-1153,-244
163,1680,976,353,277,-274
182,1666,959,198,472,-187
173,1660,957,403,601,-209
171,1676,950,363,247,96
147,1699,970,-90,914,86
94,1689,980,41,-145,19
67,1671,963,150,-857,-6
102,1670,944,381,-587,179
152,1688,930,-43,371,73
164,1700,935,-24,882,-86
144,1687,946,125,336,80
124,1681,950,-99,247,99
111,1683,948,-216,175,-25
104,1686,942,100,-156,-46
132,1701,924,-11,-162,-185
137,1706,923,130,690,-217
141,1703,910,475,312,-114
125,1706,906,309,349,-65
116,1702,912,518,-64,-199
131,1695,931,381,8,-149
142,1697,947,377,245,-214
155,1690,940,376,-118,-62
179,1690,933,440,660,107
161,1693,927,446,185,71
142,1693,934,421,506,69
130,1691,943,585,210,53
150,1686,941,565,482,294
160,1688,940,289,864,211
132,1702,950,154,785,-204
99,1695,941,254,260,-414
103,1679,932,320,340,-221
116,1691,934,218,29,-76
122,1694,943,307,-219,-35
143,1690,940,151,-273,202
158,1691,940,155,126,5
146,1694,940,269,479,-135
125,1697,926,170,261,-153
120,1696,929,477,125,-58
132,1708,929,314,144,-56
146,1709,914,195,499,-91
136,1703,908,361,165,5
126,1709,912,268,336,-118
120,1702,909,496,-194,-68
122,1703,918,446,-25,-118
129,1702,925,566,-73,-259
147,1710,936,440,291,-189
143,1718,918,202,539,-303
150,1703,895,267,300,-11
157,1695,921,529,142,-29
155,1708,923,254,394,-147
132,1705,917,226,221,-169
129,1700,925,367,158,-85
146,1701,927,344,476,-113
132,1709,918,335,237,-249
139,1707,919,205,352,-348
156,1704,926,385,-21,-232
178,1710,930,223,687,-168
171,1707,909,100,637,-92
153,1696,919,194,951,-244
146,1687,917,275,561,-181
137,1695,934,186,605,-179
108,1710,939,53,678,-172
83,1709,926,55,98,-196
80,1695,915,163,-486,-183
112,1710,925,188,-9,-260
131,1715,923,118,263,-400
139,1699,913,272,244,-230
143,1701,908,126,453,-126
140,1709,919,271,547,-41
124,1710,918,274,265,-45
120,1709,917,345,8,21
129,1709,915,214,302,152
125,1706,914,214,420,110
118,1696,914,500,148,179
140,1699,920,569,738,384
135,1710,919,468,459,174
112,1716,912,327,733,33
75,1724,907,155,16,-150
69,1719,920,307,-464,-97
88,1705,906,613,-837,-10
145,1717,896,470,-37,169
164,1727,883,57,508,-5
142,1722,891,-32,438,-166
130,1700,909,276,340,-255
137,1696,897,443,257,-15
148,1720,905,92,1029,-8
123,1722,915,239,384,-114
105,1701,905,356,241,-32
122,1702,899,193,43,121
143,1735,909,36,458,-73
135,1740,913,39,472,-170
97,1711,907,-4,-543,-158
102,1702,910,240,-735,-175
139,1716,910,-111,-380,-210
162,1719,922,-719,383,-469
149,1699,952,-1097,-2,-726
149,1670,1035,-1405,-94,-770
179,1650,1128,-1537,-37,-863
201,1637,1168,-2506,710,-1163
179,1596,1160,-3972,2105,-1207
132,1513,1182,-4736,3486,-987
66,1403,1229,-4049,2830,-447
37,1336,1326,-2770,3191,521
-21,1326,1444,-1345,697,1253
-73,1320,1516,-44,122,1798
-160,1347,1572,352,-139,1398
-234,1292,1579,1700,-697,1203
-196,1197,1476,3816,-3135,2689
-81,1198,1331,5658,-3827,4050
70,1329,1249,6637,-1296,4832
115,1447,1144,9763,-2895,4812
131,1596,993,11452,-1267,4541
160,1755,865,13042,-2081,3279
192,1932,679,12724,568,2072
211,2034,426,14175,-1937,1208
284,2109,266,13669,-55,419
282,2167,59,12818,1115,-1357
230,2143,-30,11472,-60,-2305
198,2080,-32,11461,-1781,-2026
274,1979,-26,11680,-4030,-655
533,1911,-33,12035,-4856,763
784,1940,-12,10850,-1394,1196
746,2001,59,9524,1695,99
522,1993,69,9057,1270,-1005
251,1969,60,8369,326,-1380
-86,2009,-11,7323,-1560,-1891
-403,1984,-29,8030,-8508,-1753
-291,1905,-55,9368,-13440,-68
217,1887,-43,10113,-12274,1413
665,2092,-18,6947,-7435,-773
680,2138,3,6959,-7080,-1180
577,2136,-62,7168,-12058,-1253
516,2188,-255,6015,-13829,-1869
463,2187,-293,3585,-12382,-1251
290,2122,-260,2515,-13433,-1009
181,2080,-180,1008,-15153,-2221
228,2076,-149,-1439,-14857,-1122
295,2045,-81,-3997,-9020,-379
205,1884,-261,-4301,-9002,-160
166,1690,-564,-3893,-7390,-366
261,1611,-733,-1033,-3123,-232
386,1788,-740,-2166,3624,115
202,1908,-647,-2100,4576,418
-51,1857,-614,-1131,3874,916
-235,1814,-686,107,2403,470
-244,1853,-700,1075,2324,-77
-86,1953,-601,513,5610,-167
13,2074,-501,470,7259,1204
-6,2131,-517,1089,5453,1391
25,2087,-580,2438,2719,1247
291,2054,-565,1761,4439,2135
510,2003,-440,435,9527,1375
413,2051,-351,-1050,10907,936
113,2086,-320,-462,5728,146
-58,2074,-381,660,381,684
118,2012,-343,494,-559,711
396,2066,-235,-2212,4235,386
387,2078,-142,-1979,3215,-305
271,2167,-233,-1977,2387,-680
203,1969,-374,682,-2209,-847
444,1889,-352,134,1151,1365
607,2023,-309,-2124,7130,0
383,2065,-217,-2941,6236,-738
118,1978,-179,-1932,1279,-613
53,1946,-193,-900,-1271,-163
223,1914,-263,-624,-482,1573
470,1947,-257,-1212,2730,1729
564,2024,-227,-3266,7331,-422
308,2025,-154,-3584,4711,-1346
33,1976,-96,-1691,-1101,-363
178,1950,-118,-384,-4119,1761
617,1996,-185,-2304,3094,2203
612,2081,-194,-5727,8686,-1517
178,1999,-186,-3469,2643,-1407
82,1955,-86,-2544,-630,383
293,2029,-119,-3885,157,490
435,2053,-175,-6076,4641,-267
305,1941,-137,-5100,2128,-212
262,1922,-81,-4156,1004,1386
382,1990,-27,-6001,3805,774
351,2043,-47,-7515,3708,-379
207,2042,-46,-7916,5127,-993
57,1967,-10,-7317,175,-801
78,1955,64,-8091,3305,94
105,1961,96,-8004,-206,-144
180,1950,139,-7967,-2405,65
371,1934,154,-7915,-1068,552
574,1937,278,-8868,2932,176
607,1929,368,-11390,7579,-1246
314,1862,493,-11790,6085,-3224
-18,1768,687,-11274,-183,-3594
-96,1687,819,-9708,-7843,-2228
255,1654,751,-8749,-5168,-401
626,1719,690,-11371,765,-391
801,1780,669,-11039,9143,-1155
644,1884,585,-11325,9157,-2109
313,1949,609,-10831,8290,-3134
17,1899,676,-9337,4403,-2515
-142,1772,779,-6872,748,-1242
-110,1658,834,-4930,-540,-59
2,1624,878,-2654,-221,1536
122,1667,926,-2504,3388,2152
7,1655,1017,-1505,3351,2297
-270,1573,1105,617,1130,628
-479,1466,1169,3052,-3684,-1
-458,1397,1329,5870,-8043,169
-101,1416,1474,7534,-7560,973
394,1470,1533,7420,-3474,1535
721,1529,1503,6287,1315,2930
811,1550,1385,4599,7162,2785
681,1422,1296,4983,15317,36
332,1293,1043,4172,15291,-3636
-111,1375,907,1269,9558,-5267
-674,1491,876,1564,1093,-3393
-869,1340,813,7223,-12060,1284
-468,1473,1028,7357,-14665,7896
156,1980,1326,1353,608,4422
177,2184,1208,-1116,3130,-4182
-38,1913,806,-513,-5841,-5620
-3,1561,600,2048,-10205,-810
443,1532,720,3061,-1982,3097
798,1732,802,1335,4899,2558
660,1873,836,-816,6355,192
295,1861,942,-1193,4198,-1606
-68,1788,979,-1060,479,-1243
-214,1691,935,-96,-3740,-229
-91,1656,896,403,-3960,1009
164,1688,843,838,-2623,1488
383,1733,809,-61,522,1520
463,1771,844,-943,3050,1445
384,1801,928,-1446,5095,206
211,1784,911,-1532,3397,-700
60,1742,848,-1204,1225,-371
7,1721,812,-416,618,157
69,1729,799,261,35,410
183,1761,784,137,945,653
227,1799,793,-980,3400,272
158,1789,785,-919,2524,-79
70,1756,789,-662,1606,-277
23,1722,824,-175,-431,162
55,1720,852,-11,-350,420
120,1734,867,-113,-215,625
193,1733,861,-151,486,679
237,1726,868,-222,1359,338
204,1745,889,-632,1654,94
130,1751,907,-308,1738,-296
69,1729,887,-181,655,-415
87,1715,862,284,180,63
111,1745,828,-251,807,73
122,1752,827,46,-289,16
157,1740,829,210,67,-58
179,1736,831,576,486,-101
175,1753,846,215,1553,-136
130,1741,859,242,1285,-252
119,1717,844,310,446,117
116,1716,840,316,516,174
118,1718,854,496,-302,118
141,1725,868,645,-168,141
164,1734,879,276,557,161
157,1743,892,58,1469,-48
112,1726,890,160,629,-116
120,1720,904,-45,65,96
140,1736,915,70,514,-17
139,1727,898,-75,144,5
152,1711,885,373,166,188
172,1715,892,315,1141,162
178,1721,908,377,1090,37
169,1721,902,503,373,163
177,1733,915,257,1102,134
168,1722,886,178,847,76
146,1720,874,-232,1400,56
113,1715,873,111,639,88
111,1728,878,113,477,183
120,1745,881,276,829,154
111,1746,869,495,655,109
91,1741,847,407,901,-152
80,1738,846,478,432,-280
83,1747,859,335,508,-558
75,1742,865,182,-56,-386
97,1728,881,354,-386,-108
135,1722,877,237,323,21
148,1727,891,32,654,-89
138,1737,888,32,1072,-211
100,1726,866,24,854,-321
75,1728,880,-3,91,-426
74,1739,880,12,-341,-284
86,1730,883,649,-844,-279
139,1719,868,479,-699,-99
189,1732,868,205,1062,-29
175,1753,864,-331,1413,-193
127,1739,858,-265,608,-191
98,1728,867,89,500,-140
91,1724,868,116,-174,-202
88,1737,878,-34,-153,-265
108,1735,871,-10,-172,-251
146,1726,866,18,447,-116
159,1731,876,-169,985,-73
136,1726,889,82,894,-250
124,1728,895,299,1053,-369
104,1725,884,214,549,-251
103,1724,884,601,412,-189
116,1729,872,602,568,-137
117,1732,871,503,657,-143
112,1739,877,426,890,-363
89,1740,864,236,113,-227
88,1733,879,144,634,-284
63,1736,884,-39,306,-468
43,1728,894,-210,-307,-537
75,1701,910,109,-575,-250
105,1718,905,0,-55,-61
133,1735,912,-214,889,-71
115,1725,911,-190,767,-243
96,1720,899,-333,469,-406
75,1723,886,-466,248,-460
73,1722,910,-436,665,-403
91,1709,902,-41,-581,-250
125,1717,871,-9,575,-60
117,1733,863,-215,1249,-85
90,1743,867,30,1279,-81
51,1741,856,27,796,-213
11,1734,849,53,138,-200
4,1720,876,222,-230,-141
31,1719,905,523,-750,-126
84,1722,905,462,178,-114
112,1721,894,152,956,-103
113,1722,905,-44,1437,-165
80,1719,912,-54,1006,-144
40,1715,922,25,195,-229
28,1714,927,256,-326,-11
49,1716,910,289,32,22
64,1722,903,135,410,-133
65,1729,892,192,190,-20
71,1721,887,162,595,-200
76,1720,882,309,479,-103
77,1729,881,302,268,-40
76,1728,896,455,469,95
85,1722,891,502,261,240
110,1717,881,538,689,427
103,1723,873,303,1273,281
66,1732,886,505,838,-123
30,1734,886,430,173,-226
11,1732,871,564,-88,-298
15,1730,872,424,-565,-258
51,1733,881,182,-493,-143
88,1736,882,26,247,-64
108,1729,891,-265,492,-27
109,1722,895,-176,722,-79
90,1714,916,251,199,-117
97,1726,902,474,336,-72
94,1738,865,-71,635,-55
78,1735,871,-483,533,-35
64,1718,918,-711,128,-122
81,1704,960,-1024,-129,-246
121,1702,1003,-1728,-29,-394
150,1695,1026,-3148,362,-459
146,1656,1063,-4705,2272,-272
107,1581,1124,-5186,2425,225
92,1484,1215,-4269,1604,1193
110,1402,1313,-3145,1658,2198
116,1352,1410,-2945,2685,2759
60,1343,1498,-3484,3868,2500
-47,1370,1654,-3518,5548,1865
-242,1335,1760,-2067,2240,751
-394,1271,1761,346,92,328
-507,1256,1655,1096,-315,-14
-591,1195,1495,2222,-6204,510
-446,1132,1348,5614,-6498,1217
-167,1136,1194,8816,-10112,3045
158,1305,1047,9769,-5669,3251
268,1594,916,12629,-7714,3893
326,1880,625,14421,-5339,3892
369,2079,355,14439,-2677,2405
413,2213,224,15092,-193,827
318,2337,95,14118,2089,-1418
171,2313,-8,13114,1313,-2853
108,2135,-34,12533,-363,-2996
144,1974,-67,14201,-4618,-1533
395,1914,-104,13317,-3225,835
722,1901,-35,11900,877,1148
746,1985,158,10403,4416,-24
383,2052,220,8419,3543,-2736
-60,1960,255,7919,-2459,-3500
-268,1836,214,8756,-8327,-1765
-104,1797,188,9422,-11645,79
342,1902,186,9683,-10362,1250
736,2097,120,6668,-4131,-843
753,2205,70,5237,-1585,-3449
513,2229,30,5465,-4794,-4463
237,2124,-66,5870,-9993,-2527
122,2023,-224,5752,-15702,-221
111,1996,-310,4893,-17213,666
307,1964,-380,2545,-14546,5
349,1969,-289,1562,-11865,-239
246,1944,-197,238,-11130,311
160,1877,-165,-601,-11601,884
151,1803,-271,-1682,-10540,160
234,1754,-480,-2338,-6416,85
355,1682,-716,-822,-3078,1149
585,1741,-759,-242,5665,2023
315,1934,-697,-1223,10019,1761
-194,1993,-728,137,3370,1489
-253,1951,-747,219,4061,1524
-126,1999,-639,753,7604,721
-81,2165,-538,237,8842,-146
-105,2256,-478,-65,8332,-915
-142,2154,-462,1017,4500,-1336
-36,2105,-474,1184,2944,-481
258,1980,-445,2115,1741,458
607,2006,-363,14,8066,662
616,2005,-311,-1028,10847,-336
404,1960,-157,-490,7802,-176
355,1954,-122,-556,7060,837
335,2050,-152,-1304,6211,390
160,2086,-205,-1436,4907,-332
32,1997,-245,-853,329,345
210,1947,-216,-806,320,1358
466,2044,-228,-1395,3422,954
486,2128,-273,-2183,6519,-984
329,2015,-276,-2139,4976,-1848
268,1952,-177,-2428,3030,69
419,1952,-123,-3139,3411,1939
469,2054,-173,-4921,7109,920
226,1967,-253,-4000,4623,-1095
187,1918,-137,-3308,2197,444
368,2040,17,-4990,4054,829
413,2107,42,-6946,4803,-590
178,2041,-11,-8704,4336,-1507
-4,1876,-68,-5101,-2408,377
182,1847,-37,-4217,-2172,2375
534,2004,25,-6106,1523,2185
584,2115,25,-8955,5760,-167
385,2039,-49,-8076,2914,-954
229,1979,-56,-7716,3735,-738
177,1985,-44,-7110,1036,-873
240,2054,97,-8834,2273,-1322
256,2032,195,-10833,3567,-1959
250,1916,299,-11081,2627,-1350
273,1835,383,-9993,1054,-396
345,1828,392,-9258,1132,1003
288,1930,427,-11421,3507,-1368
49,1958,517,-13132,4239,-2871
-187,1867,580,-13206,2341,-3120
-202,1702,651,-10179,-1578,-1931
46,1683,702,-8947,-2465,-378
271,1799,840,-7747,1457,-1152
316,1811,824,-6741,-1264,-2265
388,1743,858,-7235,3701,-2274
301,1638,848,-7178,5280,-1735
95,1566,967,-6810,6135,-1415
-85,1468,1133,-4444,1422,-736
-59,1461,1311,-3106,1330,-353
-8,1488,1319,-2044,1832,-943
-13,1477,1256,-1315,1754,-1053
-30,1528,1247,-202,3507,-1005
-135,1516,1182,693,804,-1073
-185,1470,1212,1221,-119,-875
-163,1455,1281,2458,-766,-602
-112,1467,1315,2659,-1190,-422
-61,1467,1290,2572,-256,-414
-34,1475,1276,2311,-407,-588
-49,1507,1243,2521,-1367,-799
-47,1518,1196,3056,-1783,-589
11,1518,1134,3234,-2406,-19
89,1542,1114,3131,-871,343
124,1563,1112,2776,605,344
102,1571,1120,2321,1268,-68
46,1576,1159,2104,287,-501
-3,1588,1111,2049,-1712,-467
-12,1606,1054,1848,-1309,-178
49,1607,1026,1419,365,129
99,1616,980,1177,832,24
130,1647,969,740,2156,-34
118,1679,1010,655,1848,11
19,1694,949,222,505,-175
-56,1688,951,26,208,-251
-66,1688,966,-9,13,187
-46,1687,950,586,-844,46
20,1691,970,367,-215,1
70,1696,977,34,-317,-307
74,1672,949,-157,-749,-219
97,1675,1014,113,412,-136
84,1666,1003,317,423,-180
79,1654,988,-119,475,-179
69,1656,982,-400,-91,-21
44,1659,996,-428,-398,-121
44,1643,1024,-27,-580,64
69,1653,1048,23,766,194
55,1657,1038,23,-463,206
43,1658,1019,-21,-364,19
47,1661,993,-14,188,-144
64,1661,984,-28,824,-186
55,1674,988,302,463,-345
71,1689,991,128,418,-368
87,1691,974,83,946,-342
66,1679,941,-132,629,-239
53,1679,932,-298,801,-54
35,1669,924,-34,239,50
49,1682,960,135,493,23
54,1696,942,33,553,-55
19,1694,942,-79,191,-69
0,1685,947,8,110,-197
6,1679,960,262,-256,-227
43,1679,975,359,-92,-140
76,1673,974,324,138,-50
93,1665,980,254,484,26
84,1663,984,236,760,-101
59,1664,986,294,287,-88
45,1664,997,250,260,-108
37,1676,1018,290,174,-177
33,1672,981,191,76,-83
38,1659,970,126,-206,-16
55,1666,993,49,55,-27
50,1670,993,-48,39,-114
36,1662,1002,179,-490,-226
31,1658,1006,248,-706,-173
57,1664,983,-45,-178,-135
67,1664,978,-16,160,-131
53,1666,969,141,-12,-130
41,1667,971,330,-126,-143
40,1677,986,122,240,-173
32,1678,982,222,-312,-235
67,1675,987,300,-50,-37
95,1671,963,216,787,-30
97,1673,960,302,1091,24
57,1681,963,-23,923,-137
8,1669,967,107,-354,-208
34,1669,988,95,161,-183
59,1664,986,271,232,-217
65,1671,999,25,854,-154
55,1675,992,381,526,-164
51,1672,970,217,374,-128
50,1667,966,111,312,-104
52,1662,975,34,321,-75
49,1667,993,134,211,-69
48,1682,997,203,359,-28
28,1672,990,196,-102,-95
11,1664,992,199,-216,-120
23,1670,985,321,-557,-11
56,1666,976,484,53,-129
74,1673,969,451,401,3
63,1675,966,430,455,-127
31,1678,960,271,16,-62
3,1675,970,537,-811,51
11,1673,982,641,-1266,145
61,1680,961,381,-283,67
88,1686,950,175,413,-34
76,1683,958,263,548,-289
67,1681,950,307,155,-189
51,1680,957,305,176,-145
60,1680,974,379,550,29
62,1674,967,425,-36,-52
75,1678,962,249,378,-133
75,1683,949,2,558,-83
56,1681,951,-73,157,-53
40,1677,962,95,-348,-101
38,1680,967,34,-123,-192
51,1682,958,217,-337,-117
83,1689,966,118,654,-142
86,1684,956,366,487,42
71,1677,947,256,273,-14
69,1684,959,234,262,-129
69,1686,958,134,419,-201
63,1678,965,193,272,-115
66,1673,961,173,496,-61
61,1669,959,231,471,-176
51,1682,978,99,480,-124
45,1679,967,169,276,-250
49,1677,971,77,65,-204
50,1682,978,223,367,-249
53,1684,967,284,240,-238
46,1685,963,213,365,-270
41,1678,963,379,-230,-207
60,1681,965,382,-205,-206
84,1691,956,135,306,-67
74,1676,956,354,443,-122
76,1674,970,686,603,-122
65,1688,947,383,514,-211
41,1697,946,83,446,-201
33,1686,958,483,88,-67
48,1689,970,478,447,-100
52,1688,958,378,391,-180
62,1687,961,296,641,-240
63,1683,951,481,348,-256
68,1680,949,161,649,-173
64,1683,952,-18,873,-110
26,1684,960,72,355,-246
14,1684,974,-136,486,-160
17,1677,975,1,209,-179
38,1675,962,100,173,-83
54,1679,964,169,657,-190
53,1686,962,247,561,-175
41,1692,952,140,373,-148
31,1689,961,55,714,-242
26,1682,947,113,257,-196
39,1684,949,225,549,-140
50,1694,953,317,600,-287
50,1693,936,194,592,-230
38,1690,946,-8,498,-204
30,1682,965,-328,319,-220
26,1667,991,-649,-134,-297
32,1653,1019,-867,-468,-481
59,1644,1057,-1250,-850,-556
104,1624,1106,-2194,-660,-729
115,1588,1148,-3320,174,-843
84,1545,1200,-4177,1698,-488
39,1486,1252,-3486,2030,255
4,1415,1349,-2658,2247,763
-8,1371,1416,-1684,1104,1750
-8,1365,1439,-1074,1735,2254
-57,1363,1489,-888,1385,2740
-127,1328,1572,398,1475,3205
-140,1272,1658,467,3240,2582
-154,1214,1624,2413,714,2784
-165,1218,1502,3894,-782,2811
-130,1256,1317,7479,-1572,3390
-81,1316,1088,9666,-2290,4994
59,1439,985,10346,523,6035
82,1647,975,12213,1688,5937
-12,1816,848,13215,-514,4024
-110,1891,659,14262,-2051,2219
-131,1941,433,14245,-1343,1208
-70,2004,301,15180,-2615,965
117,2089,132,14003,-2065,480
297,2097,53,11615,-1120,-925
309,2019,61,10988,-2627,-887
370,1984,104,11413,-4259,164
477,2014,104,9898,-2353,129
439,2013,157,8328,-778,-679
308,1971,190,7521,-1236,-1164
103,1987,177,6123,-4132,-2109
-118,1936,198,5805,-6096,-2485
-212,1887,243,6831,-12076,-1691
-26,1877,280,7858,-14671,-1307
470,1900,238,8967,-13878,-66
1119,2001,138,6535,-5465,-1036
1351,2166,148,3133,1607,-3202
968,2114,60,2299,178,-2768
424,2050,-87,866,-3662,-1129
-56,2022,-245,1733,-11943,1367
-231,2089,-333,1289,-17589,1968
-247,2084,-375,74,-15300,-150
-340,2007,-338,1233,-18666,-1335
-143,1999,-372,286,-18960,-1822
260,1951,-468,-518,-11414,-850
423,1875,-648,-340,-7215,-343
424,1730,-823,411,-3975,385
426,1672,-860,1049,1037,927
370,1889,-738,759,5709,953
40,2065,-540,613,5635,602
-307,2144,-484,842,-717,-240
-194,2026,-489,774,910,-113
-21,1967,-457,953,6361,569
2,2070,-367,1008,7076,51
10,2176,-299,1168,3957,-341
200,2162,-304,926,4184,222
388,2030,-318,1442,6823,356
460,1983,-361,1542,7872,33
435,1984,-292,1861,8914,306
443,1989,-266,1179,8607,323
390,1992,-231,534,9741,97
253,1966,-160,503,7719,401
153,2021,-120,-174,6611,421
48,2067,-169,-678,3580,-443
51,2027,-168,-1429,2095,426
197,2012,-132,-1594,137,1326
310,2057,-92,-2738,2467,486
223,1974,-158,-2024,-2069,-501
358,1936,-188,-1715,-1902,1918
737,2002,-180,-3448,4824,1468
747,2100,-178,-6190,11287,-798
403,2006,-195,-4802,4901,-377
255,1907,-135,-3898,4257,1625
202,1959,-141,-5055,2173,308
242,2002,-96,-5225,3098,1161
372,1994,-106,-5300,2480,2159
537,1935,-86,-5300,4533,1971
564,1992,-12,-7827,9883,11
241,2010,148,-8052,7187,-2234
-73,2031,311,-7139,103,-1373
-37,1899,219,-4826,-5948,1072
401,1836,124,-5262,-4105,3618
796,1930,130,-6683,5336,2894
718,2052,63,-8365,9351,336
442,2103,148,-9058,7810,-2163
190,2045,224,-9318,4207,-2452
51,1924,306,-9064,1920,-2328
3,1823,369,-8199,-777,-607
126,1854,418,-8141,926,1068
268,1916,433,-11335,3411,412
181,1904,505,-12958,5595,-1771
7,1793,620,-12451,1882,-3340
-6,1668,765,-9795,-3381,-3058
110,1693,778,-9183,-3740,-2040
257,1749,811,-8201,-3192,-1271
453,1767,846,-7839,-372,-371
536,1786,814,-8700,4313,-394
395,1722,883,-8601,7690,-763
139,1570,1083,-5954,3994,-977
-24,1462,1236,-3107,423,-1228
-46,1460,1263,-2139,707,-1595
21,1475,1267,-998,983,-1594
60,1523,1245,-250,2092,-1284
22,1519,1214,43,1617,-1235
7,1467,1248,865,1408,-1079
-10,1434,1274,1627,29,-867
-4,1439,1285,2029,114,-827
13,1458,1251,2317,-684,-650
27,1470,1213,2522,-228,-497
30,1497,1212,2534,-248,-366
49,1506,1204,3274,-416,-268
45,1536,1194,2978,-20,-182
30,1537,1143,2782,-108,-390
24,1520,1125,2693,-1059,-135
60,1528,1138,2189,-712,-23
98,1543,1124,2132,416,-101
116,1558,1098,1873,1164,-404
139,1578,1105,1724,2039,-620
128,1619,1110,1018,2338,-482
36,1649,1117,821,668,-383
-6,1617,1053,1220,-277,-209
35,1618,1010,318,-1143,405
47,1628,1045,-101,-462,232
52,1621,1066,-237,399,-109
105,1621,1071,-115,262,29
144,1654,1046,-296,439,216
111,1651,1008,-464,1479,100
86,1623,984,-20,503,422
66,1630,991,-400,947,584
13,1665,1034,-229,592,104
-12,1692,1045,253,-1283,-336
-18,1687,984,346,-586,-534
13,1669,965,678,-766,-161
51,1649,943,1175,-1516,169
115,1655,926,924,-89,490
162,1690,963,992,190,535
171,1708,976,838,1334,150
127,1686,948,731,1433,-114
96,1643,939,599,716,183
73,1643,947,292,516,431
69,1641,989,524,-687,194
103,1675,1055,412,-55,-193
123,1681,1010,790,140,-370
125,1657,953,366,1366,-95
108,1660,920,-349,439,159
100,1674,923,-548,30,23
93,1694,990,-528,-526,-108
106,1689,1018,-250,-418,-237
119,1656,970,-301,243,61
106,1651,969,-420,226,165
110,1653,980,108,-251,-127
123,1670,972,-227,492,-175
108,1683,964,-535,418,-150
98,1674,981,-177,790,-31
85,1659,983,11,366,221
81,1661,968,-9,414,65
89,1658,979,89,42,40
99,1660,998,-217,564,-101
103,1660,1015,-151,354,-185
102,1650,1022,171,365,-309
111,1645,1000,37,305,-41
116,1651,1008,-239,1047,-57
103,1648,1023,31,467,-99
107,1651,1022,36,670,6
89,1655,1005,-253,674,-36
77,1652,1012,-163,424,-108
77,1651,1027,-34,650,-52
65,1641,1006,238,-334,-169
89,1640,995,68,175,-127
97,1647,1009,97,111,-154
108,1647,1014,129,187,-35
108,1644,997,-52,9,-23
123,1649,1003,-52,600,107
98,1656,1022,33,494,-56
79,1658,1017,-64,426,-204
75,1653,1003,320,82,-285
74,1659,986,-53,371,-384
83,1648,983,221,252,-274
112,1647,987,145,46,-133
126,1659,1001,58,294,-53
126,1663,1000,-32,228,42
111,1646,996,20,457,134
85,1642,993,-4,543,-48
78,1654,1008,116,546,-360
74,1661,1015,125,357,-354
74,1658,1018,106,337,-258
86,1641,1035,286,150,-116
97,1630,1019,285,111,-52
120,1635,1011,38,758,-19
113,1640,1015,-74,639,-88
90,1648,1016,-23,801,-176
60,1649,1016,200,-33,-78
69,1645,1018,138,299,-25
76,1649,1018,67,526,49
83,1648,1014,137,342,57
88,1644,1012,94,237,28
90,1647,1009,182,511,-19
83,1642,1011,259,438,-8
83,1642,1018,282,961,39
61,1647,1016,88,360,-168
54,1646,1025,58,134,-221
60,1647,1024,66,38,-184
69,1644,1025,207,79,-212
92,1641,1008,392,-289,-153
110,1650,1000,270,381,-132
94,1651,994,168,292,-38
73,1647,1003,115,102,-128
75,1638,1012,370,-65,-108
95,1652,1021,67,335,-73
101,1658,1016,-41,847,-10
81,1647,1009,27,450,22
74,1643,1001,-39,377,27
58,1648,1003,41,-227,-102
66,1652,1012,174,175,-185
64,1652,1013,67,164,-139
77,1642,1024,191,198,-65
87,1645,1016,266,76,38
91,1650,1007,58,233,-13
81,1645,1013,164,171,-1
73,1644,1007,276,143,14
75,1645,1005,370,157,91
66,1646,1011,201,695,-74
49,1648,1015,251,-181,-95
79,1645,1024,208,168,39
93,1642,1009,331,348,2
92,1645,1001,288,102,-35
71,1641,1017,352,311,-141
62,1647,1023,269,-409,-52
76,1648,1023,34,450,-178
86,1645,1029,74,227,-255
101,1650,1024,177,202,-185
90,1654,1019,111,627,-393
57,1647,1006,150,-36,-415
47,1645,997,23,-318,-463
55,1640,1009,103,-596,-450
71,1647,1016,-32,-670,-426
91,1643,1022,-202,-233,-361
111,1627,1025,-106,69,-213
105,1625,1036,-410,1,-228
109,1629,1039,-291,315,-317
101,1628,1043,-545,107,-457
95,1622,1060,-495,-271,-397
100,1617,1068,-712,124,-365
112,1612,1076,-1134,324,-480
103,1610,1095,-1568,468,-663
81,1600,1127,-2066,-309,-914
75,1578,1146,-3036,-222,-843
84,1545,1171,-3697,1058,-429
78,1471,1214,-3831,1671,200
63,1366,1324,-3161,1303,1120
71,1279,1489,-1659,-52,1957
77,1235,1594,-185,2112,2577
36,1215,1608,756,2886,2794
-75,1214,1651,510,3346,2232
-187,1171,1695,1642,386,1524
-250,1123,1651,3334,-1300,1360
-303,1101,1559,4934,-909,1359
-322,1115,1421,6669,-6600,1264
-192,1203,1295,9599,-7072,1677
8,1422,1096,11473,-6568,2902
214,1681,861,14107,-7576,4500
396,1952,612,14357,-4088,5132
508,2164,427,14090,268,2034
439,2211,301,13460,1781,-642
352,2129,208,12288,1348,-1898
234,2048,199,10936,1106,-2642
87,1955,202,11767,-3829,-1857
159,1917,157,12690,-8237,-223
481,1934,139,10833,-4320,928
735,1938,183,9343,2050,513
602,1981,193,9156,3697,-1089
268,2060,190,7997,1926,-2375
-64,2083,157,7071,-506,-2536
-416,2017,104,6099,-5812,-2162
-557,1900,137,8835,-14505,-1086
-271,1887,135,10434,-17894,-573
390,2071,121,9506,-16679,-999
1169,2336,102,5844,-5585,-3881
1146,2192,87,4686,-2951,-2701
849,1962,-44,5736,-10856,-1422
640,1866,-78,4653,-10448,-435
478,1989,-48,2001,-7994,-1212
245,1930,-44,1844,-11710,-1109
109,1916,4,938,-12210,-1133
31,1896,-51,-396,-11930,-1290
119,1902,-174,-2192,-10704,-815
232,1874,-416,-2473,-6350,-671
233,1868,-606,-1719,-3063,-1035
156,1920,-605,-2248,1371,-989
41,1968,-511,-2098,783,-694
99,1924,-500,-1158,2408,76
155,1876,-522,182,5375,782
183,1890,-541,975,8484,1313
230,1876,-564,1851,9943,2024
270,1940,-508,2404,11431,3111
295,2086,-380,1674,13338,2682
190,2263,-244,52,16337,533
-131,2208,-295,928,11369,-1482
-330,2094,-353,1771,3940,-1210
-172,2112,-370,1067,3656,346
55,2072,-297,1938,2756,910
332,2009,-236,1596,4007,1228
504,2060,-201,-111,7679,229
395,2051,-195,-1161,8638,-605
195,1942,-61,773,2390,101
235,1958,21,-158,1861,1025
362,2017,63,-407,1073,1178
481,2043,21,-929,4268,955
459,1999,-122,-828,3598,521
404,1969,-98,-829,3734,250
443,1979,-19,-2623,5504,652
345,2105,83,-5094,7946,-810
40,2050,28,-3797,1222,-1275
-46,1889,-44,-1504,-3790,847
231,1884,-42,-2820,-1796,1537
514,1985,-35,-3482,1101,1676
608,2074,-36,-5444,4494,702
398,2099,-106,-6978,4420,-1167
139,2001,-171,-5598,1846,-302
154,1973,-214,-4795,-1658,386
362,2002,-304,-4947,1321,839
524,2057,-333,-7128,4959,765
552,2072,-269,-8697,7786,-825
326,2120,-193,-10504,8101,-2335
24,2076,-64,-9265,3534,-3143
-60,1971,-16,-8214,-1768,-1766
173,1930,42,-9233,-799,-395
344,1961,175,-11092,3035,-988
238,1943,282,-13810,4301,-2572
22,1842,448,-14184,1576,-4603
-151,1748,573,-12894,-926,-3381
-136,1652,647,-10236,-3390,-1969
70,1613,764,-8701,-2297,-607
261,1666,958,-8200,-1154,-635
343,1701,1111,-7838,1080,-1768
227,1641,1132,-7474,2140,-3318
34,1472,1152,-6393,200,-2593
-34,1337,1253,-3613,-3236,-615
66,1341,1329,-1073,-3306,403
223,1445,1354,-501,-609,597
298,1557,1323,-481,1512,164
246,1579,1198,-723,3628,-507
62,1574,1171,-1367,6910,-1409
-164,1568,1148,-1093,3228,-2169
-263,1564,1099,-286,139,-2223
-162,1560,1057,-445,-1366,-1157
2,1600,1102,-1015,-106,-249
188,1625,1139,-259,2276,483
259,1578,1076,20,2623,1678
113,1528,1087,943,1101,2226
-67,1546,1210,2126,556,1982
-206,1588,1283,2687,-1199,698
-267,1575,1278,2430,-3160,-713
-207,1552,1230,2479,-2022,-1848
-70,1567,1136,1666,-4523,-1515
130,1637,1138,1722,-2916,-748
312,1695,1039,1566,291,-915
350,1658,884,382,2856,-374
177,1591,833,223,2067,94
39,1614,938,345,-662,930
52,1709,1038,-279,-1145,711
114,1710,1052,-296,280,-406
138,1647,991,60,578,-498
142,1636,1000,122,1423,-340
119,1692,982,390,1646,-372
100,1709,922,271,484,-59
116,1669,948,447,373,426
110,1664,966,364,1084,491
78,1671,981,43,684,-74
73,1683,1002,-41,786,-413
91,1682,967,-2,1246,-388
85,1680,930,-80,1021,-197
77,1670,928,237,215,216
82,1678,950,14,487,410
67,1676,975,310,280,257
71,1672,996,318,154,80
79,1671,989,281,88,-86
87,1673,970,161,318,-203
82,1675,938,251,160,-98
88,1693,968,54,748,-136
82,1689,981,630,631,-186
96,1685,974,628,765,-173
87,1694,980,561,-246,-246
94,1674,965,733,116,-270
117,1673,962,495,608,-89
108,1676,939,259,1247,22
72,1681,931,-51,1250,50
34,1682,950,13,580,-182
-1,1675,964,265,-265,-387
5,1674,977,558,-965,-262
48,1678,979,566,-468,21
91,1675,987,618,64,22
132,1668,984,329,658,49
129,1679,980,-137,600,-71
117,1676,972,120,839,-29
103,1676,963,441,801,221
90,1676,958,295,1151,351
58,1687,959,186,1196,197
6,1691,953,54,271,-140
-19,1693,965,154,-440,-424
3,1685,964,158,-519,-311
43,1678,964,216,-299,-230
86,1684,951,312,39,-145
114,1687,937,232,391,138
98,1687,950,76,144,55
101,1685,960,210,287,-21
104,1679,952,254,561,132
98,1694,950,126,790,64
79,1693,941,89,837,116
43,1687,942,326,463,42
45,1689,954,571,166,-145
56,1689,951,378,232,-57
60,1685,960,387,-166,-106
66,1689,977,463,246,-159
67,1685,955,283,153,-173
69,1687,950,220,-79,-208
76,1692,946,320,447,-144
66,1696,948,312,363,-108
58,1693,955,554,-616,-85
83,1691,953,677,-56,-50
112,1700,939,221,874,-50
88,1699,923,398,559,33
84,1692,928,391,381,204
84,1694,935,346,440,82
50,1694,927,436,-69,-229
37,1686,925,434,-119,-180
57,1694,943,367,202,-176
78,1698,958,396,442,-198
81,1702,932,335,412,-169
68,1692,926,224,156,-97
71,1693,937,25,278,24
67,1692,946,-1,223,-92
75,1688,963,94,406,-285
76,1687,966,-66,405,-341
73,1693,971,-131,457,-326
73,1688,960,-166,300,-129
72,1684,942,-121,241,-172
64,1689,943,107,287,-183
57,1697,931,182,319,-243
59,1699,936,223,34,-310
58,1703,929,364,-272,-154
79,1709,922,364,-106,-17
92,1712,922,200,485,18
95,1705,917,132,844,12
68,1703,920,118,399,-305
55,1694,928,151,278,-195
62,1691,938,255,122,-144
65,1692,928,123,566,44
56,1681,950,-53,100,17
53,1683,985,-152,-7,-106
56,1687,992,-219,486,-324
60,1679,977,-74,383,-345
56,1681,958,3,286,-254
43,1691,944,250,-88,-58
47,1702,935,26,163,-50
49,1702,946,60,-40,-156
53,1696,950,22,94,-227
69,1695,947,174,361,-106
75,1696,921,349,390,-54
67,1700,923,157,366,38
38,1700,937,253,219,-91
21,1692,937,356,-367,-201
44,1687,948,127,-11,-242
70,1690,962,154,635,-119
77,1692,958,128,978,-98
57,1687,960,38,159,-120
38,1679,955,5,46,-199
50,1683,952,-77,148,-104
59,1681,964,262,-78,-64
69,1696,979,252,346,-208
67,1694,962,143,712,-402
49,1686,958,-147,654,-542
27,1691,949,-251,-136,-605
36,1684,937,86,-949,-388
97,1687,929,250,-110,-94
129,1698,924,16,1215,156
88,1690,934,250,1256,73
40,1692,941,259,449,-106
13,1693,940,49,332,-202
4,1691,948,269,-72,-201
27,1684,946,367,-193,-209
55,1688,942,249,-105,14
69,1698,947,140,705,20
58,1694,941,149,219,-31
40,1686,948,88,313,-56
22,1690,975,212,121,-137
31,1687,961,305,-151,-138
49,1685,953,101,110,-61
66,1684,955,224,317,-10
75,1692,951,68,470,-51
52,1684,954,50,626,-152
30,1679,962,168,145,-154
42,1691,956,291,95,-107
48,1697,951,134,389,-114
46,1696,946,245,219,-96
55,1685,933,213,283,-105
66,1697,950,-159,604,-199
69,1710,980,-604,994,-372
73,1680,1015,-716,381,-556
120,1662,1066,-1206,1191,-504
160,1667,1115,-2017,1629,-902
194,1659,1136,-3375,1325,-969
243,1602,1136,-4685,3468,-17
247,1515,1172,-4906,5698,1655
180,1403,1262,-4321,5633,3137
89,1308,1430,-3458,5104,4138
-36,1282,1610,-2792,3905,4016
-187,1277,1714,-1932,3240,3075
-354,1240,1756,-1805,1586,2329
-517,1112,1703,755,2410,1723
-553,993,1629,2054,-428,1291
-616,1047,1576,3794,-7940,600
-697,1172,1455,6535,-6792,-830
-681,1219,1097,9774,-16170,1116
-266,1303,996,9782,-9819,3702
203,1539,1002,13156,-10956,4026
368,1783,787,11551,-3238,3640
351,1900,626,14295,-5732,1891
364,1991,410,14075,-2705,1236
449,2165,159,15163,-3205,1180
597,2286,-36,13280,678,-522
637,2239,-116,11381,4738,-2001
491,2159,-82,11244,3548,-1328
268,2074,-22,11457,582,-458
226,1985,60,12057,-1575,893
331,1999,109,9990,560,33
140,2028,128,8441,1114,-1560
-176,2010,104,8784,-5188,-2047
-275,1952,84,8859,-9497,-1423
-112,1930,35,7754,-11373,-1124
115,1932,33,8875,-11811,-999
526,1953,65,8926,-12497,-1014
1074,2117,147,7474,-9044,-2323
1401,2134,146,7832,-3040,-1662
1319,2025,-19,4727,-3816,-1074
726,2040,-89,4819,-6250,-2091
161,2056,-69,4498,-11871,-2305
-134,2045,-16,2806,-12433,-2173
-333,2051,-16,861,-19416,-2638
-242,1948,-88,-634,-20821,-2867
43,1749,-307,-377,-16690,-1771
341,1637,-512,-887,-10794,80
458,1634,-548,-1309,-5105,443
469,1651,-567,-1640,747,1162
375,1833,-526,-2821,9470,1203
-224,2061,-410,-1764,5820,-810
-534,2102,-562,-919,95,-1404
-268,2044,-597,-929,3633,-157
-34,2073,-592,257,7141,765
46,2138,-623,1013,5162,607
180,2151,-585,1503,5301,693
231,2243,-588,1562,5568,1586
222,2112,-549,2119,5017,882
319,2027,-413,1583,8319,667
322,2031,-310,1271,10733,130
92,2082,-305,1324,8245,-631
-100,2050,-311,2886,1662,-374
8,2009,-338,2633,1876,339
204,1950,-262,2244,4176,113
263,2019,-240,-655,6845,-144
181,1934,-165,510,3598,423
249,1959,-167,274,2473,1266
309,2023,-304,731,1860,744
243,2033,-355,568,1934,-150
324,2006,-297,-261,2753,728
396,1988,-149,-2216,5648,902
298,2066,-47,-3622,5098,568
64,2095,-147,-2837,1110,-760
116,1869,-261,301,-2699,140
627,1875,-274,-823,1609,1909
968,2106,-259,-4614,12663,150
616,2107,-282,-4755,11420,-1187
113,1966,-220,-3284,4771,-787
-19,1923,-223,-1747,-1459,1337
301,1985,-309,-2414,425,2132
508,2065,-378,-4328,8412,-299
236,2066,-387,-4729,5006,-1826
83,1982,-235,-2866,1779,40
270,2018,-122,-3541,138,763
482,2072,-87,-5176,4684,98
472,2039,-74,-6213,7124,-952
244,1933,-72,-5639,5168,-1403
94,1913,-74,-4759,2414,154
196,1929,8,-4975,1304,1918
428,2022,105,-7757,5235,1599
354,2074,159,-9985,7534,-560
53,2015,145,-10452,2272,-2249
-176,1948,144,-9823,194,-1581
-180,1868,169,-9275,-1953,212
53,1888,341,-10979,771,297
149,2025,471,-12130,1383,-1682
167,2016,425,-13097,-428,-4050
321,1811,489,-12135,-1591,-3650
517,1663,572,-11192,2720,-2495
524,1753,720,-10112,3068,-2542
370,1890,782,-10931,4150,-3279
198,1861,827,-9952,1081,-2953
178,1740,870,-9247,2384,-1423
192,1644,882,-8044,1554,-640
186,1622,990,-6826,3778,-427
167,1635,1071,-5944,3368,-39
48,1616,1133,-5988,4494,51
-59,1557,1232,-5213,2545,-59
-37,1429,1259,-2230,4187,530
-67,1325,1203,-1704,3250,1736
-198,1315,1219,-1165,5907,1018
-453,1351,1220,1110,850,204
-699,1402,1181,2647,-5257,-898
-619,1360,1106,5315,-10861,-539
-133,1324,1084,7082,-10443,3114
420,1512,1241,4100,771,4836
510,1870,1344,509,7161,54
195,1890,1251,-281,4970,-4343
-101,1580,1079,470,1229,-3833
-191,1308,1003,2467,-3000,-1161
-43,1323,1004,3172,-3202,1667
220,1547,1090,1537,1166,3234
346,1744,1167,1046,1923,1854
335,1775,1130,489,4083,-106
163,1665,1004,324,3264,-745
-65,1570,953,156,2234,-436
-168,1576,974,1163,-534,149
-77,1678,1001,798,-1230,557
75,1725,1005,420,192,929
185,1680,1015,1084,2265,1289
202,1626,979,1397,2458,1585
175,1647,978,781,3281,1290
62,1712,1009,325,3237,428
-65,1713,1008,396,935,-329
-97,1671,960,766,550,-252
-72,1676,940,218,800,-16
-60,1688,955,58,696,30
-50,1686,972,454,-714,-231
21,1688,979,243,-40,-97
45,1686,976,522,434,-433
35,1682,991,447,181,-830
-6,1678,974,409,-586,-1114
-14,1682,945,311,-811,-1036
33,1680,941,431,-836,-840
84,1685,915,809,-373,-612
137,1695,918,924,738,-135
156,1683,928,932,400,51
149,1678,956,793,852,76
101,1701,979,404,510,76
75,1690,980,464,707,-62
76,1671,968,283,910,100
48,1685,965,97,908,-95
14,1693,971,143,555,-285
13,1686,949,360,-292,-131
30,1692,946,174,193,-64
31,1682,954,286,-227,-150
31,1693,968,170,-128,-197
42,1698,963,366,345,-163
37,1690,949,157,469,-121
29,1684,939,233,-171,-3
43,1697,950,122,-105,-33
47,1696,944,20,524,-214
37,1685,949,161,180,-192
62,1683,962,624,358,-130
78,1692,956,490,799,-35
55,1687,942,223,89,-43
37,1681,952,207,-536,-3
38,1695,961,245,139,27
47,1694,952,85,367,-142
42,1689,946,-80,483,-63
27,1698,950,26,624,-108
37,1686,942,189,397,-45
37,1684,952,379,334,-8
38,1696,964,371,191,-124
39,1694,952,239,268,-205
46,1687,951,344,265,-211
44,1685,939,153,-31,-111
50,1702,955,217,626,-60
44,1701,942,536,226,2
45,1692,932,376,238,17
36,1694,935,333,280,15
37,1707,932,69,859,-82
28,1699,921,7,536,-156
29,1694,932,115,354,-102
47,1701,923,91,518,45
57,1698,917,-94,918,46
39,1695,932,-16,755,-29
30,1706,941,-35,591,-43
5,1698,932,84,107,-139
3,1688,945,273,213,71
15,1695,955,249,319,52
31,1695,938,281,155,100
25,1693,930,-100,286,-116
20,1696,938,266,-477,-200
43,1699,941,424,82,-92
48,1703,922,511,259,49
38,1711,924,292,394,-30
16,1707,932,524,-300,-156
2,1702,920,279,-724,-327
8,1701,917,289,-861,-307
47,1700,934,599,-296,-9
83,1704,933,480,592,120
82,1706,935,542,482,1
44,1704,926,543,-241,-204
27,1694,942,548,-524,-403
43,1698,944,447,-240,-240
35,1711,941,384,96,-366
44,1702,936,727,246,-221
63,1697,920,453,-83,-19
67,1701,911,474,448,-101
73,1711,906,277,33,-17
57,1707,913,215,245,0
37,1706,924,298,45,-82
40,1708,924,107,292,-62
33,1711,932,-81,330,-293
31,1704,929,129,-278,-292
52,1696,912,171,97,-243
73,1714,912,-56,533,-134
69,1719,907,-163,1316,-301
33,1710,907,168,307,-181
19,1706,908,160,-4,-148
24,1708,922,288,12,-55
51,1717,918,166,823,-20
54,1714,906,211,1054,-133
51,1699,916,396,-52,-185
52,1705,930,36,421,-189
36,1710,944,-86,605,-201
19,1695,950,78,207,-169
21,1690,943,200,67,-123
25,1692,939,295,-124,-207
54,1707,939,204,451,-121
44,1713,932,13,288,-171
24,1702,948,97,114,-180
29,1693,937,324,-72,-126
56,1705,909,275,-92,50
76,1727,903,-14,971,48
46,1727,884,122,188,43
28,1729,880,99,429,130
6,1721,887,70,362,-65
-9,1713,900,-188,481,-168
-28,1702,921,-18,-53,-353
-13,1694,944,473,-729,-269
35,1703,940,424,-595,-83
69,1712,933,323,67,12
81,1708,934,286,273,165
70,1699,929,206,579,187
44,1691,935,-20,739,-155
24,1698,953,-27,150,-272
14,1709,956,141,-226,-225
32,1696,938,378,489,-133
48,1689,908,261,294,122
46,1696,906,256,699,21
31,1716,930,134,216,-122
22,1720,939,-174,141,-241
16,1707,926,-231,-103,-178
29,1688,923,158,-156,-67
44,1698,937,386,137,-61
46,1722,914,294,650,-118
34,1724,902,236,484,-174
8,1715,917,107,209,-151
-7,1700,924,277,-900,-210
20,1694,920,495,-788,-267
56,1722,919,-50,346,-261
51,1723,923,45,171,-297
53,1698,938,214,6,-318
96,1667,974,-285,77,-120
135,1667,1039,-1363,1685,-370
90,1683,1122,-1820,1225,-1112
56,1671,1184,-1256,141,-1366
109,1614,1176,-1621,440,-734
188,1563,1143,-3223,2479,165
165,1503,1127,-4149,3801,771
94,1412,1167,-4622,4662,1473
25,1318,1288,-4233,3954,2285
-67,1269,1506,-2544,2726,2757
-221,1273,1655,-1974,1015,2631
-362,1247,1643,-2042,131,2301
-451,1223,1652,-2284,493,2318
-531,1163,1689,493,-2315,1499
-603,1063,1413,4023,-7351,1591
-425,1081,1226,5578,-3329,3405
-222,1267,1200,8630,-7907,2148
-169,1522,1101,8427,-2812,1276
-148,1720,986,12791,-8140,1290
-5,1887,737,14144,-7285,2356
260,2063,396,15286,-6619,4212
577,2226,121,13956,-559,2335
694,2307,-17,12626,667,-555
631,2266,-31,10975,3017,-2345
474,2135,22,11129,865,-2410
390,2037,38,11268,-1929,-824
460,1960,88,11262,-2772,1143
580,1918,125,11188,-76,1590
541,1954,124,10444,1798,605
338,2039,150,9542,2029,-973
63,2094,167,8052,644,-2098
-178,2031,176,8342,-3441,-2017
-235,1916,221,8565,-8053,-905
-56,1898,282,9062,-10194,-680
301,1931,266,9787,-11434,-293
752,2165,168,7674,-8718,-1382
882,2190,8,7165,-6019,-1878
709,2087,-128,5718,-9711,-1072
529,1997,-117,5569,-11421,-900
460,1972,-145,2949,-8094,-1413
65,1952,-147,3549,-12264,-1723
-35,1947,-188,3234,-13076,-2088
133,2007,-231,101,-9027,-1728
110,1955,-182,-2109,-6580,-1961
62,1833,-385,-1717,-7551,-1129
241,1644,-678,-539,-3222,261
332,1705,-722,-407,2995,334
89,1893,-616,-735,4207,215
-126,1927,-558,-126,2022,-11
-56,1856,-608,1293,2619,625
252,1854,-609,1414,7563,2191
329,2097,-503,565,13749,3020
31,2332,-429,-293,12012,462
-300,2269,-501,795,5233,-1455
-255,2114,-565,2070,-2,-533
69,2084,-576,2081,935,884
419,2087,-505,1286,6048,1044
517,2041,-422,420,9199,70
381,1953,-328,467,9028,-139
169,1928,-250,641,6614,54
68,2003,-184,63,5423,365
-38,2061,-200,338,1749,-41
-5,1997,-200,-280,868,1216
228,1925,-148,-570,-712,1662
479,2036,-109,-1882,3826,1017
538,2027,-125,-1280,2923,-156
538,2032,-127,-4117,6022,-524
362,2024,-88,-4159,4458,-242
271,1964,-58,-3223,1498,1349
262,2001,-53,-4195,1969,519
181,2016,-72,-4540,1379,994
232,1906,-118,-3272,-2228,2114
523,1898,-101,-3810,258,3166
733,2058,-150,-6258,5537,1334
566,2118,-238,-9221,8719,-1205
221,2026,-219,-9182,6629,-2373
51,1989,-69,-8374,3163,-931
178,1907,-55,-6365,-2146,894
456,1921,-76,-7378,4413,2124
556,2027,-117,-9630,6195,552
450,2071,-87,-11212,7442,-1174
237,2072,-58,-11200,3533,-2359
142,2020,-5,-11930,4433,-1755
148,1970,50,-11416,3169,-1751
109,2000,179,-11949,4709,-1300
-86,2039,279,-11608,2988,-1144
-306,1923,357,-10695,-3079,-2059
-264,1772,541,-10776,-5759,-2494
35,1669,685,-7835,-6460,-2716
412,1754,787,-9023,-1567,-2826
589,1806,847,-8794,1680,-2776
646,1743,889,-8246,5381,-2419
535,1646,906,-7661,4693,-1324
258,1575,991,-6382,4339,-1311
38,1544,1069,-4651,374,-1297
-11,1578,1139,-3375,931,-1326
-37,1576,1187,-2227,922,-1151
-7,1534,1190,-186,815,-832
-5,1535,1180,232,1686,-825
-71,1533,1228,561,1845,-989
-160,1486,1257,1038,740,-1371
-194,1432,1262,1214,-1514,-1693
-170,1417,1268,1400,-1604,-1649
-119,1440,1269,1887,-2417,-952
-26,1471,1282,2536,-1920,2
45,1500,1262,2833,-1505,-101
89,1534,1222,3011,-1190,-612
89,1565,1185,2894,40,-855
80,1593,1133,2476,-441,-921
95,1614,1085,2371,-569,-946
90,1634,1003,2388,325,-503
95,1659,959,1895,111,-295
124,1689,914,837,788,-360
105,1698,905,522,1926,-556
69,1698,940,938,1045,-322
44,1703,920,852,825,-263
17,1711,918,246,422,-359
-28,1703,938,-276,-109,-516
-46,1685,985,68,-1602,-599
28,1663,988,466,-2258,-421
147,1664,970,-151,-448,-129
207,1691,974,-783,2328,-389
159,1657,974,-318,1305,-321
109,1648,997,-439,1827,-482
68,1661,986,17,1195,-213
53,1693,983,-137,1125,69
6,1725,964,-89,597,179
-38,1720,925,-226,567,-4
-60,1698,884,78,248,39
-52,1706,888,284,521,-277
-37,1743,882,552,188,-411
-20,1751,864,915,280,-352
-11,1751,850,653,296,-160
5,1735,863,860,-153,73
39,1712,873,697,96,110
46,1708,891,367,-85,134
39,1709,923,256,-118,-19
46,1708,938,80,1220,-174
23,1700,949,61,1179,-250
3,1683,957,293,371,-186
-3,1697,959,322,-166,-194
2,1712,945,10,396,-147
-4,1709,926,-362,42,50
-8,1698,928,-123,-98,28
11,1698,938,-70,317,-31
20,1704,939,82,399,-129
6,1696,927,34,-335,-150
19,1694,935,94,-2,-95
36,1711,934,-80,469,-24
35,1705,931,-81,566,-123
28,1699,943,-182,629,-69
11,1697,951,-242,1293,-179
-3,1693,936,198,-36,-125
17,1709,940,-157,673,-109
-4,1713,948,110,642,-149
-25,1697,932,489,-326,-72
-16,1700,904,498,-224,-116
-5,1711,898,394,-252,-177
-7,1719,928,219,281,-352
-9,1714,930,579,-459,-309
21,1709,911,530,612,-349
32,1703,905,746,-172,-184
26,1718,899,601,-12,-122
18,1718,897,395,-270,-207
11,1697,911,496,-428,-29
32,1704,932,264,-476,-3
59,1718,964,-179,828,-172
54,1695,949,-41,-132,-84
35,1676,964,379,-486,-119
24,1695,970,578,-799,-118
48,1696,945,501,-415,-12
64,1702,938,184,441,-114
37,1702,935,-67,402,-193
12,1702,944,186,-40,-257
27,1699,946,356,-279,-189
66,1704,928,232,472,12
73,1712,912,38,950,139
38,1716,911,-62,648,0
14,1706,904,165,476,25
12,1706,909,226,765,-179
8,1715,905,411,379,-280
-5,1721,900,206,172,-283
14,1722,904,267,-165,-126
41,1723,898,74,138,93
49,1716,908,68,480,16
48,1714,909,-148,753,-69
26,1708,920,97,482,-114
32,1717,930,270,660,-146
28,1712,921,429,687,-102
10,1710,910,202,274,-86
-4,1716,920,121,-168,-79
9,1719,928,303,14,-132
19,1711,907,416,63,-103
39,1715,899,336,503,80
43,1717,905,277,824,55
9,1715,902,253,354,-81
7,1701,907,256,242,-78
16,1697,917,178,254,37
21,1704,932,305,165,24
34,1713,925,160,440,70
11,1713,926,166,528,-105
-12,1706,920,216,69,-180
-8,1710,925,376,-221,-104
10,1722,926,140,256,-134
25,1713,913,64,642,-82
20,1708,903,10,539,-101
7,1711,913,108,44,-79
18,1718,916,71,198,-146
16,1716,910,29,236,-167
14,1707,913,199,48,-132
32,1709,918,246,274,-156
35,1717,925,-50,431,-103
37,1715,913,1,578,-62
28,1708,904,-31,349,-8
17,1711,913,314,504,-101
6,1719,901,344,341,-138
-7,1726,906,275,124,-108
-7,1719,913,302,20,-96
6,1707,903,354,44,-46
25,1712,909,282,240,-3
41,1722,905,195,713,-105
29,1723,907,68,986,-162
-12,1713,902,42,149,-155
-17,1701,915,272,-277,-138
3,1708,920,111,22,-79
17,1710,929,-1,174,-99
33,1709,929,152,453,-61
32,1703,928,66,886,-52
9,1707,915,83,201,-59
-2,1708,919,13,221,-199
-1,1710,924,247,-37,-82
12,1714,908,54,284,-95
9,1713,902,270,-417,59
16,1718,904,167,172,-54
17,1724,899,-12,186,-114
9,1712,903,69,330,-83
-1,1704,914,295,-177,-83
15,1705,919,545,-243,13
31,1735,904,195,501,-109
18,1740,903,26,394,-127
3,1714,908,187,40,-51
-4,1700,912,148,-73,34
10,1700,923,316,52,-40
30,1704,932,606,-96,-63
26,1718,902,-19,240,-133
16,1717,907,-36,193,-82
-2,1717,919,-128,-206,-185
5,1708,929,-416,-53,-116
18,1686,952,-592,-204,-173
48,1668,998,-804,-174,-87
101,1670,1048,-1194,-200,30
166,1676,1079,-2232,239,36
207,1625,1094,-3331,2355,30
195,1534,1166,-3802,4169,955
128,1429,1258,-3496,3897,1984
65,1351,1341,-3653,4731,2815
-24,1296,1426,-3884,5792,2923
-159,1251,1548,-3264,4213,2594
-338,1262,1830,-2369,2915,2069
-590,1198,1929,1482,657,125
-666,1102,1708,2388,-834,-241
-716,1066,1513,4001,-8843,540
-666,1089,1323,7070,-8804,2081
-375,1245,1083,10339,-11399,4117
39,1489,870,11283,-7973,4857
220,1881,812,12362,-6186,4233
114,2075,493,13321,-5605,1592
130,2087,295,14096,-5752,671
354,2156,55,13674,-4828,613
642,2275,-106,11138,-526,-567
775,2218,-160,10881,1921,-1006
831,2151,-108,10930,2629,4
764,2116,-56,9408,4997,8
573,2069,91,9586,5034,78
197,2078,161,9309,2941,-528
-241,2042,172,8889,-692,-1632
-573,1971,150,8473,-6980,-1676
-549,1860,174,10415,-13283,-396
-63,1891,119,11316,-15988,-78
648,2006,98,10345,-9459,-803
1302,2177,180,8832,-1841,-2318
1364,2239,207,4838,4004,-3074
577,2163,103,3836,-2514,-297
-248,2019,68,4275,-12388,-480
-514,1916,-9,5401,-21970,-2347
-207,1964,-136,4416,-25407,-2160
471,1903,-254,1751,-13980,-1317
780,1865,-203,-275,-6529,-115
529,1866,-172,-1517,-6333,-709
205,1813,-331,-1177,-6244,-903
134,1778,-584,-155,-4156,-621
170,1807,-676,-710,-563,-575
109,1882,-531,-732,1926,-487
55,1894,-455,-175,2579,-161
152,1902,-428,649,4794,867
327,1910,-460,1139,7036,1705
415,1978,-421,1131,12180,2400
215,2230,-333,-538,14909,1024
-266,2232,-382,174,10486,-1759
-557,2127,-465,2011,-925,-1631
-274,2092,-525,2849,-3148,1160
233,2075,-493,1694,1450,1628
478,2086,-365,1321,6268,695
533,2063,-275,117,7702,97
378,2047,-221,223,8430,-974
177,1956,-158,557,4366,-368
139,1918,-149,352,2484,848
140,1969,-129,1098,1401,1868
228,2042,-111,-616,3039,1343
224,1997,-119,-435,2047,997
222,1941,-144,-863,242,970
357,1958,-97,-2177,1555,1091
461,2120,-63,-2740,3706,345
316,2043,-130,-3189,3992,-722
231,1872,-83,-1463,160,743
388,1932,-71,-2392,859,2300
565,2042,-138,-4057,3176,1642
543,2028,-183,-4769,5080,438
462,1925,-209,-3068,3616,-329
527,1954,-155,-4456,5289,-260
597,2001,-89,-5411,5824,-455
554,2069,-78,-6927,7810,-278
328,1988,-92,-6801,6145,275
243,1898,-38,-5904,3804,954
169,2024,2,-6960,5459,823
26,2088,-20,-6671,840,-441
72,2029,-61,-6473,-7,24
294,2021,-81,-7819,3758,658
461,2030,23,-8908,7048,-279
389,2006,126,-8844,3943,-1537
249,1983,271,-8676,3634,-1735
67,1927,293,-8977,-620,-1866
32,1871,416,-9953,-784,-1126
110,1832,461,-11131,3679,-1172
103,1783,585,-10941,1349,-2395
76,1753,731,-9260,1795,-3729
12,1724,733,-9531,-3449,-3321
119,1700,814,-8414,-4622,-1940
448,1739,769,-9920,2340,-541
647,1748,700,-10176,5045,-382
602,1779,701,-10229,7875,-1168
366,1801,773,-9004,5961,-1376
133,1748,875,-7589,4640,-701
-54,1672,974,-6784,3705,-159
-187,1645,1040,-5951,3052,-735
-257,1627,1070,-4459,196,-1289
-276,1634,1059,-3682,-322,-1528
-286,1610,1114,-2535,-1331,-1460
-249,1553,1206,-959,-2507,-1254
-166,1511,1306,434,-1705,-1052
-107,1490,1337,1377,-846,-1218
-54,1464,1368,2416,-1377,-1241
-7,1435,1342,3222,-1596,-960
32,1424,1297,3758,-2104,-770
63,1440,1256,3607,-1767,-653
75,1472,1233,4008,-1714,-413
95,1507,1192,4447,-1230,-496
92,1527,1137,3978,-143,-387
117,1549,1112,3386,644,-298
108,1560,1100,2594,923,-541
40,1583,1080,1999,480,-583
23,1578,1033,2078,-786,-363
60,1572,1007,1563,-1064,10
104,1581,1012,1358,-358,340
157,1613,1039,1286,2137,777
158,1640,1050,767,2930,956
115,1634,1045,707,2114,469
43,1645,1034,-377,1401,-179
-54,1633,1022,-95,-433,-314
-68,1606,1036,313,-1677,-259
60,1632,1036,392,-445,117
159,1668,996,36,1533,316
161,1676,1000,-18,1801,196
127,1651,990,268,712,417
124,1659,1011,49,1603,506
69,1676,1014,-84,1342,26
-24,1679,987,-77,338,-354
-60,1665,979,185,-379,-555
-9,1663,978,354,82,-358
61,1681,952,392,183,-157
117,1696,934,-59,888,67
93,1706,958,-428,774,68
55,1670,964,231,296,-71
14,1678,965,-69,182,-30
2,1685,966,0,456,-253
25,1683,951,-149,402,-254
38,1687,959,-46,284,-105
37,1682,969,149,136,-85
34,1684,969,205,-190,1
44,1685,955,187,11,-19
38,1684,964,254,264,-195
33,1683,975,425,238,-179
48,1674,970,453,250,-252
61,1671,981,207,316,-218
50,1671,987,60,173,-158
49,1664,993,-139,622,-116
57,1653,995,162,122,-16
63,1669,1002,-162,549,-18
38,1660,991,7,299,-178
30,1649,998,137,198,-117
32,1657,995,-30,321,-179
35,1653,986,95,-75,-216
53,1664,1005,10,362,-60
43,1677,1000,251,-523,-88
50,1671,981,443,-404,-70
71,1667,960,481,109,172
53,1682,963,261,-106,31
32,1681,974,297,-286,-49
45,1672,975,431,69,-4
57,1677,975,430,214,-124
66,1686,978,272,606,34
38,1679,958,439,48,-140
34,1676,953,365,61,-148
54,1676,962,186,948,-249
60,1677,975,251,601,-197
43,1685,970,284,358,-146
32,1675,958,228,9,72
39,1671,968,307,-182,106
53,1683,957,81,385,-44
48,1684,957,120,740,-322
43,1680,956,298,55,-279
48,1685,978,407,419,-229
39,1682,964,336,-125,-60
55,1668,954,380,369,5
81,1674,972,413,-63,27
74,1691,962,270,604,-208
39,1686,945,-62,478,-185
25,1673,950,24,75,-156
30,1671,961,170,-588,-58
60,1678,986,369,204,-153
64,1683,960,124,-4,-264
55,1681,968,52,587,-290
51,1675,978,438,85,-162
72,1675,957,222,491,-25
65,1682,964,208,283,-59
53,1678,969,185,395,-178
