165,1694,950,118,475,-40
154,1694,955,126,715,-153
126,1679,947,314,151,41
120,1685,951,357,325,118
126,1692,943,497,-411,197
151,1690,932,235,155,93
181,1694,959,-7,571,-89
172,1694,986,124,561,-41
149,1676,974,136,-38,98
170,1670,958,152,60,135
186,1677,945,25,815,171
189,1677,922,5,787,402
226,1693,888,-201,1138,202
225,1725,881,-476,1842,-146
169,1712,903,-308,1668,152
109,1675,914,54,1057,608
74,1683,911,-63,397,336
68,1713,934,-329,-286,-301
75,1701,970,-67,-567,-390
102,1677,961,71,-699,-273
141,1673,955,-21,-788,-156
185,1676,965,-114,-12,-245
206,1663,966,-290,334,-234
183,1659,972,-352,291,-236
136,1664,980,-365,-167,-291
103,1668,975,-233,-1094,-171
121,1674,965,-220,-1305,-98
162,1681,968,-29,-569,-114
189,1679,945,23,-257,-266
208,1679,948,-56,113,-387
201,1685,954,55,294,-242
170,1681,951,135,144,-122
152,1679,945,191,-109,-112
154,1688,946,285,-262,-176
162,1688,948,250,122,-273
157,1686,947,375,32,-269
154,1680,946,488,-67,-226
176,1680,947,551,-69,-207
186,1683,950,347,501,-267
165,1678,954,190,508,-241
137,1672,969,339,135,-117
134,1670,969,299,-260,-127
152,1673,967,110,72,-149
163,1675,973,246,439,-194
156,1665,984,312,301,-252
157,1667,990,292,3,-165
178,1660,994,213,246,-169
187,1656,995,259,498,-148
173,1657,988,109,318,-88
169,1657,990,158,337,-66
164,1665,981,-66,444,-218
137,1668,965,-25,42,-99
140,1670,961,-20,67,-124
146,1677,965,-108,367,-189
130,1677,959,-41,-89,-232
122,1676,972,31,-203,-218
138,1679,968,23,102,-192
149,1670,951,180,-174,0
160,1674,951,204,376,47
165,1677,956,193,455,46
164,1679,962,311,280,-53
164,1679,946,204,358,-1
162,1683,944,122,505,-2
156,1685,952,99,653,-37
144,1687,951,147,481,62
133,1682,956,84,115,39
133,1680,961,188,232,-56
143,1678,962,62,210,-22
169,1671,976,-80,206,23
195,1663,993,-163,731,117
177,1652,994,-134,540,11
159,1656,995,-53,403,142
179,1659,991,-70,692,83
177,1663,986,-109,836,-42
147,1666,980,-157,383,-83
142,1660,994,-26,489,-17
143,1664,977,-52,304,12
160,1665,953,-83,-37,79
195,1668,952,-323,775,-54
188,1669,957,-300,1269,-53
151,1676,953,-208,926,-90
120,1678,945,-277,298,-93
111,1672,961,-95,237,-103
112,1680,968,0,-217,-31
124,1683,956,-239,-48,-81
150,1673,960,-169,-164,-9
176,1668,984,-26,22,7
189,1667,974,-61,459,-10
187,1664,968,-51,647,13
166,1662,971,-53,571,-70
158,1666,979,152,180,-12
165,1672,972,12,763,-124
158,1668,968,-52,695,-202
137,1664,967,14,270,-224
136,1662,981,-46,257,-281
141,1661,997,143,406,-368
132,1651,999,141,375,-353
131,1649,1001,131,-21,-396
147,1650,1003,161,213,-354
147,1653,993,243,85,-286
147,1651,993,380,139,-234
150,1656,996,468,439,-215
145,1661,988,429,370,-165
140,1661,985,384,451,-212
134,1655,974,351,181,-146
137,1661,979,536,393,-36
157,1661,960,552,584,284
181,1660,963,537,783,313
159,1678,979,384,1179,42
108,1681,977,334,592,-119
75,1670,970,345,114,-104
74,1679,968,189,158,-79
80,1675,975,440,-572,-164
105,1668,965,293,-508,-276
139,1661,983,197,-93,-120
160,1652,1000,142,333,-159
156,1652,1024,250,499,-243
142,1648,1013,86,222,-176
135,1637,1001,77,6,61
142,1647,1003,21,294,59
141,1655,1009,-42,326,-111
131,1655,1000,108,99,-147
131,1659,985,120,42,-66
134,1666,980,47,245,-44
129,1668,977,110,47,-114
123,1668,973,33,-205,-116
132,1675,979,258,-177,-44
151,1672,959,340,57,34
176,1675,952,249,656,-12
170,1678,961,243,720,-101
150,1671,969,349,354,-99
153,1663,970,365,398,-95
161,1664,973,309,759,-22
149,1672,977,259,553,-128
127,1674,971,139,176,-176
109,1663,969,123,-415,-144
124,1664,984,254,-166,-56
160,1667,990,135,504,-38
162,1662,989,-25,592,-160
142,1653,985,162,34,-186
140,1650,996,171,101,-77
143,1655,1001,30,422,-102
130,1661,988,-59,287,-186
112,1654,986,144,-287,-105
116,1653,989,190,-315,-24
149,1661,983,129,-53,-74
169,1660,990,105,346,-164
168,1661,993,153,600,-157
154,1657,983,104,277,-195
145,1663,979,274,109,-94
135,1670,961,277,-97,-39
136,1673,958,117,181,-101
131,1678,967,137,281,-218
122,1676,966,210,31,-205
127,1673,965,230,-57,-139
131,1672,965,143,1,-48
137,1665,970,308,-114,-39
153,1669,976,207,177,-87
162,1667,978,382,476,-153
165,1673,987,344,619,-176
147,1662,972,347,531,-32
140,1660,978,315,387,-103
143,1662,990,367,106,-167
136,1667,988,289,52,-112
135,1663,974,335,185,-38
135,1663,972,274,234,-35
133,1671,972,223,117,-149
134,1677,976,101,-13,-121
127,1673,973,109,72,-49
123,1665,970,291,84,28
147,1669,991,465,374,-187
154,1678,975,395,184,-167
155,1671,968,363,359,-139
152,1674,967,448,504,-60
131,1673,967,755,132,-84
149,1676,963,640,367,-138
163,1675,953,558,633,-109
153,1681,939,299,754,-97
130,1688,950,259,596,-156
100,1676,948,571,-300,-93
109,1678,951,480,-118,-89
134,1683,950,364,254,-188
143,1684,950,299,343,-280
148,1680,945,278,248,-85
152,1675,960,252,456,-56
140,1678,967,119,387,-172
130,1681,975,280,87,-271
137,1676,980,474,-7,-84
151,1672,970,489,430,-93
159,1666,961,179,928,-206
150,1670,969,239,860,-37
116,1668,975,270,528,99
99,1672,981,57,234,57
98,1684,974,460,-15,205
98,1687,962,428,-175,141
98,1702,933,158,154,-46
117,1699,924,175,453,-122
124,1693,925,128,163,136
128,1678,929,111,-79,-91
128,1683,937,77,-518,-162
129,1710,951,-116,-548,-59
135,1690,942,480,-795,14
175,1680,923,427,-462,47
203,1697,922,112,546,-234
183,1688,921,-102,655,-344
152,1681,935,-2,588,-184
132,1681,953,114,277,-29
129,1690,957,49,77,-36
129,1687,945,51,-66,-176
136,1677,948,143,194,-219
153,1681,967,181,463,-244
134,1678,969,176,349,-135
117,1673,967,50,-213,-37
122,1678,972,48,-79,119
144,1676,977,231,269,-3
162,1676,971,353,191,-146
154,1686,954,72,549,-199
136,1681,937,-16,35,-46
137,1676,942,57,-124,0
156,1679,950,85,-148,-20
177,1682,942,135,-20,-16
185,1688,940,-4,481,-15
164,1686,946,-23,394,-79
156,1687,944,0,278,-51
152,1688,953,111,327,-186
141,1686,949,134,102,-85
133,1687,944,39,-22,5
140,1687,950,159,185,19
155,1683,961,312,321,-18
149,1679,950,250,239,-46
148,1682,952,363,302,-116
153,1682,947,152,399,-125
147,1683,948,110,286,-45
140,1683,952,200,121,-8
141,1684,956,279,50,-67
147,1687,952,239,499,-81
150,1685,954,193,429,-87
149,1678,951,141,261,-104
140,1678,958,126,99,-83
142,1676,951,180,-60,-37
159,1677,963,296,309,-11
160,1689,957,157,774,130
139,1687,949,324,251,56
126,1687,943,393,-54,-67
142,1694,954,395,392,-132
152,1689,939,233,546,-28
153,1685,934,112,540,-46
150,1681,932,42,-85,62
165,1685,941,40,101,-56
157,1689,951,75,152,-111
147,1686,957,113,573,-95
131,1684,947,144,281,19
131,1686,953,-3,245,-46
150,1681,952,189,37,-54
159,1681,947,177,-91,-145
157,1680,954,78,366,-73
155,1682,959,128,344,12
158,1677,954,234,454,41
159,1679,953,94,406,-64
154,1683,955,-60,370,-150
137,1687,952,-15,-176,-16
141,1685,951,30,58,32
150,1679,945,-54,203,-40
158,1684,953,-87,453,-215
144,1686,962,-72,128,-185
142,1677,960,119,-182,-30
159,1672,951,20,68,-60
177,1678,966,-11,449,-49
178,1680,972,-65,529,-50
176,1668,968,-62,725,-61
170,1667,953,-350,761,-88
147,1673,950,-584,631,-224
106,1678,962,-457,-157,-202
99,1675,974,-78,-736,-134
134,1670,988,123,-554,-81
189,1668,979,107,76,-63
213,1666,964,54,383,-218
210,1672,963,0,879,-227
178,1669,956,-12,840,-115
137,1672,962,155,544,-3
110,1681,958,182,40,0
112,1682,953,146,150,-103
131,1681,953,113,400,-188
131,1677,961,112,438,-113
130,1675,967,172,173,-64
136,1671,973,161,385,-10
137,1666,985,219,145,21
145,1666,987,184,199,6
147,1669,985,162,654,-34
139,1671,974,274,132,-34
144,1668,968,329,219,28
149,1674,966,215,371,-27
143,1672,966,151,490,-21
144,1670,963,215,231,0
149,1670,962,194,195,46
148,1674,966,142,333,-8
132,1673,964,107,8,-27
135,1671,966,129,-147,-62
146,1676,974,140,259,-83
157,1675,968,252,448,-30
153,1674,969,269,325,-22
154,1672,969,188,420,-104
154,1668,973,213,292,-104
156,1664,970,188,137,-3
167,1664,964,35,409,7
156,1670,968,-8,337,-67
150,1670,961,-60,-91,-22
162,1670,950,14,-38,-12
168,1674,956,-69,269,-10
163,1673,971,-41,285,-62
161,1667,968,-26,105,-65
160,1666,972,-79,183,-177
161,1667,977,-177,342,-137
137,1663,969,-113,-20,-59
140,1661,974,-63,-265,-106
158,1665,982,-77,-7,-163
159,1668,991,10,103,-174
162,1663,990,153,-174,-156
181,1662,976,174,190,-74
189,1661,972,175,611,-143
171,1666,975,79,642,-194
144,1668,981,213,139,-126
136,1664,974,267,202,-68
135,1664,968,146,234,-137
138,1669,978,115,119,-184
142,1667,981,230,-21,-130
157,1660,975,98,217,-92
167,1661,975,-23,553,-114
156,1662,982,111,319,-82
147,1661,977,229,1,-113
151,1662,983,258,55,-100
162,1666,978,87,365,-62
163,1662,980,140,365,-112
154,1658,972,75,203,-147
153,1663,975,57,43,-151
154,1669,979,4,359,-137
142,1660,973,106,58,-89
141,1664,972,126,172,-130
146,1669,984,115,207,-96
145,1666,981,217,85,-134
147,1660,981,185,53,-195
158,1661,984,268,257,-162
161,1663,982,128,413,-136
147,1661,981,90,293,-112
154,1657,992,235,439,-178
145,1660,997,210,168,-187
138,1655,991,360,-20,-114
145,1658,988,231,284,-93
143,1660,991,309,230,-132
145,1654,996,415,275,-145
148,1655,997,325,527,-59
146,1656,994,283,528,16
148,1648,999,329,312,107
184,1648,1007,301,1088,114
183,1649,1010,356,1316,22
140,1651,1009,218,951,-18
110,1651,1001,330,55,48
135,1660,994,297,885,131
148,1668,982,261,969,-2
138,1667,983,412,611,-94
124,1664,973,329,427,10
145,1662,976,417,445,25
164,1670,968,161,971,56
158,1674,961,53,1335,-32
141,1672,953,107,918,8
126,1673,945,183,512,110
125,1682,950,66,509,27
127,1684,953,135,454,59
129,1686,950,247,146,22
131,1685,944,200,287,-51
135,1681,949,105,469,-81
142,1677,955,117,384,-81
146,1673,961,34,512,-75
150,1669,973,268,594,-61
135,1671,970,296,447,-11
127,1673,973,388,214,-25
138,1674,953,252,183,25
144,1673,963,244,624,-89
132,1670,961,302,494,-24
134,1669,969,331,227,161
140,1672,969,267,488,111
132,1670,966,253,284,35
130,1670,970,133,359,-46
132,1675,979,157,505,-122
129,1671,977,174,395,-92
118,1670,973,211,139,-32
120,1674,966,222,219,-21
135,1679,970,373,515,76
144,1673,969,389,547,2
135,1674,965,389,797,-40
123,1674,945,398,176,94
133,1671,947,363,398,159
139,1678,951,304,591,133
132,1689,956,263,498,86
129,1686,943,203,304,-14
116,1682,955,79,707,-191
95,1680,959,122,330,-188
103,1682,967,285,194,-9
112,1681,962,225,57,25
117,1677,965,96,473,15
115,1671,969,69,181,9
107,1665,979,79,-200,-80
126,1663,985,-19,0,-192
125,1665,990,7,-29,-154
128,1666,985,59,-117,142
149,1668,980,-62,203,156
145,1666,976,-44,65,-41
135,1665,985,66,-163,-46
140,1678,980,-80,-37,70
138,1673,968,-46,-181,169
127,1668,953,-6,-602,28
149,1677,943,-10,-306,19
176,1688,942,-238,476,-67
170,1671,957,-86,278,-137
157,1670,963,-28,-32,-159
157,1676,961,-68,18,-197
161,1672,967,-6,414,-141
164,1672,975,230,133,-198
148,1675,971,175,116,-294
147,1666,970,361,-18,-221
161,1666,971,254,235,-87
174,1663,976,282,578,-94
168,1662,974,74,850,-115
140,1663,977,77,621,-147
112,1662,980,58,222,-127
103,1667,986,132,-284,-65
110,1670,979,187,-217,-122
123,1668,981,139,-309,-86
144,1666,972,-129,203,-87
161,1661,971,-49,368,-141
164,1670,990,-6,623,-106
137,1672,984,195,139,-28
130,1661,976,187,49,-27
142,1669,967,145,433,-67
143,1669,971,172,425,-134
131,1667,969,156,-54,-54
139,1672,971,141,-66,-13
150,1666,971,141,45,-51
155,1665,969,72,257,-78
146,1670,971,3,351,-73
131,1669,978,-8,98,-84
123,1663,980,181,-276,-44
133,1668,972,180,-398,-26
149,1672,972,122,-81,-142
165,1668,985,200,391,-146
164,1667,976,348,269,-97
168,1664,970,234,425,-101
154,1666,969,180,350,-83
143,1662,980,89,293,-107
149,1661,986,94,266,-86
151,1672,985,163,89,-21
139,1670,983,246,252,-117
130,1657,963,125,-16,-89
146,1669,973,153,292,-42
150,1670,981,114,622,-39
134,1657,974,335,91,-52
122,1658,975,264,-281,45
150,1662,985,349,-181,111
175,1665,982,212,425,41
166,1667,971,22,523,-86
143,1665,978,50,283,-119
129,1668,984,-35,171,-99
126,1668,971,-79,-253,-74
141,1662,983,29,-70,-61
165,1656,979,-30,-53,10
187,1656,1000,-259,632,-146
165,1656,999,-256,203,-151
157,1649,1006,-100,-40,-134
178,1651,1014,15,340,-6
174,1651,997,35,-21,73
176,1657,984,-100,253,84
166,1660,975,5,309,-56
155,1667,973,32,389,-58
143,1674,987,144,620,-120
130,1665,973,210,142,-110
148,1658,976,248,95,-68
172,1664,976,1,589,-62
163,1664,992,60,688,-176
134,1655,990,119,63,-128
144,1654,987,302,-53,-86
162,1661,984,67,330,-14
168,1659,981,-53,605,-49
151,1655,989,-2,322,-14
148,1653,992,103,213,-32
148,1651,992,158,147,14
159,1651,993,-25,585,37
156,1649,994,-32,317,21
151,1650,1006,-43,525,16
143,1649,1012,97,208,-29
143,1649,992,34,-93,32
156,1653,991,-48,301,17
159,1657,993,-86,562,-31
156,1654,990,-91,524,-28
148,1657,984,-343,325,-26
126,1660,976,-359,-336,118
119,1666,969,-434,-511,226
143,1657,979,-303,-455,120
178,1661,979,-174,254,42
169,1657,1007,154,-121,-116
176,1658,1012,305,56,-160
209,1649,1002,231,331,-101
220,1641,998,61,555,-90
212,1635,1019,51,898,-89
189,1629,1011,-60,373,135
181,1622,1009,-163,268,8
191,1634,1011,-786,916,-501
162,1632,1007,-1369,635,-847
146,1612,1028,-1814,-257,-832
162,1581,1051,-2833,-1133,-996
202,1540,1077,-3913,466,-1545
182,1509,1096,-5217,1242,-1686
170,1430,1169,-5154,3566,-1506
149,1339,1326,-4292,5236,-1009
31,1283,1447,-3329,4234,-616
-77,1258,1516,-2903,2820,-186
-147,1258,1593,-3349,3583,711
-282,1263,1729,-1709,2983,2198
-479,1220,1762,1681,-6289,3631
-350,1153,1640,2727,-4925,5336
-45,1228,1544,3955,-3040,5489
-6,1324,1433,6621,-611,4533
79,1412,1317,8874,-907,4046
-94,1644,1259,8253,303,1326
-418,1717,1213,12161,-7377,-397
-310,1709,972,13529,-13380,316
371,1828,685,14920,-7605,-164
959,1991,478,13755,1848,-201
1136,2047,448,12943,9874,-721
804,1986,279,11012,9113,-934
402,1871,248,12678,-435,716
516,1876,204,12466,-335,1584
781,1885,199,11704,5805,1571
787,1903,260,10352,11681,881
482,1869,409,10268,9890,-117
106,1862,418,10012,6163,-272
-218,1870,338,10814,-3197,1715
-32,1832,255,10250,-5891,1302
292,1926,277,9682,-1987,-202
437,2009,249,8602,884,-1335
371,1954,218,7275,-1499,-2490
130,1929,230,7043,-6042,-1195
57,1920,272,9073,-12601,-458
300,1999,232,9311,-15346,-860
589,2100,51,5173,-13189,-1207
622,1985,-147,4519,-11551,-831
570,1854,-234,3247,-6064,555
297,1931,-122,38,-877,1408
-106,1949,-51,-852,-8552,1434
-203,1916,13,-3611,-12189,2744
-254,1989,97,-6381,-13303,3123
113,1889,-168,-5707,-15495,1830
694,1776,-376,-5624,-4042,1436
795,1880,-397,-6526,659,1881
589,1919,-134,-7260,3595,3245
127,1852,-390,-4236,2769,2705
228,2035,-629,-2730,6082,1113
318,2183,-706,-964,11638,555
138,2249,-648,-491,9789,461
-13,2349,-569,65,7181,256
123,2256,-623,2412,6505,891
460,2128,-556,4111,12891,608
593,2145,-466,2168,18985,442
292,2164,-228,1906,12534,355
-20,2011,-152,1964,5049,2112
-48,1905,-60,4357,-3312,2074
332,1891,-54,4770,-3932,1501
760,1933,38,1987,6428,374
654,1945,218,-1114,12243,-846
297,1831,407,796,8161,351
151,1861,360,-1044,1924,842
36,1940,328,-1959,-4842,636
126,1893,265,-2115,-8901,2043
445,1912,271,-3954,-1197,2657
689,1915,314,-1783,3702,79
758,1980,282,-4022,10508,-2513
531,1891,151,-4498,3028,638
527,1822,184,-4439,-1369,2548
660,1889,203,-5433,1181,1108
736,1947,108,-5434,3639,157
811,1988,13,-5709,10191,-2023
668,1964,-22,-6815,7413,-1057
435,1899,12,-4857,1281,939
567,1880,-96,-5921,-849,1132
891,1945,144,-5357,9861,-2884
582,2028,254,-6215,13513,-4255
-29,1946,200,-7654,1147,-2036
-221,1853,-1,-10673,-11831,228
194,1762,-72,-12118,-10461,-1270
782,1788,297,-10835,5331,-3514
849,1859,495,-10917,13006,-3572
408,1775,567,-12576,10445,-3822
-78,1734,637,-13989,4628,-3503
-566,1699,869,-8196,-8177,-2653
-826,1728,1122,-2969,-7529,-3426
-530,1798,1028,-4746,-6593,-5251
-297,1736,1195,-4296,-4920,-6347
-208,1600,1340,-1784,-8742,-4576
102,1465,1384,1162,-10837,-535
548,1371,1418,2931,-3,1251
741,1365,1337,1935,6926,-209
563,1464,1295,1167,8219,-1802
215,1557,1242,1679,3887,-1115
12,1557,1144,1205,6382,-853
-175,1539,1018,-114,326,-311
-188,1623,1068,-1762,-3762,-292
57,1760,1172,-2260,-3973,739
332,1674,1000,-1976,186,1064
396,1594,834,-2716,257,707
301,1715,990,-2472,1454,-677
101,1760,1020,-1825,1421,-1081
-20,1681,1015,-970,-1368,-824
-11,1635,1068,-734,-2137,-486
71,1623,1103,139,-1748,2
230,1616,1090,507,-184,389
334,1597,1099,767,1798,221
310,1617,1104,625,3143,-159
204,1652,1062,390,2077,-82
96,1641,1016,191,2206,223
37,1636,1058,239,1044,16
39,1672,1129,-3,-818,204
95,1657,1060,165,-528,196
214,1607,935,-633,402,87
292,1582,892,-556,1525,57
281,1631,919,-573,2400,-169
194,1682,946,-482,1097,-92
93,1672,952,88,-403,-106
48,1678,980,217,-269,-446
63,1680,961,-112,-291,-447
125,1663,957,224,-466,106
206,1651,937,117,343,173
254,1653,955,-211,1450,-5
216,1656,990,-646,1118,16
150,1655,1035,-719,596,-12
66,1657,1053,-579,364,-264
-42,1650,1028,-647,-1088,-381
-90,1646,998,-809,-3503,-662
-14,1640,1022,-697,-4107,-517
162,1631,1040,-772,-2704,-487
290,1605,1019,-812,-1498,-185
335,1598,1030,-898,343,41
296,1612,1033,-699,296,217
242,1615,1021,-700,175,118
221,1631,1038,-413,-330,144
190,1640,1038,-333,572,-59
140,1634,1015,-268,-599,-288
140,1630,995,-183,-1415,-125
199,1634,1016,-123,160,-153
227,1624,1039,140,339,-199
208,1615,1056,357,178,-78
204,1617,1048,128,706,268
196,1605,1044,445,776,258
213,1606,1078,507,983,144
224,1602,1084,177,1295,-30
203,1595,1088,307,825,77
174,1587,1085,508,-478,337
212,1593,1112,410,858,265
221,1598,1073,92,1285,11
192,1599,1033,27,729,-21
164,1615,1022,73,506,180
161,1629,1019,184,-69,54
170,1628,1013,212,921,16
144,1628,1000,-38,203,15
141,1634,997,-305,76,94
158,1632,1008,-147,-223,100
156,1631,1015,14,-225,-25
157,1631,1035,-85,45,-244
162,1621,1043,-93,-185,-204
175,1608,1050,-95,-470,-179
208,1598,1067,106,-170,97
230,1602,1078,244,518,104
227,1596,1066,205,516,176
226,1595,1075,147,685,89
203,1598,1075,-153,640,152
194,1592,1075,41,-22,160
210,1592,1089,-152,418,216
219,1586,1096,-234,514,94
205,1584,1085,-272,50,90
184,1585,1078,-219,-944,194
223,1601,1096,-180,147,121
224,1603,1074,-178,546,36
208,1589,1062,-11,-85,-69
217,1600,1061,67,549,-143
206,1607,1033,-49,28,-195
181,1605,1011,57,-587,-97
211,1616,1011,97,347,-6
213,1627,1004,-14,358,-70
198,1625,1008,-58,201,-193
189,1617,1018,-149,207,-241
183,1611,1039,93,-132,-221
179,1608,1051,68,-50,-137
187,1603,1062,-6,-461,-53
202,1600,1085,84,-51,-202
224,1585,1090,139,240,-173
233,1572,1083,137,467,-91
227,1573,1096,134,323,-25
226,1580,1095,-90,315,-29
206,1579,1091,13,513,-276
171,1583,1080,84,-46,-320
162,1596,1075,84,-464,-301
182,1601,1061,75,-224,-168
188,1603,1049,150,-489,-233
212,1614,1039,208,-282,-198
231,1613,1041,133,497,-210
219,1602,1037,120,384,-223
197,1602,1051,114,-19,-172
185,1604,1043,213,-516,-140
194,1604,1054,207,-109,-133
207,1607,1064,111,156,-148
195,1600,1057,111,-442,-172
200,1596,1062,262,-272,-142
227,1597,1076,405,-34,-87
245,1593,1086,419,510,-175
227,1586,1092,374,267,-153
229,1575,1088,384,117,-60
250,1571,1098,445,575,-39
260,1574,1088,421,903,-37
234,1581,1072,31,851,-48
186,1587,1068,85,490,66
174,1594,1069,297,349,170
193,1601,1076,379,556,71
173,1609,1052,43,215,-77
160,1603,1059,169,-236,-35
195,1605,1073,57,367,43
201,1600,1059,195,-118,29
219,1604,1058,145,202,68
238,1604,1065,59,819,-21
236,1589,1065,296,551,0
221,1597,1051,188,107,-36
210,1602,1029,27,-61,-55
209,1611,1021,113,-143,-109
203,1619,1015,76,-208,-145
205,1622,1024,98,-28,-175
212,1621,1029,123,79,-237
214,1613,1042,96,106,-321
205,1605,1064,327,248,-337
203,1597,1075,270,-91,-209
215,1593,1076,227,59,-103
226,1584,1085,342,361,-66
236,1583,1092,338,419,-82
218,1579,1097,363,291,-197
202,1579,1096,359,321,-103
208,1583,1086,318,326,-135
215,1584,1085,150,220,-180
188,1594,1074,103,-290,-165
212,1586,1075,249,57,-90
241,1588,1073,171,471,-48
238,1595,1051,263,362,-99
222,1605,1041,277,166,-39
210,1615,1038,166,402,27
202,1611,1042,258,332,22
196,1608,1029,-153,130,-32
204,1608,1045,-404,228,-195
216,1599,1059,-753,511,-466
207,1588,1054,-912,-499,-265
264,1592,1064,-2059,-959,-5
354,1528,1086,-3412,538,385
360,1431,1165,-3891,2619,637
273,1371,1245,-4954,3904,365
122,1340,1337,-5905,3018,-432
-47,1296,1487,-6256,831,-1266
-171,1227,1700,-4057,-3136,-782
-284,1260,1944,-1639,-1063,723
-307,1191,1864,-14,1283,515
-96,1085,1601,111,-8908,1885
239,1113,1641,1881,848,1481
360,1141,1604,2264,3710,1100
252,1189,1474,4773,2343,2432
29,1199,1448,6622,-1010,3297
-41,1291,1530,9886,-2838,2302
1,1442,1328,9986,-4443,1859
134,1571,1192,12162,-2176,856
292,1698,974,13864,-1949,119
458,1851,699,14542,-920,670
640,1974,472,13026,4140,131
574,2075,316,11841,5893,-1127
332,2127,189,11383,785,-1388
307,2082,85,11398,-2411,-506
554,2022,123,11978,277,127
739,2012,197,11401,7162,-334
620,1962,290,10781,8461,-1633
281,1871,305,10160,4166,-1004
207,1775,352,10968,80,777
363,1756,427,10574,3261,661
319,1833,492,10326,2729,1307
314,1907,366,10293,-771,756
362,1924,313,10143,1374,-136
192,1919,191,9195,-1298,-71
1,1885,207,10851,-7915,85
130,1960,168,11671,-14610,-248
510,2078,141,10872,-12777,-2035
673,2051,76,9333,-10700,-2804
539,1885,-82,8118,-12434,-1437
376,1939,-83,5281,-8370,-628
-2,2066,29,1471,-10443,508
-81,2011,188,-952,-9982,2206
-57,2007,163,-4920,-11616,3327
3,1977,-22,-5617,-18493,3556
542,1865,-350,-6903,-11020,2740
858,1795,-432,-4749,7871,3022
479,1846,-691,-2551,1050,1166
329,1952,-936,-1422,850,380
240,2057,-836,-1715,9591,-345
-42,2067,-818,-571,2553,-590
-111,2080,-777,837,-988,-882
211,2082,-730,1101,3281,-1080
641,1998,-616,2069,13200,-529
628,2053,-595,1451,17589,-565
219,2030,-418,741,13765,314
-108,1952,-262,2501,4017,1747
85,1976,-358,1678,1730,2354
230,2066,-354,-1360,6970,1128
156,1957,-231,-584,2727,1704
361,1863,-93,443,3928,2012
552,1966,36,-800,6614,1025
525,2006,172,-714,4813,146
415,2015,197,-2339,4437,742
215,1945,231,-1927,-399,1317
227,1967,304,-3951,-326,1163
472,2001,247,-4351,-1777,1223
786,2030,109,-5035,6531,-343
691,1982,-2,-6426,7225,-1630
466,1901,80,-4810,3012,1022
382,1988,111,-5857,4493,166
309,1946,69,-7487,1049,-925
294,1960,119,-7388,-97,-1265
334,1949,14,-6766,-2881,-760
550,1850,-53,-5580,-4441,721
892,1901,37,-5428,5532,-45
840,2001,55,-5996,12121,-1678
394,1989,92,-4299,8209,-2932
93,1886,131,-3096,-2205,-1880
394,1812,131,-2199,-6600,709
953,1868,115,-3853,1512,-172
1156,1981,178,-5916,14679,-3366
620,1997,310,-7246,18247,-5553
-282,1859,367,-6061,2918,-3806
-577,1756,112,-6352,-15876,-896
15,1774,87,-7799,-12908,-964
537,1933,401,-10025,4831,-3335
336,1901,673,-10292,10454,-5358
-81,1689,853,-9391,3298,-5810
-376,1625,1020,-7617,-7822,-4589
-443,1614,1072,-6623,-9890,-1477
-249,1517,997,-4299,-8834,-1450
109,1639,1116,-5124,-5784,-2179
318,1673,1125,-4257,1012,-2473
372,1623,1119,-3612,2483,-2149
263,1583,1186,-3836,4149,-1656
74,1552,1225,-3080,2033,-892
-23,1565,1277,-2019,-780,326
-32,1604,1303,-903,-376,822
-82,1624,1211,-468,101,20
-90,1629,1163,510,-855,-433
-40,1642,1219,1677,-4,-396
-11,1628,1241,1857,1262,-103
-5,1593,1197,2343,183,-249
40,1603,1128,2252,-473,193
143,1636,1121,2401,759,537
201,1632,1038,2304,2309,494
161,1652,919,1674,1576,24
125,1702,896,395,1439,-364
95,1728,944,-187,1951,-490
25,1693,888,30,-66,53
46,1682,857,-185,-1742,345
96,1717,896,-637,-843,-23
110,1721,907,-1036,-532,-296
152,1700,881,-713,-729,85
214,1704,904,-664,-58,523
186,1711,896,-391,662,263
131,1714,893,-285,706,-159
81,1722,943,70,-470,-335
82,1707,942,374,-753,-331
154,1678,956,902,-112,454
229,1667,960,1132,889,957
236,1692,988,663,2128,676
160,1697,934,612,1510,92
96,1694,907,466,889,-89
88,1680,940,808,356,98
79,1678,925,537,-182,436
66,1703,908,3,-743,297
92,1728,895,-655,-1701,327
191,1725,929,89,-745,36
234,1720,904,196,936,210
192,1709,854,476,1207,-168
145,1729,866,686,-514,-234
123,1723,879,1212,-391,-141
144,1705,859,1096,-697,129
198,1702,875,1145,-352,33
212,1718,905,1213,432,-118
220,1730,909,1078,1175,-463
198,1700,895,730,1118,-284
122,1695,886,644,4,-155
80,1699,918,773,-726,114
105,1705,930,882,-527,115
148,1704,942,780,18,-81
159,1706,933,451,-343,135
156,1704,924,434,57,-35
160,1700,931,454,392,-42
166,1716,954,410,796,-2
140,1709,928,233,366,-62
116,1706,921,-144,-81,-184
119,1710,941,-169,25,-131
137,1709,964,37,86,-49
152,1711,942,-75,-161,21
164,1715,907,-20,190,-107
163,1730,889,-313,473,-84
148,1722,868,-194,541,-6
141,1720,879,39,49,-33
136,1730,870,135,-640,-16
148,1732,846,68,-272,65
175,1722,848,121,528,51
200,1724,854,238,417,-16
205,1733,876,284,204,-202
177,1736,905,268,775,-372
162,1712,886,316,311,-243
167,1717,871,-248,482,-95
166,1715,871,-180,90,-143
173,1710,890,-15,-501,-203
181,1712,888,132,-25,-128
171,1715,886,115,205,-213
151,1723,898,152,-205,-319
136,1721,883,-106,-225,-269
146,1714,901,390,-220,-207
167,1710,892,338,406,-89
169,1719,899,112,153,-118
152,1712,905,273,62,-106
158,1713,920,158,299,35
148,1709,901,113,55,87
144,1708,905,193,84,39
143,1709,922,158,-568,-47
165,1714,917,219,-436,127
203,1708,905,147,943,163
195,1710,904,-64,945,-18
145,1719,908,-219,-115,-161
122,1721,912,-249,-522,-182
145,1709,913,-124,-368,110
198,1708,918,-120,433,233
192,1721,918,-103,646,-7
165,1716,897,-206,494,-147
151,1709,900,-41,473,-137
160,1707,915,24,626,-112
156,1716,917,-105,745,-96
142,1712,900,-297,23,48
159,1707,900,-251,72,193
185,1711,909,-201,751,154
186,1709,890,-434,777,116
160,1707,886,-120,147,-22
156,1707,912,-193,269,-65
166,1708,894,-399,239,42
179,1713,907,-231,317,-15
177,1709,914,58,293,5
181,1703,904,118,708,-3
175,1709,900,-251,727,-200
161,1711,930,-143,466,-243
143,1698,929,47,-168,-162
154,1687,922,177,274,0
187,1697,926,128,246,140
195,1696,924,349,623,-7
208,1696,916,57,1127,9
191,1701,916,-84,1086,-139
144,1705,909,-130,396,-68
123,1698,912,76,466,-61
135,1698,901,-120,107,5
162,1698,897,-79,-13,13
183,1701,900,-108,281,-51
188,1703,897,-87,678,-97
175,1700,890,154,562,-82
165,1703,911,189,414,-254
148,1706,925,73,121,-306
142,1695,925,-5,-96,-252
162,1680,937,274,-56,-229
190,1678,948,263,304,-177
204,1683,946,147,449,-74
169,1683,936,-22,370,-69
143,1682,949,-68,217,-149
136,1687,959,8,89,-178
128,1683,960,146,-240,-103
137,1686,958,132,-313,-155
142,1684,951,257,-505,-279
156,1691,943,91,-132,-147
187,1682,951,262,227,-115
189,1683,951,272,473,-74
183,1688,933,161,400,-7
156,1689,930,286,-123,-1
137,1698,926,265,-188,-23
154,1702,921,345,191,43
172,1695,918,270,623,-129
172,1698,920,-65,304,-174
157,1695,929,-65,79,-196
152,1685,953,131,-119,0
148,1678,935,68,-92,63
152,1682,931,150,-174,103
161,1688,934,-43,184,-61
172,1692,962,-64,844,-218
151,1700,966,-10,376,-167
146,1686,944,318,-330,-146
180,1683,944,252,323,-17
196,1680,940,194,788,-37
193,1685,945,124,313,-79
182,1698,963,171,687,-65
162,1688,940,363,751,-94
151,1685,926,-41,528,-170
147,1693,913,25,-43,-36
163,1696,921,107,-176,-17
178,1698,936,307,558,-48
168,1697,907,245,527,-53
167,1693,899,90,548,-9
166,1694,916,-213,540,-70
149,1690,921,-538,383,-231
129,1686,945,-944,161,-511
124,1686,960,-1146,-587,-528
185,1665,973,-1526,447,-534
226,1632,987,-2765,1704,-544
215,1598,1041,-4054,1790,-861
192,1576,1143,-4922,1277,-823
171,1479,1297,-4704,2498,319
31,1393,1443,-4251,-122,1009
-69,1379,1482,-5933,-809,486
-66,1318,1527,-6255,384,144
-98,1242,1679,-4163,881,976
-167,1248,1857,-2066,-1829,1918
-151,1291,2061,-2657,-794,2682
-121,1195,1794,2813,5476,3325
-47,1126,1425,2485,-1186,4143
-104,1132,1445,5135,-476,3567
-244,1232,1324,9121,-4258,2969
-27,1401,1320,10285,-6832,1275
147,1622,1004,13121,-5933,1808
451,1825,705,13737,-1277,1172
712,2022,405,13613,2668,46
675,2128,256,11310,8403,-786
330,2070,176,11206,2162,-405
150,2032,169,11068,-2726,-909
202,2057,169,11365,-5045,-1236
512,2036,211,12140,-1915,-1180
740,2041,263,10813,6232,-2307
546,1940,334,10595,5757,-1738
313,1795,381,11057,1203,-766
330,1752,400,10741,259,227
547,1758,458,9898,3836,166
554,1769,495,8541,6580,737
352,1779,440,7816,3656,574
197,1851,436,7745,520,396
174,1943,350,7891,-3639,321
321,1896,267,9268,-6319,947
547,1890,89,9487,-2579,1871
555,2040,-7,9517,-2268,676
471,2098,-63,9073,-5822,-403
325,2067,-219,6201,-8089,732
65,2015,-209,5831,-10044,1309
-108,2040,-258,3931,-15206,976
125,2001,-243,1035,-10690,1446
244,2014,13,-2055,-1864,2619
-124,1974,-36,-3416,-9496,2806
-75,1895,-162,-3800,-12724,1700
375,1888,-337,-4082,-2993,1453
692,1903,-622,-3552,2244,1242
593,1889,-669,-3233,9868,1206
104,1870,-691,-1035,4495,1013
92,2069,-791,-316,1587,-521
352,2143,-808,516,7483,-630
456,2058,-671,2056,12112,345
388,2070,-626,1544,12131,526
212,2060,-472,794,8351,174
163,2036,-307,381,6865,964
193,1973,-167,136,5142,1362
220,1933,-82,244,755,1568
441,1946,-95,-601,2080,2067
578,1955,-80,-1839,7715,1939
485,1886,-38,-440,6509,1468
417,1935,80,258,2097,771
435,1984,61,57,3006,1073
313,2030,24,-1843,1480,564
278,1980,112,-1776,1298,850
354,2017,127,-3034,1792,609
353,2040,93,-3435,-1831,-631
535,1958,2,-3055,-1782,-419
762,1990,-21,-5340,7091,-1278
633,1933,-50,-4650,3666,-936
620,1931,-2,-3650,1191,92
799,1980,-49,-4373,5860,-2126
677,1987,-107,-4765,6469,-2326
482,1924,-78,-4671,3361,-1875
468,1864,-52,-5454,1026,-566
454,1930,-32,-6846,2299,-1343
301,1911,42,-6555,605,-3024
218,1907,66,-4125,-4032,-2742
513,1909,144,-4727,921,-2627
622,1922,224,-6503,6274,-2826
313,1919,229,-7063,2368,-2626
34,1863,194,-6745,-4592,-2990
93,1896,276,-7780,-3896,-4720
200,1879,338,-7879,-2848,-4379
303,1699,283,-9489,-4054,-3242
249,1727,348,-11345,-8308,-2450
224,1886,356,-10277,-9291,-4079
282,1795,398,-9316,-6577,-3791
423,1732,639,-8579,1218,-4524
335,1709,892,-9175,2890,-4921
-27,1644,1075,-7494,78,-3714
-167,1505,1191,-4970,-7782,-1122
94,1447,1299,-4539,-6404,-490
312,1491,1405,-3478,-1733,-567
348,1544,1414,-2517,3023,-1845
187,1551,1419,-2259,6042,-2531
-13,1566,1493,-475,5015,-2219
-175,1545,1534,1050,1904,-1225
-193,1504,1577,3081,-630,-89
-111,1509,1527,3861,-1723,641
-23,1569,1445,3434,-197,851
14,1575,1388,2954,1580,512
-10,1611,1303,2067,449,736
-31,1670,1179,2112,-81,1505
-24,1705,1011,864,-1763,1364
-21,1724,815,-674,-3286,1446
11,1735,814,-593,-3725,985
115,1750,790,220,-2913,643
299,1741,675,-271,830,388
311,1763,664,-1529,970,188
203,1767,730,-1099,-938,245
199,1755,797,-264,-1837,175
271,1745,788,-580,-97,9
287,1735,780,-1376,995,-420
244,1737,826,-1225,394,-156
235,1730,853,-561,-815,406
266,1705,836,1,79,503
266,1705,828,-492,1063,43
212,1735,879,-890,989,-498
158,1729,908,-412,-125,-400
160,1702,890,-78,-451,312
201,1670,847,-111,-225,656
228,1699,875,373,-611,770
232,1711,905,595,434,654
254,1708,913,674,1253,235
246,1726,919,448,1912,-100
153,1710,907,409,650,322
106,1698,903,507,-1165,222
137,1710,924,318,-824,104
198,1703,928,390,612,-72
206,1687,938,366,452,12
174,1682,939,336,-403,18
181,1694,949,76,-1044,-126
238,1693,966,90,-306,-3
277,1677,952,154,444,178
290,1680,924,-296,942,177
269,1696,904,-270,982,-11
214,1703,930,-159,781,-169
184,1704,929,65,414,-46
185,1693,891,175,-466,88
212,1701,880,-20,-127,81
231,1711,882,133,189,-83
224,1712,876,-42,218,-145
204,1701,887,-40,227,-226
197,1695,923,-42,-24,-197
200,1701,938,197,-675,-150
203,1689,919,197,-875,85
247,1679,914,-226,-109,-77
282,1687,932,-293,311,-234
274,1692,925,273,-109,-122
263,1685,900,304,237,-84
242,1690,900,46,669,-211
226,1699,916,-165,796,-215
214,1689,940,-130,338,-273
225,1681,959,-101,475,-279
226,1678,953,42,106,-144
226,1663,946,73,-200,-26
234,1668,975,-88,404,-231
237,1676,1006,-34,748,-455
213,1669,1006,290,-50,-182
195,1665,971,456,-507,259
241,1660,989,483,725,69
251,1678,949,164,516,33
229,1702,921,-161,688,-146
217,1691,919,136,626,-53
205,1685,893,54,350,-19
194,1706,894,-112,143,75
195,1709,890,209,-248,240
217,1694,886,208,598,154
235,1699,884,44,646,43
209,1714,888,31,384,-44
196,1707,887,368,-174,120
222,1689,897,734,147,259
240,1697,898,409,524,215
234,1705,898,376,665,-39
217,1704,894,334,134,-92
205,1701,909,436,288,20
205,1694,909,586,-121,25
233,1696,919,346,-170,17
255,1691,907,213,135,-39
272,1681,919,329,368,22
267,1682,926,306,755,-104
238,1693,934,173,603,-177
200,1693,924,289,241,-107
182,1696,910,-16,-198,7
193,1691,919,161,-152,-12
211,1692,934,134,9,2
238,1690,925,190,-38,18
259,1690,923,236,401,-84
239,1700,925,121,636,-140
215,1693,915,232,-98,74
248,1688,911,346,107,2
263,1695,910,485,194,11
258,1699,904,413,1019,56
228,1699,882,414,296,4
231,1703,881,283,382,-70
225,1704,883,143,308,-83
218,1705,906,-100,350,-149
193,1703,901,-415,-72,49
187,1694,907,-211,-761,99
227,1688,915,-17,-792,78
266,1698,921,-126,262,-120
261,1699,921,6,148,-155
261,1689,935,267,116,-53
254,1684,952,557,422,-86
245,1681,959,588,234,-136
265,1676,946,584,324,-8
291,1674,939,377,884,41
278,1690,935,66,1617,-88
211,1687,927,78,546,-143
193,1691,914,-112,-231,-10
215,1695,908,-158,353,-72
205,1698,908,-222,206,-153
190,1697,911,-139,-364,-166
203,1696,917,129,-814,-97
252,1696,910,93,-80,-55
283,1693,913,172,317,-114
284,1689,912,245,588,-124
265,1696,913,240,678,-162
232,1697,905,136,304,-186
215,1696,918,342,-83,-226
245,1691,924,469,-28,-95
271,1685,924,537,621,-128
270,1682,925,468,820,-210
252,1689,925,285,788,-186
214,1692,927,115,442,-74
180,1689,923,87,-251,-41
188,1695,919,165,-768,9
228,1700,918,38,-121,-38
251,1697,912,92,336,-136
254,1697,902,120,530,-93
256,1699,898,175,457,-61
261,1698,913,160,659,-120
245,1701,920,213,351,-178
220,1698,906,149,205,-94
223,1692,915,416,-203,-51
245,1694,915,498,352,-101
258,1693,916,371,494,-207
251,1695,904,180,544,-163
224,1702,906,-23,598,-145
207,1696,897,-30,532,-178
209,1694,913,118,273,-142
214,1698,913,271,-307,83
233,1697,915,273,110,149
236,1701,907,175,632,-101
228,1696,920,143,789,-218
219,1692,922,296,-21,-211
236,1694,922,263,340,-58
234,1695,913,308,188,53
223,1697,908,165,379,-97
213,1704,910,198,159,-196
216,1706,898,52,375,-204
214,1699,896,-1,381,-227
217,1698,913,-230,502,-333
207,1700,928,-722,329,-564
209,1688,962,-1115,396,-818
257,1653,982,-1406,1146,-780
317,1625,1005,-2315,3107,-882
336,1595,1056,-3693,5196,-1230
298,1556,1162,-4584,6119,-1821
200,1500,1296,-4871,3864,-1816
133,1434,1460,-4246,2286,-729
43,1399,1606,-3445,396,883
-39,1345,1626,-3457,-1091,1615
-12,1275,1554,-3248,2964,1906
-19,1230,1466,-3046,4487,1549
-81,1214,1414,-2661,2814,1830
-153,1351,1678,-4671,1411,4112
-250,1370,2150,3914,4549,4436
-470,1112,1293,9361,-1501,4945
-439,1190,1181,5761,-12016,4191
-129,1425,1286,11843,-5350,2437
317,1649,1056,11858,-994,-140
330,1839,715,11507,2222,1008
319,1841,509,15682,-4637,2839
652,1995,237,13674,-555,1461
878,2177,91,12667,5824,250
732,2198,-30,10998,8111,392
384,2113,3,10986,3229,-101
224,2032,94,11856,-1664,-401
398,1983,166,11875,-406,228
629,1939,183,10335,5609,212
510,1875,251,9512,4484,127
388,1804,393,10249,1217,259
455,1767,405,10965,-1256,2443
739,1765,273,9887,4555,1739
670,1941,221,8668,10623,-309
284,2035,126,8390,6296,-794
-54,1970,57,9529,-881,-179
-135,1962,5,10464,-6259,308
-22,2022,-18,10609,-8637,66
71,2087,-10,8960,-9595,-823
66,2079,-24,7120,-15152,-1350
192,2070,22,5351,-16700,-989
318,2106,-82,2278,-16400,146
285,2029,-107,284,-17167,-186
447,1895,-28,-1844,-10996,600
421,1944,31,-4190,-5948,704
334,1907,-75,-4991,-9068,1358
437,1888,-149,-6171,-4369,1783
277,1926,-246,-6571,-6415,1622
255,1884,-421,-5883,-7893,780
590,1858,-543,-5216,6201,1177
378,1887,-742,-2879,8088,1271
43,1956,-783,-759,-1186,876
321,1995,-596,432,4545,1353
388,2130,-433,-522,14956,1239
40,2099,-509,1942,2137,516
291,2124,-535,1832,5737,937
392,2151,-525,2194,11969,964
139,2047,-565,3571,4204,836
120,2021,-453,3289,3072,852
197,2020,-230,3468,2002,657
409,1989,-146,3189,3094,696
452,1997,-160,1566,5579,-442
226,1958,-87,865,1305,-492
90,1942,28,283,-2952,381
222,1943,150,-863,-5157,1157
471,1997,227,-2261,-3311,791
702,1947,159,-3672,-677,721
724,1979,93,-5002,7593,272
402,2000,70,-5537,2481,-932
230,1906,4,-4640,-1182,619
481,1910,49,-6001,-5175,1617
785,1932,124,-7865,3801,1907
875,1911,116,-5454,4197,1367
968,1887,-56,-4967,9014,1691
899,1839,-218,-4545,14728,171
481,1984,-171,-7171,13700,-2291
-106,2081,71,-6859,903,-637
14,1952,180,-6214,-4440,2429
548,1803,134,-6300,-1058,2214
919,1869,270,-6757,10561,-456
643,2034,244,-6990,10671,-3357
148,2063,105,-7471,3155,-2518
12,1882,-6,-7881,-4786,254
428,1788,79,-6585,-2741,315
756,1916,119,-7385,4355,-2099
666,1951,208,-6550,4880,-2911
358,1859,327,-6454,3342,-2619
254,1767,457,-6917,1588,-2133
199,1771,568,-7287,-614,-2933
130,1747,666,-6038,-2808,-2875
290,1748,699,-6011,-1084,-2904
374,1739,748,-6334,2984,-3379
225,1668,809,-5400,1479,-3868
4,1604,984,-3961,1493,-4353
-183,1592,1194,-3826,588,-3993
-291,1541,1329,-3667,225,-4846
-316,1453,1481,-2211,-2206,-4291
-236,1493,1581,-343,-4491,-2129
1,1579,1654,112,-363,-1303
46,1569,1556,-805,2184,-1748
-138,1536,1344,-645,-2596,-1733
-170,1529,1291,558,-3852,-872
71,1584,1259,1236,-1322,115
275,1641,1195,1112,2682,276
202,1642,1016,593,1688,217
134,1653,933,803,969,320
149,1685,902,1106,2322,255
90,1728,883,844,2653,-137
-49,1755,879,762,613,-253
-139,1746,852,863,-1900,397
-31,1725,894,941,-881,780
101,1739,891,679,531,91
159,1731,874,903,570,-143
155,1712,873,91,559,-210
97,1729,868,-103,429,102
59,1750,847,55,428,638
22,1747,853,91,451,228
-29,1741,844,93,-482,342
-9,1756,865,-197,-1164,37
16,1746,915,-178,-1532,32
68,1702,887,233,-823,294
175,1692,887,338,-360,426
243,1706,914,-369,279,467
198,1712,917,-488,113,-34
153,1717,915,64,-159,-175
140,1713,911,-61,227,-111
115,1716,903,115,96,-235
100,1724,886,6,-414,-4
133,1725,875,-101,-971,282
216,1714,885,334,-288,425
221,1728,880,226,1521,90
159,1724,858,531,949,-88
134,1722,846,585,897,-90
104,1735,853,452,211,0
85,1744,845,293,196,66
75,1733,852,301,-226,48
86,1715,855,277,-410,20
127,1718,881,345,-565,19
171,1730,876,372,-389,95
187,1729,873,193,984,54
160,1717,876,188,814,-99
130,1721,916,353,893,-363
116,1723,926,388,376,-370
108,1723,922,261,-469,-134
96,1722,894,223,-692,59
105,1712,874,567,-1018,180
175,1710,909,1087,-344,-7
215,1723,914,859,1178,-228
168,1724,899,634,1154,-361
116,1718,900,364,174,-81
100,1722,917,389,-643,162
119,1716,902,384,-1283,145
166,1719,871,43,-401,141
195,1726,876,148,232,-125
204,1723,896,240,818,-167
188,1723,874,90,1179,-225
149,1724,867,89,339,-237
108,1726,868,11,-505,-113
112,1730,874,-141,-325,-136
139,1734,884,-142,-393,-64
136,1736,890,-42,-177,-154
136,1726,883,109,-98,-7
148,1722,854,328,-322,-25
174,1725,863,242,-50,-80
186,1729,884,243,276,-12
183,1726,888,319,170,-49
170,1713,881,190,195,25
179,1722,900,247,885,2
181,1722,903,500,383,18
164,1726,885,133,476,-79
141,1723,851,-30,431,-306
147,1725,861,-110,135,-135
146,1726,885,155,269,32
146,1723,874,255,14,48
167,1729,873,249,278,-31
184,1726,893,440,553,-68
180,1719,906,504,924,-195
172,1715,913,367,973,-138
161,1721,908,150,802,-13
158,1712,912,-30,767,63
161,1714,902,78,439,36
146,1731,886,-386,686,-74
100,1729,889,2,-26,-181
88,1729,895,130,-654,-199
113,1727,894,263,-467,-71
142,1721,872,390,-379,28
179,1724,860,278,416,-72
190,1730,857,282,328,-144
175,1733,851,183,138,-326
153,1738,861,114,-11,-140
137,1737,861,474,155,39
144,1736,838,351,141,130
150,1740,843,30,-46,-93
155,1742,862,60,-2,-373
143,1733,887,193,-234,-267
134,1721,875,238,-73,32
154,1715,888,475,198,75
170,1723,897,229,245,-38
153,1724,892,239,-230,-291
133,1720,881,46,-319,-336
156,1721,881,-40,7,-30
169,1729,896,77,111,273
149,1726,891,228,61,101
150,1730,879,71,-266,-215
178,1740,880,75,55,-340
187,1738,882,57,260,-476
191,1737,888,203,537,-707
201,1729,872,159,871,-467
175,1726,847,-71,525,-224
139,1709,828,153,-108,-56
157,1719,853,199,294,-152
154,1735,868,71,299,-125
126,1728,870,97,-165,-63
129,1717,874,37,-135,-5
157,1719,874,120,-499,72
177,1725,900,231,-215,-83
182,1725,909,314,152,-84
181,1718,905,204,140,-74
183,1726,908,306,394,-139
190,1721,902,303,567,-151
185,1716,882,252,608,-122
166,1725,869,-23,742,-229
139,1734,872,7,186,-209
137,1731,882,260,92,-212
140,1722,886,331,195,-113
145,1723,859,179,61,-144
176,1730,859,241,8,-71
191,1726,875,379,1018,-209
163,1724,865,281,590,-175
163,1725,858,190,972,19
153,1749,871,30,623,-115
126,1746,873,467,430,-102
136,1726,854,583,410,176
154,1726,842,277,1049,51
131,1743,873,390,1088,-195
105,1746,878,528,425,-208
94,1745,864,473,-480,33
103,1746,842,322,-405,75
112,1738,836,560,-409,-25
136,1734,845,527,21,-251
159,1733,854,644,461,-311
149,1738,868,465,343,-355
129,1738,871,259,-404,-116
137,1728,867,111,-246,9
165,1716,875,50,68,-109
180,1722,908,32,63,-113
162,1728,917,3,465,-89
135,1717,892,143,31,-16
162,1719,879,146,159,103
177,1739,895,104,1013,68
140,1740,873,344,-22,-65
128,1734,829,-38,-366,-87
136,1741,838,-6,-87,-46
148,1747,850,415,256,-46
144,1745,835,324,-42,-28
139,1738,821,243,-994,-74
146,1738,850,236,-544,-190
150,1745,873,154,-210,-364
157,1741,842,33,-262,-243
188,1731,842,-352,7,-212
220,1731,896,-80,490,-360
251,1738,949,-421,1094,-358
264,1688,987,-1041,2246,179
174,1639,1010,-1897,1188,1069
118,1614,1062,-2748,-121,1549
177,1602,1171,-4087,1792,1596
229,1554,1309,-5553,4991,1362
152,1458,1447,-5161,5267,1255
20,1403,1525,-3902,3322,1205
-93,1409,1561,-4361,3480,1222
-208,1425,1555,-4646,4104,445
-373,1422,1578,-2730,-1675,746
-514,1452,1725,-228,-6225,2314
-471,1320,1560,5848,-3524,3943
-137,1286,1350,6289,-6702,5596
127,1460,1498,9741,-3127,2822
181,1471,1187,11502,2208,1665
250,1505,999,12548,210,1038
149,1657,714,15586,-1453,1399
375,1850,227,15233,-3799,1707
755,2084,4,12812,7341,-521
580,2150,-114,12101,5414,-751
333,2080,-130,11917,804,-697
239,2032,-112,11886,-2473,-734
365,2008,-46,12836,-3862,-74
710,1952,44,12188,1082,-245
877,1894,144,10972,5549,-469
734,1826,200,10243,8563,-157
453,1819,332,10425,5751,-12
253,1822,240,9356,3219,-377
161,1972,271,7912,211,-867
194,2030,216,6901,-1176,-305
245,1939,25,6748,-2834,225
313,1955,-46,6348,-3626,-289
440,2063,-27,5255,-1571,-1139
523,2029,-68,6245,-966,-1470
427,1968,-115,7323,-3278,15
238,1947,-239,8332,-6460,927
93,2043,-172,8096,-11427,-769
86,2109,-203,6324,-15883,-1653
222,2002,-220,3946,-12027,-563
271,1944,-131,1135,-4752,1198
211,1921,-143,50,-9067,1548
246,1917,-68,1133,-9818,2985
257,2070,-31,-3575,-5073,3336
143,2033,-229,-5368,-6879,2665
272,1895,-487,-3971,-5352,1701
449,1873,-726,-3621,-235,1530
385,1907,-733,-3734,3471,1859
205,1907,-714,-1950,1087,1297
53,2039,-799,-2014,2119,296
-100,1994,-791,-268,61,-711
120,1992,-846,1648,2715,-1250
230,2127,-826,1068,4934,-1560
197,2050,-714,2138,4195,-806
161,2131,-490,746,6806,-644
-7,2036,-333,920,1138,-712
147,1816,-338,3107,-1322,203
420,1935,-460,-169,4153,577
497,1966,-327,-1397,5711,952
550,1892,-296,-416,6355,1052
465,1979,-169,-2042,3941,1673
181,2071,-88,-3315,2270,331
134,1889,-74,-1483,-3276,167
503,1845,-55,-1053,2799,1642
728,2102,40,-5599,6975,3054
511,2137,63,-6565,3815,441
263,1926,-35,-6558,-1911,495
477,1838,32,-4961,-403,2422
864,1921,58,-4528,9166,3447
869,2033,-140,-7341,12217,155
446,2022,-145,-6110,6225,-58
247,1894,-64,-2459,4857,1262
486,1797,-75,-1520,2865,1506
825,2020,99,-3709,12557,1923
606,2106,171,-5964,16326,-1446
47,1991,0,-7200,1117,-1575
111,1886,-26,-6176,-7882,71
749,1800,-97,-4975,-1520,1746
1159,1898,-109,-5736,9960,-365
940,2010,-88,-6602,16301,-3487
286,2043,-110,-8127,11102,-4613
-244,1875,-32,-8051,-4133,-2321
-49,1761,45,-6318,-11481,313
481,1804,110,-7428,-772,-948
555,1913,363,-8548,7354,-4149
97,1957,351,-10304,1123,-5340
-254,1814,390,-9837,-12049,-3313
-47,1679,542,-8552,-11781,-2319
306,1638,640,-7640,-4250,-2545
461,1618,842,-6315,547,-2894
371,1661,1076,-5782,2027,-3954
149,1651,1200,-5837,2046,-4778
-38,1549,1235,-4300,-2316,-4164
-30,1539,1354,-1886,-2978,-2241
63,1524,1373,-340,1088,-1458
73,1567,1289,141,3219,-1760
11,1736,1215,-1055,2444,-2296
-110,1735,1266,741,2372,-2807
-190,1554,1373,4078,3574,-2807
-253,1541,1386,4089,793,-1526
-269,1685,1263,2168,-6055,-7
-76,1779,1229,739,-4511,87
183,1704,1231,838,953,-1340
260,1587,1072,1586,1226,-1755
255,1709,1000,237,2724,-2161
125,1851,1004,-1591,60,-1810
-22,1761,851,-595,-6527,-782
148,1611,716,1854,-1914,-790
381,1688,719,2237,6456,-1506
204,1819,747,1777,6326,-1482
-78,1787,679,1296,163,-954
-85,1704,652,1857,-2212,-419
49,1738,773,1906,1063,-104
8,1765,826,1776,389,46
-66,1757,827,1740,-1703,233
-50,1740,838,1830,-2667,585
20,1743,840,1925,-2337,677
103,1815,874,1090,119,305
133,1874,895,-127,2541,-306
51,1816,849,-483,1874,-412
-39,1769,800,-476,-590,-122
-17,1813,829,-1033,-1046,358
36,1796,837,-682,-1854,554
113,1762,797,-343,-201,244
169,1771,776,-298,2194,-300
96,1798,795,-349,1632,-172
1,1780,804,137,-838,66
3,1767,809,343,-1398,429
52,1777,799,282,-712,452
105,1773,774,103,-109,158
152,1776,776,148,1766,-113
139,1808,780,-431,3159,-201
39,1805,767,-475,1017,-52
-22,1792,759,-382,-722,189
-6,1784,753,-638,-1078,309
28,1782,762,-534,-1043,289
82,1779,775,-160,-956,79
129,1774,795,-124,637,-154
116,1764,809,-240,401,-271
103,1765,838,-160,182,7
111,1765,848,-148,223,170
115,1755,829,-120,412,136
109,1772,833,-490,859,-128
80,1777,828,-533,-6,-130
80,1764,834,-275,9,-118
101,1759,833,-355,361,-4
98,1766,842,-302,866,102
80,1763,827,-409,236,-166
72,1764,817,-666,35,-303
67,1768,842,-718,427,-246
68,1742,854,-332,-534,-25
107,1737,859,-433,446,-11
106,1754,863,-816,1319,-269
49,1769,881,-1289,-237,-326
35,1743,878,-1129,-1359,-30
79,1720,881,-1010,-282,133
89,1723,882,-1420,-6,93
90,1734,918,-1359,42,-36
80,1732,914,-1674,-379,-56
92,1710,902,-1552,-109,197
102,1700,903,-1574,231,260
105,1715,917,-1120,623,291
91,1722,911,-727,1230,237
84,1705,887,-848,573,91
92,1702,891,-606,1060,-94
89,1727,896,-839,935,151
87,1717,886,-570,-98,327
115,1689,898,-383,967,201
126,1704,911,-525,1699,195
96,1712,914,-790,714,234
76,1703,922,-621,372,56
72,1698,925,-409,123,96
90,1700,935,-211,339,236
112,1694,915,-249,406,262
134,1690,889,-374,1029,14
132,1698,895,-337,1210,-1
96,1698,901,-225,259,102
110,1697,921,-7,648,182
106,1707,910,-162,1043,116
79,1699,916,5,468,22
86,1697,929,86,423,-177
91,1700,935,63,564,-214
89,1687,937,133,165,-110
99,1678,963,121,516,-68
95,1679,979,177,517,-75
80,1667,967,125,191,-47
91,1665,966,66,330,-42
120,1679,988,-120,1453,-87
85,1685,973,-381,1240,-195
38,1672,957,-222,-209,-193
41,1673,968,-72,-289,-111
82,1682,976,241,-216,8
115,1682,961,376,469,-88
112,1675,962,443,849,-137
91,1675,967,341,820,-69
75,1671,966,258,95,-73
86,1671,980,211,352,-6
88,1674,977,114,855,28
78,1667,961,-72,663,-84
62,1673,968,-110,738,-115
43,1680,981,-42,620,28
31,1671,988,-37,462,81
15,1675,978,-122,79,-57
19,1681,981,148,-253,7
50,1676,982,324,121,143
84,1666,975,273,485,167
105,1673,975,149,1185,-5
92,1680,985,133,920,94
94,1671,996,320,752,181
115,1668,990,119,888,158
114,1677,983,224,1179,86
95,1674,966,145,1162,-21
82,1665,943,78,1253,-47
55,1681,937,45,1195,-103
18,1684,940,271,141,-127
18,1684,924,188,-285,-100
36,1694,936,-11,447,-153
26,1693,950,-235,-391,-138
51,1682,980,21,-326,-108
102,1670,977,66,84,-53
113,1665,970,77,932,-120
91,1663,974,266,654,-128
75,1667,980,126,401,-54
67,1668,978,322,152,13
55,1665,972,249,86,-89
56,1671,974,287,388,-68
42,1681,962,116,209,-90
35,1672,982,207,-6,-191
44,1668,992,215,-165,-185
56,1667,977,253,-265,-42
78,1663,979,252,165,-20
84,1660,985,334,417,-4
82,1664,995,359,459,-48
69,1671,986,243,402,-32
61,1666,983,166,99,-38
57,1668,994,301,177,-122
57,1669,988,353,-51,-109
72,1666,980,468,-92,-162
88,1672,982,423,201,-109
84,1669,977,358,411,-74
73,1668,971,468,224,-89
65,1680,971,472,237,-141
62,1688,948,466,-185,-61
71,1686,934,416,197,-95
77,1692,934,466,524,-85
70,1698,939,526,633,-110
48,1695,939,412,230,-159
33,1691,938,409,-178,-188
43,1695,953,440,-142,-133
57,1689,944,370,12,-53
66,1676,931,471,19,-7
78,1684,940,310,111,-17
67,1693,958,38,106,-175
53,1679,976,-203,-428,-194
72,1667,1014,-486,-361,-257
118,1656,1061,-928,32,-186
152,1632,1090,-1228,695,-280
141,1602,1094,-1405,319,-203
166,1564,1152,-1870,1613,-683
116,1537,1241,-3148,1245,-1266
-48,1481,1337,-4142,-3095,-892
-206,1395,1457,-3846,-8178,37
-191,1349,1534,-4381,-8233,1351
-22,1324,1548,-4673,-3100,1761
110,1277,1542,-4112,3105,1119
55,1275,1514,-4080,4981,1133
-104,1295,1541,-4253,2971,2202
-191,1290,1729,-1210,2780,4317
-211,1271,1807,3859,5813,5723
-233,1167,1306,8358,948,6362
-274,1326,1285,5838,-3527,4698
-378,1549,1320,10913,-3176,2728
-305,1613,998,11073,-9977,2056
41,1740,763,13305,-7920,600
328,2009,367,14235,-6396,332
726,2229,139,13086,-1064,-638
929,2248,36,11896,5841,-1182
721,2162,9,11635,4196,-541
515,2094,19,12658,640,-570
566,2026,62,12434,3106,-887
615,1969,156,13222,4193,-689
647,1888,223,12914,7251,-529
502,1803,305,11396,8148,-560
244,1735,470,13089,1265,1131
390,1714,502,12879,2738,1080
373,1879,494,9875,5452,-849
82,1925,377,9036,-1607,292
-40,1901,335,9265,-6346,1026
76,1928,234,8561,-8440,296
263,2007,209,9018,-8296,-604
397,1971,129,9546,-10453,-788
515,1975,34,8530,-7718,-1576
460,2206,-59,4260,-7217,-1657
271,2072,-53,3487,-8697,-655
128,1792,-84,4293,-14724,105
291,1894,-236,2324,-12297,715
384,2029,-153,793,-4055,1401
209,2037,-241,-1246,-4619,2014
25,2001,-279,-3470,-6849,2362
-10,1933,-362,-5595,-3883,2104
222,1793,-593,-4868,-4734,1233
481,1813,-741,-2644,117,580
558,1931,-823,-1174,7705,921
330,1972,-800,107,11402,6
-27,1991,-870,293,7913,-866
-210,2050,-817,1225,2004,-402
48,2081,-708,1719,3885,-271
433,2051,-648,2103,10592,-144
483,2102,-545,-286,17367,369
34,2028,-442,-1407,10506,1252
-198,1963,-370,-1881,1974,2221
-86,2005,-296,-2995,-2994,1985
340,1884,-241,-1035,-3624,1327
858,1859,-232,-962,6483,333
976,2002,-11,-4659,12232,1109
624,2069,254,-5472,10389,625
223,1998,303,-4152,2534,-602
61,1921,238,-5288,-2422,398
101,1929,391,-5886,-4125,2501
227,1958,472,-5798,-2976,3210
388,1998,233,-6141,-843,2350
403,1922,63,-7650,818,-2050
298,2002,271,-6968,-2845,-544
440,1941,288,-5958,-1063,1861
848,1798,87,-8085,5018,2941
987,1793,245,-7742,11056,-32
555,1996,198,-8045,6323,-2305
285,2011,144,-9718,-2000,-1018
368,1884,-52,-10078,-3347,1172
515,1835,-21,-8377,-1305,1241
689,2028,55,-9179,4317,-1628
582,2122,-26,-10762,5056,-3093
296,2033,119,-9002,-126,-2607
234,1968,125,-9312,-6878,-2461
520,1881,428,-8759,-553,-3925
620,1834,584,-8328,2256,-3260
627,1730,652,-10225,5518,-3705
469,1605,785,-10113,5982,-3296
126,1524,782,-9990,-1463,-3074
-8,1583,857,-9743,-5767,-3403
178,1681,980,-10123,-3871,-4810
249,1684,1079,-9144,2958,-6180
91,1544,1168,-6933,1516,-4746
-34,1405,1364,-5617,-576,-5265
-36,1317,1396,-4159,-3108,-5123
-63,1294,1500,-4480,-2411,-4569
-114,1292,1768,-3053,-1488,-4368
-183,1172,1964,-1118,-201,-3583
-227,1049,1943,1216,-2029,-1760
-159,1079,1753,2236,-5659,-48
58,1219,1461,2292,-3320,508
270,1346,1332,629,1972,944
277,1434,1327,906,5729,747
58,1489,1270,2039,4065,1485
-181,1539,1229,2195,929,1606
-225,1551,1169,2624,-1059,1969
-100,1579,1081,2084,-1638,942
-3,1620,1052,1530,-445,71
79,1647,1047,1893,-1058,-179
156,1633,1017,2306,-1029,637
234,1619,989,2332,-151,1267
341,1628,1001,2458,2073,961
328,1666,967,1466,3214,317
211,1654,957,1296,1560,532
194,1618,999,1075,1641,367
118,1613,1023,55,1560,-299
-17,1608,1059,245,-1054,-37
-17,1595,1061,241,-2400,52
129,1585,1124,483,-1090,-331
124,1583,1141,124,-373,-781
61,1559,1111,-523,-2379,-665
136,1547,1124,-405,-1400,-405
238,1531,1162,-302,-906,-6
309,1534,1160,-666,392,-349
230,1543,1114,-700,544,-498
160,1538,1106,-237,-1300,-8
223,1558,1123,-236,196,16
226,1600,1086,-365,1119,-65
122,1611,1083,-59,-385,-366
99,1621,1061,430,-1381,-556
152,1620,1040,186,-269,-558
180,1616,1022,61,189,-426
154,1607,1028,-186,238,-355
164,1606,1062,178,-422,-321
191,1599,1063,128,447,-304
185,1586,1073,74,200,-98
167,1578,1101,43,623,-253
132,1569,1121,79,-35,-252
149,1562,1131,237,-291,-187
182,1559,1136,312,717,-28
151,1561,1112,174,430,132
127,1564,1115,137,79,100
136,1569,1124,365,-187,-39
180,1568,1108,604,145,58
220,1577,1087,289,866,116
195,1587,1069,-88,1033,-41
152,1580,1082,110,62,-41
170,1583,1088,296,32,30
192,1590,1087,209,677,9
161,1590,1069,51,275,76
152,1597,1070,95,35,-91
167,1596,1077,162,347,-169
169,1592,1070,112,386,0
159,1591,1077,359,404,-8
159,1597,1088,342,228,-140
169,1590,1092,301,434,-230
174,1574,1087,506,679,-72
162,1583,1079,176,766,10
140,1592,1077,120,83,-37
150,1588,1080,87,97,-10
173,1579,1084,454,593,-11
169,1588,1090,350,725,13
139,1606,1070,174,348,-154
128,1593,1071,198,263,-110
138,1591,1076,418,329,-49
151,1593,1078,427,94,-3
163,1598,1082,238,446,-97
157,1593,1070,149,387,-100
155,1587,1074,272,463,-92
157,1592,1079,256,496,-124
149,1595,1078,198,304,-153
132,1590,1083,112,-110,-171
135,1588,1081,233,-296,-81
138,1591,1078,113,86,-3
147,1591,1079,158,-432,-36
169,1592,1071,214,-112,-141
181,1591,1084,419,201,-133
175,1594,1083,267,244,-126
153,1595,1065,187,-176,-57
169,1595,1067,470,174,-32
172,1597,1075,312,522,0
166,1595,1070,311,113,-25
184,1589,1085,428,499,-118
176,1588,1080,204,567,-81
167,1584,1084,146,72,-20
183,1581,1077,161,678,67
163,1589,1073,208,641,23
135,1591,1061,52,-145,-131
140,1600,1067,-23,10,-147
156,1605,1077,-96,529,-173
144,1592,1080,108,46,-250
146,1599,1079,11,-75,-262
139,1596,1082,-3,-196,-336
142,1589,1091,389,78,-259
152,1588,1084,443,47,-163
156,1596,1074,311,-41,-245
167,1601,1068,178,115,-391
161,1592,1064,260,145,-251
154,1594,1073,268,-26,-114
158,1604,1055,-21,291,-18
150,1591,1046,-71,-492,-75
165,1583,1057,179,-384,15
191,1587,1080,320,52,170
223,1594,1082,231,654,144
204,1601,1093,103,973,-121
148,1599,1088,32,693,-203
109,1590,1084,181,-201,-276
101,1596,1094,175,-420,-174
134,1599,1087,281,-265,-121
166,1586,1088,317,-138,-65
187,1590,1086,42,195,-200
172,1587,1083,-1,222,-267
140,1584,1083,51,-153,-144
133,1588,1083,15,-463,-67
137,1592,1082,19,-542,11
174,1597,1087,211,284,-96
189,1596,1068,250,749,44
192,1594,1058,306,1083,85
147,1597,1059,145,752,96
99,1602,1069,409,-252,141
114,1609,1066,315,18,16
148,1608,1064,265,272,-215
162,1604,1058,266,58,-163
177,1605,1060,306,288,-73
183,1599,1051,403,131,114
204,1601,1067,653,550,82
192,1605,1061,338,983,-56
150,1604,1066,150,752,-164
131,1594,1073,269,80,-64
156,1591,1071,291,44,14
176,1596,1069,301,22,38
176,1604,1063,210,224,-48
157,1603,1070,316,359,-44
154,1604,1074,325,620,-140
148,1604,1070,306,409,-79
137,1605,1054,324,-186,-9
156,1597,1059,504,-242,15
199,1607,1066,456,618,-29
200,1610,1044,342,587,-20
176,1614,1035,137,695,65
139,1608,1039,382,-338,70
155,1612,1049,239,-19,-65
187,1609,1056,146,643,-128
182,1605,1057,161,416,-96
162,1599,1062,132,-73,-38
157,1591,1081,-108,46,-112
195,1583,1103,-249,-4,-165
262,1570,1127,-391,1113,-49
279,1532,1135,-330,1671,529
272,1518,1166,-976,1618,493
299,1524,1189,-2553,2907,65
302,1455,1236,-3642,4985,161
188,1312,1314,-2841,4933,1168
10,1261,1421,-1988,1267,2060
9,1277,1522,-3360,2140,2265
44,1249,1582,-3268,3563,1975
-69,1209,1662,-1847,3823,2092
-238,1225,1836,-2088,3642,3012
-419,1196,1938,3005,2640,4542
-491,1131,1609,6801,-2805,5348
-353,1174,1504,6464,-3354,4724
-244,1344,1612,8557,2168,2342
-309,1357,1269,10399,-8657,3212
-52,1484,1118,15088,-10067,2153
406,1801,593,14677,-7167,1871
816,2168,327,13704,3200,-22
900,2305,127,12259,8237,-477
686,2226,116,11641,8257,-1131
313,2138,106,11601,3808,-1550
94,2060,122,12878,-5144,-915
410,2011,75,12938,-4072,-847
867,1966,139,11456,6647,-1479
792,1882,299,10140,11290,-1698
430,1765,431,10800,6606,165
199,1702,474,10855,-161,1796
263,1717,458,9691,597,1499
337,1795,443,9484,1091,1437
345,1872,374,9129,471,920
193,2005,336,8947,-684,-728
78,2071,260,8759,-4378,-453
104,1965,197,8639,-7346,-640
161,1946,159,9406,-12128,-514
356,1996,87,9380,-15593,-1649
623,1974,-94,6226,-10303,-2358
647,1908,-113,8345,-5645,120
552,1950,-63,3154,-872,856
169,2079,14,-3018,2997,2769
-476,2137,-14,-7427,-9242,3724
-548,1847,-260,-3092,-22327,1408
86,1963,-588,-6418,-13680,1120
713,1828,-779,-3615,-1484,1210
721,1884,-794,-2788,4176,1871
186,1984,-618,-3756,-401,1816
-86,2000,-567,-3410,-3965,843
204,2021,-612,-730,-176,404
397,2074,-677,438,6369,-154
334,2051,-604,1873,5792,-56
268,2052,-433,1592,9250,-3
162,1937,-359,1586,7593,609
73,1986,-260,124,5085,595
139,1967,-176,729,-1490,1050
604,1830,-75,726,2274,2452
822,1970,-39,-3021,10171,2923
530,2043,13,-3862,7030,121
422,1933,92,-1780,3374,-422
489,1911,230,-525,2476,112
507,1905,365,-200,3270,571
388,1929,425,-2331,3512,709
273,1959,533,-2909,690,461
475,2023,515,-4217,3167,600
599,1988,340,-4406,5121,422
499,1880,199,-4525,2650,1554
548,1857,146,-4125,5371,1568
646,2023,178,-4577,8523,1103
435,2020,-62,-4022,10223,-1460
246,1830,-137,-2853,2206,116
537,1877,65,-1412,3390,1020
813,2095,115,-4997,11273,-88
420,2019,48,-5819,9866,-1828
8,1866,30,-3450,-5288,-541
256,1871,-50,-3533,-7438,1754
855,1866,-114,-4983,2778,335
914,1986,-18,-6999,13759,-3719
138,2056,-28,-7154,3681,-4826
-180,1880,-54,-7841,-11558,-2642
321,1775,55,-7741,-9928,-527
847,1758,172,-10004,6950,-2881
542,1769,402,-10266,8229,-6320
-84,1759,508,-9520,-3096,-6044
-167,1721,623,-8781,-11902,-2941
243,1728,777,-10680,-6787,-3457
451,1723,977,-10114,-4521,-3078
421,1653,1197,-6811,3537,-2992
248,1452,1102,-5338,8382,-4936
-57,1406,1048,-3611,-593,-5225
-247,1670,1197,-2346,-5822,-3359
-297,1736,1213,-656,-1817,-1870
-256,1538,1138,1488,1990,-2767
-331,1421,1264,4008,392,-3572
-344,1522,1524,5446,-1021,-3788
-208,1675,1636,4872,-4392,-2221
16,1792,1595,4463,-1342,115
146,1720,1482,3096,3166,281
215,1459,1393,4242,6161,-591
154,1458,1245,2876,5297,-324
-40,1679,1093,1679,2128,-433
-42,1746,1134,1402,4406,-372
-59,1702,1053,803,4130,381
-135,1740,870,-769,299,1149
-106,1818,815,-1784,-1937,924
56,1819,851,-836,-494,730
173,1777,778,239,2357,-32
142,1758,693,717,2114,53
86,1779,637,738,582,361
132,1754,659,1336,1254,414
172,1766,691,1482,2894,292
141,1808,722,1205,3454,49
30,1824,753,1223,3019,-346
-79,1796,745,1640,1048,-174
-108,1767,711,1827,-1092,310
-35,1776,738,1405,-537,356
9,1815,776,1113,143,-4
12,1831,779,753,-425,-247
32,1788,785,793,-387,-351
56,1778,791,818,537,-263
60,1806,799,424,249,-33
62,1819,792,176,551,12
66,1788,761,550,745,-222
51,1784,747,425,1432,-445
9,1796,758,374,1358,-427
-51,1815,765,-16,-452,-17
-46,1816,755,-92,-2166,179
21,1795,758,282,-1222,195
75,1785,760,237,639,-223
81,1795,771,287,1394,-444
47,1808,763,33,1123,-400
-9,1799,753,-4,278,-300
-43,1791,765,43,-475,-325
-39,1815,778,-81,-501,-146
-17,1820,767,-251,-1062,-65
33,1782,768,3,-340,48
77,1768,778,259,1284,-278
54,1811,772,-69,1293,-251
4,1826,777,-252,716,-240
-49,1798,773,-48,-437,-68
-44,1790,774,-52,-430,115
-18,1793,748,182,-689,-89
12,1803,754,-3,-222,-205
58,1807,784,-248,719,-180
63,1818,807,-602,2049,-126
0,1792,782,-800,733,-98
-51,1777,763,-528,-945,-9
-45,1800,766,-855,-1237,32
-25,1786,786,-631,-1619,1
8,1775,782,-497,-2068,-75
76,1760,783,-199,-629,-34
124,1757,792,15,845,-72
113,1772,805,-160,1830,-279
33,1779,796,-434,575,-212
-30,1765,809,-329,-797,-51
-44,1763,822,-407,-1258,81
-34,1783,834,-772,-1683,247
-10,1790,863,-1211,-1404,471
24,1757,882,-1301,-1026,437
50,1762,900,-1589,177,246
19,1769,901,-2369,-487,44
1,1777,956,-2846,-640,394
16,1715,951,-2142,-1370,724
60,1697,905,-1821,-1053,740
112,1722,907,-1964,90,710
129,1719,915,-1454,1399,422
122,1713,884,-1051,1629,148
99,1742,859,-1166,1467,209
74,1743,858,-787,1279,393
56,1714,845,-297,1198,369
63,1721,822,-197,842,354
90,1734,819,-252,1196,432
84,1725,810,-32,1093,161
68,1738,838,4,1515,-114
35,1744,847,182,1021,8
8,1726,845,481,-450,26
41,1715,846,574,-651,114
93,1722,858,468,-151,215
129,1720,890,539,595,154
132,1717,895,652,1011,11
103,1715,887,563,828,-115
64,1715,886,366,555,-173
26,1730,893,-3,-241,-108
26,1718,897,131,-1158,99
68,1714,901,228,-524,50
95,1718,914,194,-86,-28
102,1718,916,288,-212,-155
109,1711,920,241,158,-357
101,1711,929,198,517,-436
90,1710,930,120,177,-129
101,1699,930,340,76,96
98,1692,924,190,369,50
82,1709,925,178,394,-121
73,1721,932,8,840,-163
47,1712,908,219,538,-75
33,1712,900,100,353,-53
27,1716,907,-64,-196,-54
36,1724,916,13,-438,-15
70,1713,903,193,-47,67
100,1714,900,291,770,-97
88,1721,899,259,635,-124
71,1725,893,399,199,-126
83,1717,892,476,349,-159
94,1715,893,427,722,-235
79,1717,898,476,315,-249
75,1714,903,537,231,-83
86,1719,899,464,751,-51
80,1714,888,434,867,-134
54,1729,897,297,794,-210
28,1726,897,213,200,5
36,1711,906,186,326,71
46,1717,907,15,77,22
56,1723,911,57,-125,68
76,1713,914,181,152,174
94,1705,914,182,709,128
106,1713,907,146,554,173
122,1717,901,300,760,203
122,1711,888,494,802,222
116,1722,872,362,1429,46
63,1741,853,121,701,-237
19,1736,850,214,-516,-216
31,1729,858,311,-419,-51
51,1729,871,252,-106,-62
49,1729,870,143,-640,-321
50,1725,894,307,-1163,-233
84,1716,918,502,-548,-178
110,1712,931,643,427,-146
96,1717,919,821,-113,-136
109,1720,928,1150,-51,28
148,1705,918,1385,1084,-24
155,1713,892,1189,2181,-78
111,1731,872,876,2048,-249
43,1748,863,598,1392,-399
-16,1748,855,177,120,-284
-22,1744,853,140,-995,-38
22,1747,853,58,-826,315
54,1740,852,159,-289,39
62,1739,874,100,206,-415
61,1747,885,191,-204,-293
88,1734,887,371,-8,-75
107,1724,897,486,951,32
79,1741,889,153,843,-185
33,1740,880,376,-356,-207
53,1737,874,530,12,-139
102,1743,872,365,1571,-94
81,1743,867,172,1419,-242
7,1748,860,-415,54,-467
-26,1746,875,-952,-1541,-371
21,1739,910,-1104,-1157,-242
90,1715,940,-1373,289,-266
101,1694,970,-2023,849,-483
60,1679,1042,-2897,217,-1283
4,1662,1145,-3898,-1761,-1690
-60,1636,1273,-5089,-2981,-1507
-132,1574,1397,-6163,-3812,-1002
-146,1497,1485,-6065,-3174,-238
-139,1468,1536,-6440,62,382
-159,1416,1527,-6997,-787,343
-143,1327,1543,-6677,141,713
-134,1280,1592,-5780,3663,1524
-171,1298,1605,-4102,2811,2596
-142,1267,1713,-2486,-49,4234
-153,1197,1913,-166,4079,4683
-329,1100,1596,6673,2290,4424
-415,1112,1356,6846,-5358,4879
-458,1237,1318,7219,-4552,3286
-479,1404,1023,11140,-12463,2616
-9,1524,840,12435,-11649,1744
591,1797,424,13152,-7395,1250
951,2094,295,13210,94,755
992,2198,83,11034,5730,-448
691,2149,64,11403,4044,-500
352,2137,36,11197,-1106,-1423
275,2158,82,11864,-3716,-1995
520,2109,115,12927,-1301,-1349
790,2031,146,11406,7239,-1731
607,1936,232,10604,8380,-1852
295,1805,325,12759,848,-131
388,1768,352,12748,2158,-343
412,1839,360,11719,4202,-1708
254,1893,333,11427,-205,-82
287,1835,300,9448,1102,189
223,1802,369,8672,-1570,-350
245,1888,366,9068,-3877,-333
386,1988,360,8445,-1512,-1196
466,1975,254,7628,-3431,-585
420,1988,227,8242,-5194,-226
405,2102,208,7176,-6395,349
265,2091,10,6999,-13317,-201
118,2000,-270,6931,-20038,-272
132,2103,-452,2307,-17312,-584
182,2065,-330,-185,-8651,373
88,1971,-211,-3179,-5021,1584
-86,1895,-97,-5947,-7658,2664
-216,1796,-4,-7019,-16843,2868
28,1779,-236,-8184,-18829,1550
501,1825,-445,-8812,73,1431
538,1798,-616,-5400,5789,1097
359,1732,-863,-3146,-27,430
293,1886,-925,-1267,7167,577
155,1998,-879,-326,7143,-175
110,2012,-801,2499,3810,331
354,2127,-729,2837,8356,717
499,2291,-627,2145,18261,1095
210,2311,-476,1371,16402,725
-178,2228,-344,309,12955,993
-471,2107,-229,-405,5241,-386
-209,2059,-111,-14,-1543,329
470,2145,-180,-972,3536,2490
748,2101,-184,-3331,13560,1101
484,1754,-95,-1309,8099,1080
300,1578,16,1546,958,1651
375,1898,45,154,-481,1417
463,2104,35,-1702,5657,168
362,2000,64,-2012,4522,751
286,2036,249,-4798,4114,3066
260,2066,158,-4037,2730,3606
338,1898,-196,-1765,99,485
538,1826,-177,-2581,2635,756
759,2084,131,-4989,6569,1689
693,2195,191,-5040,10403,3217
287,1964,-243,-5536,9431,-660
-185,1850,-156,-4628,-3750,-1529
-40,1985,115,-2995,-9392,409
575,1951,73,-5248,-6743,1616
1152,1863,57,-5216,5202,2278
1302,1892,52,-4696,14982,-2390
767,2062,156,-6089,13615,-5019
-1,1999,185,-6082,4333,-3118
-238,1787,8,-8347,-11605,71
253,1779,89,-11246,-8869,471
831,1792,428,-10228,4564,-3322
857,1796,607,-10416,9744,-4660
378,1804,600,-12877,8495,-5587
-137,1683,729,-13432,-3963,-4818
-241,1580,920,-10760,-12506,-2646
-9,1628,863,-9825,-5230,-2649
234,1652,855,-12165,1229,-4658
76,1710,951,-11854,-988,-5494
-168,1692,1035,-7703,-3963,-2602
-68,1582,1171,-4423,-4922,-1275
106,1577,1259,-2277,-1343,-1418
175,1596,1305,-1652,3002,-1921
95,1553,1359,-1154,3737,-2953
-2,1490,1344,-246,542,-2808
37,1445,1312,785,883,-553
162,1440,1267,899,2662,79
210,1514,1214,207,3397,-130
127,1577,1135,86,2454,-487
57,1589,1159,1280,1101,-565
52,1600,1203,2293,2421,-441
-70,1616,1134,2302,995,-488
-143,1600,1144,2246,-2113,-267
-35,1577,1147,2866,-2230,-458
129,1587,1100,2654,1130,-554
207,1586,1073,2634,2632,-359
181,1605,1038,1945,2709,-112
162,1609,1051,1929,2473,213
133,1631,1053,1718,2840,261
45,1651,1045,1384,3529,12
-61,1655,1004,1307,2191,30
-119,1675,960,924,164,221
-103,1690,971,587,-786,335
-68,1701,974,613,-1211,75
1,1693,958,869,-1301,2
103,1693,942,1016,31,-42
136,1690,972,858,705,-112
109,1685,981,715,249,-35
112,1698,961,706,682,39
93,1712,931,311,1238,-103
38,1706,897,339,320,-463
44,1706,899,87,107,-314
83,1711,923,-99,901,14
84,1699,917,72,425,125
89,1688,923,325,926,26
71,1710,922,275,580,-185
16,1719,915,127,511,-269
13,1708,918,434,27,-223
49,1718,919,340,293,-212
45,1713,900,368,-615,-63
65,1714,883,416,-39,-27
101,1722,896,350,1521,-40
83,1712,895,511,1059,-204
50,1719,891,597,948,-193
39,1719,898,571,222,-3
38,1711,893,514,428,112
34,1715,898,531,218,164
47,1722,919,771,975,72
52,1722,912,726,981,-43
30,1717,907,566,538,-115
7,1705,918,484,-249,-145
13,1709,940,338,-203,-140
39,1726,951,25,289,-15
29,1709,945,-5,83,83
19,1695,927,290,-956,-9
53,1707,934,120,-100,-40
56,1725,934,-234,745,-222
21,1717,925,-128,-140,-152
16,1721,917,-218,-268,-44
40,1714,929,-274,105,-81
39,1707,913,-372,-338,-1
41,1716,925,-545,219,-132
32,1714,927,-599,-91,-299
20,1715,935,-515,-24,-564
-1,1703,940,-459,-399,-556
9,1700,961,-359,-623,-718
48,1704,991,-341,154,-434
71,1691,978,-90,-288,-67
79,1684,958,-106,305,-26
86,1691,934,-224,533,-31
82,1705,935,22,382,11
78,1708,899,131,873,153
65,1713,864,70,1085,161
30,1721,862,275,294,114
18,1726,853,356,-357,15
54,1725,864,370,-50,-24
73,1715,887,361,632,-268
59,1711,913,311,-552,-203
79,1704,921,487,-763,-12
125,1701,928,348,255,171
141,1704,954,234,1888,-44
84,1702,956,389,1211,-239
19,1698,923,176,79,-265
21,1700,931,44,563,-172
22,1706,930,-28,72,-16
24,1697,920,174,-866,134
80,1698,914,329,11,149
121,1710,908,228,1580,-84
77,1709,909,238,1158,-174
31,1712,911,154,227,-106
26,1724,918,43,290,1
24,1711,916,325,-52,-40
35,1704,907,428,-310,-115
66,1714,913,446,381,-241
69,1718,913,174,568,-206
56,1705,921,131,448,-163
38,1699,925,311,374,-61
37,1705,923,372,-3,124
48,1710,919,392,358,81
55,1710,913,230,535,-181
43,1709,932,364,256,-229
37,1706,947,380,334,-172
46,1699,932,335,127,-75
57,1707,926,133,365,-6
68,1718,929,79,472,-34
55,1706,915,164,336,-9
35,1706,890,311,-289,-47
53,1722,907,263,495,98
49,1718,900,188,516,-174
16,1719,897,220,-79,-254
23,1714,905,226,-155,-169
27,1718,909,-90,193,-272
9,1718,920,64,-465,-157
22,1709,915,191,-524,-21
77,1708,931,196,450,-4
81,1712,938,266,1224,-211
34,1709,919,257,230,-198
20,1712,919,276,-93,-127
37,1710,913,322,-148,23
73,1707,909,408,111,31
96,1708,908,240,705,-108
80,1719,918,34,942,-257
46,1721,918,-32,448,-198
19,1711,902,19,-512,-46
32,1713,893,116,-535,-1
52,1718,889,118,-224,-78
71,1718,901,212,644,-325
58,1712,898,228,125,-305
63,1709,920,252,310,-143
68,1707,930,313,458,-109
51,1707,927,196,446,-234
26,1713,923,36,173,-301
10,1713,916,146,-394,-201
38,1716,924,129,-57,-57
54,1714,930,256,377,-161
56,1711,919,287,207,-239
60,1710,904,262,319,-140
68,1720,906,172,1221,-122
33,1719,911,363,624,-71
10,1716,897,314,35,-52
20,1717,906,239,195,-106
31,1724,909,69,247,-122
43,1715,901,351,105,-13
69,1713,896,297,728,22
75,1719,912,479,1386,-137
31,1726,904,349,685,-172
4,1721,890,332,33,-157
11,1725,886,-89,-32,46
19,1727,903,-178,-92,8
17,1716,896,-127,-576,-106
23,1712,882,-332,-658,-221
42,1715,899,-608,-776,-181
64,1705,927,-913,-492,-53
67,1679,959,-1229,-663,-112
45,1669,995,-1305,-1883,-538
29,1655,1061,-1658,-2402,-1018
5,1628,1134,-2519,-2026,-1060
-31,1578,1230,-2896,-1795,-830
-65,1541,1307,-3054,-1730,-171
-88,1534,1340,-3220,-1515,544
-97,1497,1374,-2836,-1262,800
-104,1459,1412,-3312,123,547
-79,1445,1465,-4138,3241,663
-101,1402,1552,-3477,3775,1024
-207,1370,1632,-824,467,2413
-268,1411,1795,-761,-4445,4048
-165,1289,1917,6424,4777,4732
-115,1214,1227,11199,-1895,5992
-73,1378,1067,11028,-6206,6262
85,1527,1054,15411,-2446,5677
470,1666,781,15591,397,4211
665,1896,568,15510,10679,1542
389,2071,238,15943,8003,1790
271,2058,72,16121,5674,1032
274,2001,-62,14493,5302,871
146,1971,-50,13167,1983,491
27,1943,-2,13182,-4643,1311
289,1880,80,13501,-8787,2574
689,1856,176,12532,2750,-175
569,1981,272,10159,4257,-1245
228,1916,223,9692,289,-531
107,1834,260,9056,-4908,473
228,1911,289,7304,-6164,1229
365,1968,272,7061,-5297,1031
520,1933,163,7016,-4510,-840
603,2036,48,5713,-3135,-1910
589,2199,-6,4317,-1840,-1439
389,2107,-21,5221,-2733,-742
122,1851,-155,6050,-8877,-336
81,1916,-321,6257,-13170,-1024
399,2193,-259,3384,-10076,-2664
673,2141,-256,3609,-6642,-2691
616,2069,-295,1379,-1717,-680
164,1994,-182,614,-3989,1372
-158,2004,-231,-1806,-10874,1277
-66,1951,-311,-2342,-15339,2440
174,1997,-353,-4558,-8206,3321
224,1942,-482,-5647,-5543,2773
242,1727,-471,-3804,-6163,2219
385,1660,-644,-2574,-4509,1597
529,1791,-611,-2055,1188,1039
365,1862,-615,-799,4337,699
134,1830,-646,134,1924,-162
157,1897,-705,-162,5302,39
133,2012,-631,944,4990,-51
159,2025,-590,2707,3748,-507
245,2127,-500,1718,9597,-1020
107,2240,-343,-856,8059,-620
-62,2166,-287,-259,-2654,272
107,1994,-247,845,-2970,393
387,1914,-210,524,2804,591
533,1978,-233,-2010,5911,845
493,2004,-216,-1814,2257,1313
403,1919,-224,302,-1825,-16
510,1798,-133,2581,1146,-663
644,1923,-14,509,5540,514
484,2081,116,-2326,7525,1021
59,2174,58,-4093,2063,-436
-13,2078,56,-5426,-4389,-479
467,1962,77,-4278,-2605,1134
748,2032,127,-7413,3910,2148
664,2046,54,-9757,6625,2005
460,1975,-111,-7985,2917,77
535,1834,-207,-5086,3134,347
860,1887,-219,-5917,7040,312
888,1988,-150,-7222,10890,931
569,1953,-85,-6126,13778,836
103,1984,-103,-5940,7200,-2973
-85,2048,-147,-5734,-4569,-826
277,1958,-67,-4726,-1342,347
713,1848,-59,-5888,1843,2313
967,1842,40,-6069,10000,1515
852,1887,86,-6695,14587,-3602
407,2039,114,-7179,10108,-4345
16,1963,70,-6984,509,-2121
84,1791,21,-7976,-4601,-564
323,1852,20,-9905,505,-2577
437,1813,199,-10414,6217,-4286
278,1746,527,-10252,6130,-4188
-48,1698,738,-9995,935,-4888
-283,1710,799,-9721,-5899,-3951
-311,1642,765,-7128,-10076,-2128
-14,1616,884,-5163,-4936,-3330
140,1660,1029,-4624,2094,-5038
-13,1627,1163,-2424,1096,-5603
-170,1525,1310,1860,-2211,-4286
-162,1453,1388,4797,-2253,-2508
-56,1413,1459,6909,1448,-1333
36,1469,1459,6663,6429,-1381
-8,1616,1406,5095,10073,-1526
-268,1716,1314,4618,7813,-1820
-538,1729,1238,5240,1356,-1337
-593,1679,1208,5915,-1110,-573
-515,1670,1149,5039,-2762,96
-397,1741,1080,3594,-4597,627
-219,1829,1024,1979,-5066,664
18,1868,950,1018,-2575,827
249,1806,913,1243,4232,243
239,1795,828,1385,7073,-576
51,1851,759,897,4629,-829
-95,1868,668,66,463,-20
-96,1820,613,82,-815,841
-63,1803,606,-40,-1079,993
-51,1856,621,-363,-3114,949
16,1922,659,-1109,-1710,526
91,1874,683,-867,950,-209
71,1830,692,-573,1339,-353
12,1839,672,-482,-1155,80
6,1845,713,-993,-929,334
20,1824,740,-1179,-350,163
18,1829,766,-1339,397,-500
-2,1845,764,-1975,-209,-199
-14,1810,738,-1777,-1370,158
22,1789,747,-1481,-377,10
19,1790,759,-1183,-1058,73
17,1781,755,-1195,-1539,92
64,1760,757,-995,-716,-45
95,1794,783,-1046,722,-104
81,1809,821,-1279,1486,119
14,1765,779,-754,56,31
6,1779,777,-672,586,-35
-5,1791,760,-797,636,-100
-38,1789,747,-777,-786,-87
-14,1792,778,-473,-787,68
33,1782,767,-372,-25,305
59,1756,750,525,408,33
61,1772,748,368,947,-193
49,1796,773,244,833,-74
23,1788,778,381,398,85
12,1780,766,709,-8,82
27,1801,760,212,616,-19
19,1805,769,262,513,227
7,1782,760,491,-81,248
39,1785,771,274,707,-177
25,1802,777,-67,128,-105
-6,1763,771,541,-1440,198
27,1747,789,1173,-476,160
63,1785,792,845,696,7
50,1789,787,530,500,-259
40,1772,794,846,434,-361
52,1790,800,707,1327,-138
25,1784,783,493,859,122
-10,1771,769,597,-374,169
1,1788,779,310,-94,68
25,1807,788,143,263,33
44,1795,785,157,399,127
41,1787,772,377,499,-17
34,1799,774,27,743,-140
11,1809,769,-182,87,-7
0,1791,746,-14,-640,52
27,1782,747,395,-407,-25
64,1793,768,588,610,-71
59,1801,746,277,-41,-205
54,1776,746,562,-307,-200
63,1797,754,336,104,-168
59,1811,773,209,646,-152
31,1798,773,144,303,-279
5,1799,772,58,-377,-169
2,1792,769,25,-1002,-27
29,1789,775,81,-816,24
66,1784,784,157,-334,-131
85,1792,789,132,111,-176
87,1799,806,214,1073,-231
48,1787,794,166,914,-290
16,1783,790,213,-299,-185
26,1795,787,-7,-399,14
46,1786,774,163,-153,-98
68,1788,783,297,931,-260
60,1795,772,177,969,-309
21,1796,753,62,318,-352
5,1787,757,202,-276,-160
15,1792,752,177,-501,-19
40,1796,757,133,-81,-68
58,1800,759,104,452,-173
45,1793,751,6,246,-330
40,1802,763,104,166,-275
35,1797,767,283,217,-202
35,1786,775,518,363,-180
35,1782,773,503,2,-172
50,1793,785,419,400,-220
53,1800,782,343,683,-146
44,1796,774,323,772,-68
24,1790,772,491,726,-92
-4,1798,761,360,321,-100
-17,1803,758,261,-100,-7
-6,1790,748,431,-341,-13
21,1803,756,306,368,4
16,1804,758,296,498,-194
-5,1798,757,320,33,-277
-3,1794,751,353,-386,-150
18,1805,755,297,-133,-81
30,1815,760,215,264,-29
20,1798,756,309,-35,-90
32,1792,749,469,-112,-19
58,1802,757,489,986,-149
39,1816,740,193,766,-37
11,1795,738,382,-259,28
29,1782,740,502,-172,64
60,1809,751,398,840,-117
57,1828,762,174,1101,-137
21,1796,740,296,156,-7
21,1793,740,335,319,18
31,1805,748,234,664,-101
15,1817,756,69,221,-179
17,1807,757,106,139,-71
26,1798,758,238,258,-40
42,1811,755,142,-81,110
53,1807,752,195,404,73
45,1801,742,321,539,-17
36,1810,748,381,1009,-169
14,1802,735,511,561,-55
7,1797,736,468,431,-51
9,1807,743,221,287,-53
8,1827,741,-59,130,41
14,1804,741,139,11,-16
24,1790,733,362,-18,-25
36,1814,734,146,271,-148
32,1820,745,-102,509,-298
13,1804,721,-26,-619,-183
42,1803,717,-76,-625,3
84,1816,738,-128,406,45
88,1803,741,-68,844,-256
66,1790,728,46,300,-292
52,1802,723,-146,534,-215
28,1809,742,-153,418,-60
2,1799,750,44,-173,-64
5,1798,741,81,-557,-188
30,1801,743,82,-355,-203
40,1803,755,333,-89,-163
56,1801,770,419,501,-217
52,1790,765,457,623,-324
30,1801,764,70,422,-247
7,1809,768,9,-43,-80
-4,1798,760,101,-368,-109
22,1801,746,218,-251,-42
49,1808,738,293,295,-198
44,1817,741,117,635,-292
10,1810,741,173,768,-176
-20,1793,736,242,-81,-56
5,1790,740,494,-424,36
55,1795,745,585,303,-11
82,1813,757,280,1321,-238
50,1831,764,34,1662,-331
-10,1807,756,44,469,-289
-21,1786,740,152,-656,59
22,1797,744,-229,-283,215
52,1802,761,-448,190,227
50,1805,780,-742,156,272
32,1778,817,-1178,-344,633
0,1731,879,-1797,-1287,1451
-28,1712,962,-2465,-3082,2137
-16,1736,1080,-3794,-3022,2422
25,1759,1212,-5531,-267,1898
13,1745,1337,-6933,1857,1410
-11,1694,1416,-7002,3012,1359
-16,1619,1477,-6245,5253,1569
-77,1531,1509,-5422,8076,1500
-297,1457,1465,-4134,5759,1402
-513,1420,1401,-3606,-1467,1530
-531,1335,1432,-2343,-6739,1744
-399,1304,1544,1006,-3836,2942
-227,1438,1720,1192,-426,4129
-245,1489,1994,5218,4516,2634
-382,1345,1293,11807,-2647,3311
-371,1288,595,11482,-13397,4694
38,1484,618,12524,-8274,2741
522,1807,100,13756,-9583,1532
964,2112,-79,14235,1284,606
1108,2269,-246,13673,13138,-1146
590,2256,-400,12133,9069,-1359
30,2128,-368,13676,-3128,-726
150,2008,-325,14027,-9229,-112
632,1926,-169,13664,-2601,-333
916,1874,52,13819,5108,-480
814,1864,237,12550,8338,-713
575,1812,312,10493,7221,-589
305,1856,421,10604,4541,-253
101,1877,309,9344,-316,593
54,1911,221,8271,-4484,1113
226,1988,173,6280,-3720,741
385,2047,116,5155,-4054,83
511,2033,133,5116,-2466,-461
519,2002,89,5065,-2122,-819
457,2036,30,4228,-3663,-170
321,2075,8,4446,-3425,-11
250,1999,-11,4914,-6453,-821
386,1996,-105,5154,-6215,-1355
361,2232,-263,768,-6380,-1200
234,2001,-313,2085,-8250,-1243
79,1784,-401,351,-11878,938
-97,1909,-302,-1528,-8683,2146
-2,2000,-320,-4292,-11503,2585
190,2016,-290,-4565,-7842,3066
151,1958,-461,-4934,-7868,2701
267,1811,-691,-3546,-6289,2100
516,1822,-790,-2373,2276,1055
489,1953,-880,-2165,7066,587
168,1997,-838,-816,3827,963
-32,2049,-794,-6,-1401,62
162,2076,-676,975,4503,-886
332,2017,-622,1922,9202,-1600
232,1988,-558,1411,9705,-1133
-5,2051,-406,-1451,7565,-574
-169,2083,-206,-3777,2209,404
-25,1957,-122,-2734,-2875,1923
359,1886,-241,-890,-2532,2260
605,1964,-291,-2036,2572,689
710,1991,-176,-3347,10448,114
618,1992,-57,-3640,12562,-207
309,1921,0,-1912,172,713
279,1888,12,228,-2890,1847
376,2000,-55,-2196,2636,2657
349,1947,-110,-1902,313,1377
403,1954,-41,-2939,1045,628
507,2114,115,-6042,5549,-6
506,2056,130,-6426,2910,1616
552,1819,-7,-3282,1650,3820
741,1833,-64,-3791,5632,1672
639,2082,89,-5986,9131,-447
439,2036,143,-3844,7082,-730
597,1841,11,-4325,5448,782
833,1959,11,-3681,8230,2242
723,1991,-12,-4882,16513,-1110
22,2020,-87,-6964,7542,-3301
-535,2055,-102,-7957,-9401,-2781
-129,1891,-134,-6192,-17822,223
776,1828,-35,-6771,-2543,-1035
872,1959,197,-8763,11031,-4850
221,1977,301,-8926,3063,-5224
-197,1820,319,-9806,-12523,-3235
268,1674,523,-9021,-14250,-1301
923,1685,537,-9074,-2099,-967
1117,1656,486,-9254,6023,-2980
725,1691,499,-8986,6132,-4257
237,1807,520,-9623,1064,-5447
17,1828,669,-10651,-3661,-5797
46,1726,918,-9858,-3563,-4452
93,1613,1044,-7625,-1773,-3580
130,1481,1064,-5158,-506,-2486
29,1538,1212,-4477,209,-4241
-256,1588,1364,-1441,-3916,-4535
-288,1549,1500,2119,-4744,-2947
-74,1424,1623,4160,2529,-3217
-2,1385,1607,4176,5147,-2733
-113,1508,1465,4132,229,-482
-118,1588,1312,5027,-1420,397
47,1598,1243,4158,2959,590
86,1587,1181,4126,4710,579
-49,1636,1133,3423,5371,51
-209,1752,1060,1772,557,14
-288,1829,1044,301,-1326,549
-276,1748,970,515,-2726,887
-157,1653,833,1039,-4394,1557
26,1721,858,444,-3123,1700
189,1783,891,-130,-2047,1195
304,1774,802,-209,-492,753
388,1775,792,986,2662,-150
344,1764,780,1170,4278,-651
175,1767,710,927,3439,209
56,1762,671,939,703,412
61,1763,724,352,-305,475
123,1788,788,13,367,188
144,1782,814,-220,672,-64
110,1774,817,-450,-616,232
59,1751,806,-245,-1975,466
71,1735,792,-172,-2701,335
146,1772,813,-198,-1327,45
191,1798,829,-538,-204,55
192,1765,815,-181,-603,38
180,1749,798,351,-125,-6
150,1760,806,483,-358,-151
147,1758,806,800,-575,-136
176,1759,811,602,531,-218
203,1768,822,494,1194,-307
175,1763,821,503,615,-224
139,1749,829,676,-17,-190
136,1749,809,161,32,-84
163,1760,826,-14,838,46
162,1763,833,-111,745,-106
153,1748,840,-44,950,-440
139,1765,874,-412,1248,-588
133,1781,914,-501,499,-267
126,1755,911,-435,293,-203
138,1733,885,-652,440,-209
155,1738,851,-429,574,32
162,1737,839,-90,724,39
165,1737,831,215,673,-81
159,1758,815,225,871,46
144,1752,793,449,1013,-152
142,1748,779,697,1205,-447
136,1765,792,369,1585,-379
99,1766,800,464,332,-120
84,1751,802,1013,233,10
92,1755,783,1047,296,18
104,1770,790,715,720,-132
93,1775,805,569,466,-223
85,1770,822,310,492,-220
84,1764,832,321,212,-135
84,1765,839,388,-175,46
90,1755,845,496,-302,43
115,1762,855,606,72,19
132,1779,854,419,758,-90
125,1767,847,493,648,-121
129,1750,826,992,703,-132
139,1763,816,575,950,-65
128,1779,829,400,1233,34
93,1775,807,260,237,68
96,1770,796,231,205,-32
105,1777,790,141,226,-75
94,1781,795,104,314,-26
81,1772,798,423,-307,10
113,1766,799,530,-298,-10
142,1773,801,456,605,-57
139,1773,804,447,888,-125
126,1769,798,521,578,-69
115,1783,794,267,650,-103
96,1784,799,119,1148,-113
69,1780,779,218,-250,-3
87,1776,769,208,-429,71
116,1775,781,198,27,31
129,1783,797,84,882,-171
110,1781,795,161,479,-203
95,1784,796,69,207,-38
96,1781,801,29,20,113
108,1772,801,260,127,26
121,1773,792,240,203,-55
131,1782,797,200,822,-170
116,1781,799,180,696,-183
106,1770,794,255,283,-79
111,1777,789,75,511,-37
108,1779,795,54,325,19
101,1782,796,153,247,-50
101,1775,786,121,197,-144
120,1779,796,100,803,-100
116,1777,790,134,189,37
116,1777,785,188,179,4
126,1770,786,300,888,-115
125,1771,784,275,1156,-287
102,1781,797,116,572,-204
86,1778,795,-18,-483,43
103,1770,806,194,-14,165
120,1770,796,148,436,36
116,1775,800,192,521,-200
104,1785,799,79,467,-176
90,1784,789,2,54,26
92,1773,794,183,100,74
105,1774,803,237,434,-29
99,1783,793,212,186,-166
77,1784,790,272,-213,-104
81,1780,794,351,-353,47
105,1778,799,302,223,-6
107,1777,787,238,293,-1
107,1784,791,51,131,38
103,1785,799,-160,370,96
94,1774,808,-13,246,155
101,1770,810,173,219,218
125,1770,786,187,534,121
133,1777,791,14,1090,-149
104,1791,805,-162,818,-143
74,1775,794,95,-57,119
88,1760,778,285,-198,251
119,1765,791,266,393,160
127,1786,808,180,898,-128
110,1785,817,175,1007,-199
85,1765,804,293,553,-231
74,1775,801,55,-135,99
83,1788,815,-55,-144,368
89,1766,809,113,-721,239
144,1772,809,170,390,16
160,1784,798,39,1397,-145
116,1775,791,46,1096,-214
72,1781,780,-142,-148,49
75,1775,774,266,-912,199
117,1776,770,383,-153,215
146,1773,761,426,533,-118
151,1790,753,175,793,-323
124,1786,774,276,239,-222
106,1772,789,326,127,-221
113,1773,795,253,-26,-160
107,1781,796,-133,11,-171
115,1778,813,-57,-586,-75
146,1759,812,181,-361,67
169,1749,809,272,679,-139
160,1779,813,-91,1003,-212
119,1782,818,-53,417,-64
108,1767,802,143,-310,-74
141,1773,783,143,567,-170
131,1780,786,16,793,-309
98,1773,787,152,-206,-258
118,1768,799,129,-109,-293
147,1769,828,135,460,-523
161,1773,876,-36,74,-431
167,1756,928,-654,-204,51
167,1690,1006,-1407,-73,694
129,1690,1094,-3499,-1631,1326
145,1706,1183,-7736,-778,915
157,1642,1286,-11029,1414,102
90,1520,1368,-11694,616,-426
-25,1392,1464,-10141,-1597,19
-106,1312,1558,-7885,-1330,1119
-136,1286,1598,-6983,-220,2200
-132,1274,1627,-6484,1812,2778
-184,1260,1561,-5654,318,2638
-223,1208,1520,-3785,-4027,3397
-156,1209,1717,-782,960,5321
-88,1260,1786,3811,9345,5274
-147,1198,1379,6937,-1238,4747
-180,1323,1205,6377,-4054,2717
-59,1434,1223,9192,-1719,2483
-27,1580,895,9236,-2484,615
-119,1756,834,12624,-8529,186
213,1934,505,13938,-10286,160
813,2114,268,12500,-1285,-922
1029,2168,157,11339,4770,-1393
882,2090,101,11534,2153,-1034
851,2044,102,11638,2437,-654
816,2054,140,12001,5223,-929
604,2063,185,11598,7813,-1534
255,2016,233,10312,5704,-2991
-13,1945,246,11269,-2536,-2245
169,1863,217,11983,-6069,-691
636,1799,218,11620,-1316,555
898,1812,258,10792,4594,392
725,1853,290,10286,7723,-1560
367,1891,340,10992,2227,-1182
271,1932,286,10267,-65,92
254,1900,243,10173,-2399,816
203,1859,158,10193,-4046,749
182,1934,132,10412,-7829,-179
337,1934,117,12409,-9835,-1314
627,2070,2,9229,-7713,-2126
500,2173,-181,4059,-5595,-669
-60,1996,-83,2406,-10140,1091
-293,1921,-104,49,-13295,1565
-115,1975,-83,-3041,-12819,1055
167,1933,10,-4676,-8166,2700
175,1994,-157,-7662,-4893,3415
75,1945,-277,-8185,-10233,2048
200,1813,-308,-6890,-8762,2267
472,1745,-450,-5267,-1199,2095
680,1916,-597,-4836,6072,1316
330,2141,-604,-4045,9326,1194
-206,2151,-649,-1765,-1411,528
-24,2095,-739,-48,-1637,-620
358,2190,-704,-952,12614,-1184
161,2235,-557,-31,10279,-809
-47,2207,-536,1274,-199,-460
-15,2159,-444,1373,993,-830
-9,2104,-353,800,85,-927
170,1923,-310,3426,-4264,753
632,1912,-355,1669,5020,1973
763,1992,-240,149,12432,1092
554,1921,-156,1411,8641,32
374,1878,-41,213,5498,102
265,1895,180,-615,2481,623
312,1945,308,-2412,2810,2014
266,1955,224,-4618,-2918,2359
276,1911,192,-5150,-6392,3110
548,1848,242,-7547,-2136,3219
840,1826,320,-8812,9077,2670
928,1840,331,-10442,7911,1065
839,1925,399,-13010,11667,-625
578,1972,268,-10373,4829,383
358,1855,275,-7251,-999,3229
686,1689,-81,-3879,3957,4659
1071,1948,-116,-6651,16156,674
681,2287,-115,-8649,21969,-3171
-136,2200,-85,-8071,4615,-2299
-215,1908,21,-5915,-6582,-314
244,1840,57,-5885,-5493,961
615,1966,128,-5757,2685,-530
687,2036,130,-6823,6621,-3427
504,1962,300,-6565,7482,-4030
228,1777,450,-5357,2621,-2686
102,1634,503,-5489,-3377,-2129
254,1622,536,-6820,-2896,-3275
444,1674,610,-8152,898,-4038
390,1652,752,-8599,3693,-4573
193,1533,924,-9054,659,-4870
-36,1461,1059,-8534,-4524,-4462
-32,1441,1229,-6066,-5433,-3454
156,1416,1387,-5164,-292,-3676
220,1404,1529,-5300,4397,-4350
42,1386,1626,-3715,3475,-4986
-227,1341,1695,-1202,-151,-4649
-360,1302,1840,1688,-2627,-2888
-360,1318,1825,4597,-5411,-586
-203,1363,1641,5460,-4811,-187
22,1474,1432,4627,-1236,-526
187,1564,1277,4684,3817,-1205
218,1567,1226,5286,8055,-1265
133,1560,1203,5477,10147,-815
-99,1599,1163,4205,9240,-144
-412,1677,1096,2486,1743,358
-486,1704,1106,1404,-5205,426
-351,1720,1112,-28,-3743,1155
-200,1678,1012,-292,-3863,1070
1,1634,1058,1502,-2959,371
132,1742,1082,-572,-1136,1567
145,1743,988,-611,276,664
185,1665,881,262,2970,-373
162,1718,890,-802,2829,-126
45,1759,938,-1119,2227,-247
-21,1722,868,-579,883,-96
10,1692,823,-865,-873,288
58,1698,876,-664,-869,247
51,1713,906,-56,-1514,163
92,1720,865,-4,162,-28
136,1716,835,-462,1482,-139
107,1707,858,-248,1715,-352
63,1724,885,-637,783,-232
28,1715,882,-586,81,-315
30,1702,879,-245,-1037,-23
68,1696,877,-26,-122,152
122,1689,873,146,655,96
128,1701,875,-141,1580,-357
75,1705,902,-387,813,-723
28,1706,933,-113,81,-403
18,1698,945,-131,-546,56
44,1681,932,19,-862,32
92,1680,941,266,129,-107
112,1681,963,542,948,-345
75,1685,967,232,1111,-655
17,1679,972,239,-144,-434
10,1669,973,91,-975,161
63,1665,993,-30,161,242
75,1668,997,236,678,-101
62,1677,1009,317,1149,-237
21,1680,1000,108,677,-129
-41,1676,984,317,-758,59
-20,1669,985,761,-984,253
39,1673,1001,779,326,43
30,1689,995,954,-927,295
-5,1700,971,624,-1219,413
-1,1687,924,459,-1284,201
37,1698,889,72,-848,234
81,1719,913,-233,-285,18
143,1686,909,152,808,15
152,1685,885,-113,1368,-163
107,1705,927,-272,1418,-124
63,1696,953,-14,429,-279
56,1677,967,576,412,-56
60,1671,954,455,251,60
75,1678,953,276,852,-81
72,1701,972,-163,748,-1
33,1692,980,-238,727,5
21,1674,961,-33,34,92
45,1683,984,70,143,76
47,1682,975,286,219,-17
57,1688,959,136,1143,-177
43,1691,956,-184,853,-129
34,1685,959,-149,-56,-3
49,1693,956,-119,84,219
68,1680,943,141,241,313
79,1680,930,305,638,93
76,1703,934,105,1192,-208
39,1700,937,212,602,-199
19,1687,929,366,-406,7
47,1687,933,-39,-276,191
71,1689,948,136,304,39
62,1689,954,238,140,-96
64,1686,938,260,75,-102
71,1681,934,205,-101,-92
73,1689,947,-62,-219,63
70,1694,963,9,237,35
39,1684,959,52,-362,-127
48,1684,956,-80,-588,-128
73,1686,967,97,-19,-33
76,1678,959,356,-169,-65
95,1678,953,401,242,-64
92,1686,953,213,665,-179
69,1690,952,346,283,-84
58,1685,953,529,-83,-79
63,1681,957,579,66,-114
68,1685,948,463,-56,-65
90,1691,955,614,208,54
95,1685,947,591,548,-31
78,1682,945,452,460,-245
64,1696,945,39,-142,-211
63,1693,970,145,94,-11
60,1679,958,237,-194,97
89,1680,954,149,290,-38
99,1692,958,-59,941,-287
67,1694,959,-60,443,-209
37,1686,947,-64,-20,-36
38,1681,946,53,-454,-32
67,1691,963,77,97,-25
81,1687,955,228,211,-98
95,1685,955,144,612,-227
89,1692,953,65,319,-188
73,1692,965,146,476,-7
60,1682,948,355,104,108
71,1687,944,329,361,19
82,1691,946,345,769,-165
72,1689,949,210,629,-242
53,1693,941,142,192,-45
56,1690,947,155,240,53
66,1690,944,275,57,94
67,1691,937,217,334,-107
79,1697,945,273,500,-230
79,1702,952,147,940,-36
53,1689,946,225,135,68
54,1684,947,425,-3,61
71,1688,949,403,430,1
87,1693,944,276,651,-211
79,1695,933,213,510,-215
55,1694,934,213,208,-18
49,1690,925,385,-32,98
65,1699,930,319,119,24
64,1704,917,302,45,-125
52,1701,918,376,-73,-339
59,1707,928,19,-224,-195
62,1702,932,297,-34,-111
68,1688,939,549,-381,-107
102,1698,938,427,-1,-126
114,1698,934,326,218,-279
109,1684,946,516,683,-338
90,1685,946,595,617,-204
73,1695,955,483,333,-74
73,1699,944,547,324,-7
79,1695,932,463,567,-88
74,1701,926,221,632,-241
55,1708,936,296,375,-73
54,1700,931,353,539,44
47,1700,908,167,1,116
58,1709,921,271,186,-63
60,1719,932,469,866,-133
50,1712,919,733,865,-223
49,1701,912,643,482,-254
48,1715,918,380,165,-182
51,1716,924,350,17,-90
64,1702,924,251,367,-129
72,1704,920,130,488,-135
57,1713,921,-18,515,-151
38,1704,913,99,-89,-156
50,1712,911,-23,-137,-250
57,1710,928,143,337,-247
50,1702,940,231,201,-43
71,1713,915,221,105,-39
85,1713,904,540,357,88
87,1709,897,752,439,-50
105,1719,923,610,1270,-161
82,1706,912,820,1514,-432
41,1713,890,748,757,-198
41,1706,888,489,267,73
38,1719,891,394,-59,153
42,1726,896,200,75,-14
49,1727,907,99,644,-389
20,1729,916,-92,246,-377
-5,1717,909,-306,-911,-229
20,1706,928,-706,-728,-130
43,1713,954,-1105,-635,-263
60,1695,996,-1481,-1038,-59
53,1657,1035,-1842,-1271,-166
7,1633,1090,-3061,-2664,-358
-11,1594,1195,-4577,-3404,-353
4,1558,1317,-5892,-3649,-26
23,1503,1405,-6308,-3058,364
8,1445,1461,-5893,-3752,1098
15,1408,1498,-5611,-2379,1643
61,1409,1554,-5488,2983,1674
7,1383,1580,-4918,5971,977
-119,1300,1577,-3211,4597,1307
-237,1271,1594,-1985,1807,3079
-255,1301,1821,509,2803,4107
-301,1280,1908,3887,5890,3656
-417,1233,1542,7125,2966,3622
-438,1213,1377,8211,-2333,3264
-509,1289,1310,10807,-4874,3880
-328,1445,1063,11991,-7149,2895
111,1540,695,12587,-9074,2354
666,1734,445,14243,-4262,1812
999,2015,185,13461,5787,1371
903,2196,74,11406,10181,-313
411,2148,-51,11625,1879,97
247,2052,-97,13113,-6096,369
590,2058,-114,12649,-3093,682
919,2078,-1,12373,7422,-204
766,2009,136,12167,11064,-809
380,1880,220,11781,7430,-403
153,1819,289,11700,-959,1500
265,1786,258,11243,518,1778
423,1812,317,11291,3660,959
467,1884,259,10310,6226,-478
393,1956,229,10242,5600,-174
204,1919,149,10251,2904,36
-4,1926,168,11422,-5979,840
118,2015,161,11381,-6279,898
265,1949,81,11358,-6853,374
331,1918,21,11552,-8906,40
352,2092,52,8540,-7463,-703
296,2116,54,7890,-12885,-799
265,2202,-64,4067,-14468,-251
79,2283,-55,909,-16917,979
35,2068,-74,-1455,-13156,1542
138,1891,-205,-4858,-12875,2186
206,1777,-256,-4976,-15115,3012
383,1889,-487,-5915,-13852,3281
528,1963,-579,-6737,-580,2438
169,1932,-693,-7352,211,1487
-58,1747,-809,-6438,-7780,1170
136,1795,-880,-5221,-6721,215
496,2137,-797,-3490,1531,671
523,2126,-727,-1260,9115,-271
71,2019,-875,-401,5280,-1343
-142,2102,-855,376,-349,-2190
4,2116,-740,1172,-1572,-1767
230,2084,-570,1019,4807,-573
243,2068,-533,121,7590,-1005
99,1961,-410,411,-106,-1442
321,1883,-317,2275,135,261
557,1923,-273,817,8176,1147
416,1886,-217,89,4339,833
379,1837,-211,141,2205,609
575,1910,-132,-2493,8279,616
628,1981,-3,-4447,12671,43
382,1963,160,-4992,8945,24
138,1945,168,-3617,1276,1036
106,2007,81,-5145,-1920,2146
200,1909,1,-3492,1106,1909
604,1711,-33,-1014,2415,2643
1192,1995,-24,-4495,19634,5031
1079,2320,-234,-5041,22441,1867
446,2042,-631,-1646,23483,-2365
-263,1946,-625,-2486,8293,-2109
-483,2135,-42,-4206,-6991,1825
-45,2089,139,-5613,-4747,4554
514,1869,-84,-6610,-5596,2376
915,1865,48,-6098,1272,-1514
839,1999,257,-5311,9506,-4088
380,1991,218,-5934,3533,-1839
143,1919,90,-6819,-5344,582
346,1801,80,-4706,-4995,877
832,1814,71,-5050,6753,-1636
762,1961,251,-7792,10740,-4104
241,1943,415,-7702,6391,-4016
-35,1849,315,-10001,-4545,-2001
58,1735,236,-10557,-6035,-1493
433,1657,353,-8043,3670,-2660
614,1749,525,-7489,8907,-3579
356,1846,518,-7947,7099,-4752
77,1843,467,-6842,2279,-5478
-88,1827,539,-6403,954,-4769
-326,1715,687,-4598,-58,-4447
-561,1677,930,-5244,-3510,-4485
-604,1647,1267,-4697,-4031,-4431
-468,1532,1381,-2746,-7208,-3541
-168,1498,1341,-1435,-9526,-1186
236,1516,1312,-1150,-2932,118
459,1522,1290,-1213,6696,-761
268,1594,1271,-285,6972,-2269
-35,1671,1278,498,3084,-2685
-216,1699,1261,2255,1045,-1859
-318,1690,1186,3340,224,-613
-360,1608,1105,4125,-1415,-354
-306,1613,1068,4071,-2321,-701
-183,1710,1125,3052,-638,-573
-78,1741,1145,2149,1705,-887
-54,1700,1081,1596,1359,-799
-65,1695,1003,876,-858,166
-13,1716,986,205,522,728
36,1739,969,-53,3286,355
-20,1786,917,-1013,3162,-126
-137,1785,859,-881,450,-229
-154,1776,841,-862,-1241,329
-69,1773,860,-574,240,1019
-49,1764,768,-280,-987,812
15,1784,743,-329,-1136,647
84,1777,754,105,1894,-137
53,1756,768,573,2054,-275
3,1749,770,1029,699,-255
-3,1775,791,376,683,-161
-17,1778,849,91,1454,-232
-68,1752,846,208,-609,-337
-50,1768,832,-240,-1064,-241
1,1763,848,-448,175,280
-25,1744,853,-570,-334,45
-33,1748,867,-554,-1329,-270
12,1756,880,-566,-896,-289
65,1755,888,-520,922,-93
57,1745,876,-547,1545,-2
3,1733,829,-443,-76,-81
-11,1739,833,-24,-346,-220
5,1750,848,136,471,-261
7,1755,844,169,92,-205
18,1752,846,222,710,-104
-9,1736,834,311,302,-136
-20,1744,837,110,203,-102
-24,1760,851,-55,535,-29
-35,1748,862,121,-86,90
-29,1746,869,70,248,-62
-43,1750,860,-195,93,-118
-53,1756,863,-253,-415,-190
-30,1744,874,-103,-627,-9
-10,1731,866,29,-272,95
-2,1734,872,230,16,-104
-17,1765,877,-365,268,-372
-45,1769,880,-235,-534,-312
-51,1736,845,127,-1305,-183
-17,1730,819,231,-1190,-203
31,1745,836,77,-453,-280
48,1747,865,7,-35,-242
56,1729,856,183,-121,-57
66,1729,858,156,368,-144
43,1743,880,62,540,-190
6,1736,879,125,98,-241
-7,1734,870,96,-171,-181
3,1732,876,167,-84,-27
16,1733,903,240,478,-77
13,1738,909,313,245,-140
4,1732,892,54,107,-143
5,1721,895,259,386,-114
7,1741,895,-11,672,20
-1,1740,890,-117,364,110
-6,1725,883,-54,-190,214
8,1733,885,-44,313,154
9,1739,882,110,951,108
-22,1743,874,82,465,-43
-49,1748,869,57,-174,-157
-47,1744,877,-76,-170,-12
-33,1734,884,-134,-455,102
-1,1731,891,4,54,148
29,1731,884,-44,334,203
37,1732,877,29,1158,110
19,1728,866,69,710,31
8,1737,867,72,692,83
-8,1742,873,-108,835,180
-30,1735,864,-90,-193,229
-12,1734,871,-63,-327,234
24,1734,867,115,193,254
52,1728,859,354,1102,88
43,1738,866,316,1397,-1
-2,1743,864,33,823,79
-32,1736,865,310,288,107
-26,1735,872,401,-113,152
4,1734,884,433,249,81
11,1742,880,382,362,-96
8,1739,871,256,184,-109
21,1732,868,128,41,64
30,1731,872,240,212,183
27,1725,872,386,135,67
24,1742,871,239,239,-185
12,1746,868,32,86,-194
8,1731,869,167,-49,-159
16,1734,877,280,64,-40
10,1735,873,152,-254,-125
10,1738,876,117,-403,-254
31,1736,878,138,-144,-210
44,1726,877,50,503,-84
29,1728,876,41,18,-106
20,1731,885,-13,-524,-31
29,1735,888,-1,-235,50
44,1729,888,294,453,-49
32,1732,879,179,537,-228
15,1736,884,111,245,-254
5,1738,870,15,-682,5
30,1729,883,257,-5,122
59,1732,911,66,567,150
71,1726,935,278,1056,-52
54,1724,923,511,1134,-112
23,1725,898,334,1031,17
-6,1735,894,7,424,-88
-13,1739,892,79,106,-40
3,1730,872,255,145,-16
20,1724,846,287,287,-58
27,1736,838,144,509,-114
19,1741,843,209,389,-132
15,1737,852,200,540,-232
8,1738,844,116,323,-190
0,1744,850,131,172,-157
2,1741,861,120,136,-82
-3,1733,868,293,-108,-71
7,1732,873,426,-402,-47
35,1730,886,512,286,-133
43,1736,889,349,454,-203
36,1737,896,262,550,-117
14,1728,897,240,336,-56
10,1733,893,120,29,-69
19,1738,886,165,-43,-22
26,1736,879,83,384,-39
27,1739,884,92,632,-141
17,1733,875,144,499,-138
16,1733,872,214,203,-115
32,1735,870,-10,386,-51
27,1737,875,-291,603,-79
10,1735,897,-479,238,-195
8,1732,925,-665,-74,-231
8,1730,952,-782,-648,-313
25,1765,991,-1046,-2545,-725
97,1731,1109,-2373,-2255,-343
121,1633,1263,-4842,-1662,899
60,1577,1378,-8017,-691,634
-48,1505,1390,-8858,-1362,-383
-189,1415,1339,-9028,-4616,-276
-152,1301,1448,-6986,-2264,718
-108,1277,1549,-5331,1028,1230
-187,1306,1478,-5521,-598,1742
-276,1321,1466,-4477,469,2726
-307,1338,1586,-3061,1929,3191
-331,1366,1892,-1927,1274,4486
-326,1301,1887,5171,7929,3811
-351,1152,1361,6977,-1290,3998
-408,1249,1456,6454,-5308,4002
-478,1363,1203,11737,-5339,4452
-130,1484,858,10540,-13228,3098
362,1670,783,14035,-6210,1334
667,1940,434,13058,-985,588
815,2086,256,13182,3081,-339
679,2148,48,11413,4521,-1075
316,2124,-16,12251,-1999,-827
280,2123,-105,12046,-6648,-898
564,2104,-49,11193,-1994,-1537
769,2016,81,11087,2691,-1774
767,1899,193,11564,4002,-1016
649,1828,337,11065,6305,-933
433,1784,395,11584,1786,-625
345,1756,416,11026,-950,24
410,1770,455,10340,1063,1268
458,1792,428,8824,2749,972
309,1868,466,8606,2582,-741
195,1993,404,8463,-520,-438
201,1983,311,8835,-2097,-1132
216,1972,259,8345,-2047,-1181
120,2002,146,7477,-6388,61
104,2002,110,7319,-9076,-230
273,2040,52,5363,-8825,-1661
298,2149,64,1468,-6665,-314
173,2127,103,-1838,-4416,1815
-246,2084,-32,-4610,-13793,1202
-427,2005,-132,-4436,-31317,1618
125,1946,-313,-6943,-22779,2466
587,1831,-284,-5627,-13097,765
843,1703,-391,-2813,-7466,-358
1085,1813,-501,-2677,9315,225
734,1944,-397,-4075,17281,2162
-40,1890,-357,-2823,1437,3195
-392,1861,-545,-3134,-3845,2547
-163,1988,-574,-2764,-2448,402
294,2116,-558,-1772,5846,889
513,2191,-490,-1004,12867,1570
300,2222,-534,-1927,12323,1702
-40,2129,-454,-557,5223,1021
78,2080,-396,243,2970,1980
370,2084,-376,-445,6617,2796
379,2062,-278,-155,6028,1954
357,2051,-115,-687,3404,552
511,1985,47,59,4799,561
602,1919,136,848,3303,1677
699,1825,238,2067,5319,2235
716,1878,325,1153,9105,2203
367,1988,281,141,4802,-462
223,1876,310,253,3798,-704
349,1865,285,-2382,2774,1060
559,1852,336,-3356,965,4427
643,1988,203,-4046,6627,1056
436,1951,8,-5160,6207,-2184
411,1827,203,-2503,6543,-499
487,1994,323,-4924,4243,535
603,1879,151,-5441,5660,2109
529,1865,34,-4468,2499,-445
606,1927,11,-2111,6442,-3013
708,2058,-57,-3264,12343,-3026
435,1992,-53,-5492,6259,-1530
222,1871,-186,-6674,-2164,461
278,1846,-102,-7135,-4803,-388
340,1940,168,-7605,6537,-4670
107,1919,271,-8154,3537,-5252
-15,1729,195,-9575,-2774,-3151
238,1619,300,-11281,-4700,-2084
464,1681,721,-10937,-2675,-2825
343,1713,1056,-8715,-770,-3451
122,1590,1182,-6711,2032,-4965
-50,1539,1147,-7755,-2100,-5186
-93,1571,1198,-9414,-4964,-4079
122,1544,1408,-5354,-2440,-3157
327,1515,1455,-2392,2155,-2996
425,1540,1251,-1533,7887,-3514
240,1604,1052,-3305,6776,-4339
-73,1636,1034,-2888,5723,-5294
-441,1675,1090,-903,-1105,-4739
-639,1638,1287,2637,-7297,-2989
-537,1537,1406,5253,-8377,-1657
-233,1491,1325,5417,-6339,-849
107,1559,1182,5155,-5053,106
372,1624,1195,5503,1383,606
490,1564,1277,6782,12892,-665
273,1613,1213,5968,17590,-1972
-183,1828,1072,2795,12280,-2318
-641,1952,1036,-978,4215,-1802
-940,1775,951,-1012,-6423,748
-847,1583,735,389,-13413,3038
-355,1615,747,271,-10383,2781
137,1865,931,-1435,-3914,2218
360,1864,978,-500,1851,326
373,1711,831,1384,5455,-1110
273,1744,729,458,5919,-522
53,1798,760,195,3693,30
-167,1792,748,813,-481,502
-178,1745,686,1338,-2950,779
-15,1740,686,1676,-1061,313
76,1789,708,1427,195,-245
90,1802,739,1445,-31,-505
101,1777,760,1412,639,-465
77,1752,780,1766,805,-453
25,1764,808,2092,688,-308
-22,1798,810,1626,-223,25
-42,1813,793,789,-1338,103
-14,1791,786,478,-1882,-5
40,1762,785,708,-1387,-91
94,1773,807,900,-117,-186
106,1805,824,142,576,-35
78,1807,831,-155,-41,-83
49,1811,842,-226,593,-133
28,1777,816,-95,-163,-104
52,1767,796,-31,32,58
84,1799,772,-399,685,-25
66,1828,780,-880,1250,-97
-7,1787,753,-604,-508,-147
-17,1763,739,-226,-1552,-41
29,1795,760,-154,-355,147
44,1789,774,248,291,51
45,1780,772,308,534,-229
61,1793,766,266,1012,-374
45,1793,763,70,1247,-312
-10,1786,766,244,547,-127
-38,1786,767,271,-608,60
-14,1792,781,318,-122,-12
12,1793,784,180,324,-200
14,1789,774,82,-136,-183
26,1791,779,199,-648,83
54,1792,780,395,34,278
60,1782,786,721,1000,-1
29,1786,803,737,1156,-425
-8,1796,791,415,504,-313
-13,1790,778,217,-101,-13
26,1788,789,129,260,354
57,1793,792,238,1090,329
31,1798,774,192,1001,-62
-5,1791,754,158,398,-136
8,1793,747,188,480,-60
19,1801,739,-2,764,93
6,1796,739,174,188,21
17,1797,761,286,159,124
39,1797,757,378,560,-43
32,1803,758,149,671,-26
31,1784,771,320,866,-40
23,1793,777,416,869,-47
3,1815,776,-17,824,86
-26,1786,765,156,-405,243
2,1784,770,173,293,210
28,1809,779,38,1221,100
1,1800,770,50,694,108
-29,1788,757,226,176,22
-23,1801,752,54,351,78
-12,1800,746,6,374,121
-3,1779,739,60,-504,150
26,1791,756,143,-132,138
44,1805,766,48,241,145
51,1797,766,151,828,45
38,1793,762,47,874,-42
3,1792,761,120,128,54
0,1804,771,-21,-111,135
12,1788,763,122,-249,97
32,1783,759,135,-21,-13
53,1799,771,81,159,98
61,1793,779,-13,611,119
43,1779,762,111,-236,73
47,1798,759,-61,-328,148
54,1792,765,155,115,72
53,1779,771,499,96,-25
67,1791,774,288,251,-40
67,1793,771,227,321,27
62,1793,771,121,586,-4
51,1793,775,132,378,-82
44,1800,772,36,298,-99
42,1796,775,78,812,-51
13,1787,765,161,339,-246
-6,1798,772,16,-439,-112
9,1796,773,182,-683,-20
42,1783,786,306,244,4
