-336,1878,424,614,-3764,-52
-251,1894,463,520,-1617,32
-198,1927,470,-451,3534,-100
-265,1925,448,-554,3360,-61
-356,1889,416,134,-908,22
-381,1876,392,660,-2884,29
-336,1885,387,336,-1597,-191
-274,1901,420,435,-952,-44
-226,1926,444,502,-817,124
-193,1925,452,125,1111,-71
-190,1881,458,288,2272,38
-230,1848,470,764,1039,267
-270,1881,475,827,160,131
-289,1920,497,680,884,-229
-295,1938,485,-51,1366,-334
-287,1924,481,48,938,-57
-289,1897,475,60,1598,-24
-318,1872,452,287,1765,-134
-362,1873,453,478,416,-35
-390,1897,436,212,-646,-13
-376,1919,433,335,-924,-38
-349,1932,457,148,-183,-247
-330,1906,443,38,303,-273
-330,1867,423,369,-868,-37
-316,1882,434,422,-1727,160
-285,1919,454,583,-191,-39
-274,1930,463,135,1626,-459
-288,1907,446,-5,147,-357
-280,1890,443,632,-1311,102
-260,1907,458,212,564,73
-281,1918,460,-139,2209,-259
-331,1905,427,79,185,-376
-331,1893,432,629,-1234,-251
-298,1896,438,299,15,-132
-285,1891,420,405,564,-9
-294,1902,433,289,-162,-38
-286,1918,458,175,-17,-133
-283,1924,476,-85,1800,-381
-325,1908,463,-289,1206,-291
-356,1887,421,346,-2232,-14
-315,1898,443,386,-2681,157
-247,1909,455,-358,1373,-243
-247,1903,455,-360,2391,-348
-284,1904,472,-170,72,-237
-294,1908,486,113,-107,-237
-288,1899,470,170,1278,-208
-301,1888,441,128,827,-185
-309,1897,450,232,299,-132
-315,1904,468,-105,882,-275
-328,1891,464,318,921,-238
-354,1887,464,513,-187,-162
-362,1891,437,259,-906,-106
-342,1901,445,185,14,-358
-328,1912,484,-207,65,-388
-338,1912,517,1295,-1217,-137
-359,1910,464,914,-711,-592
-346,1894,382,696,-2123,-395
-288,1903,412,433,-2783,-32
-221,1910,450,426,-166,-190
-189,1904,446,42,2549,-184
-237,1897,420,218,2525,-101
-310,1909,404,27,1004,-67
-352,1916,383,295,-216,-33
-361,1916,386,157,-121,-207
-342,1904,388,179,-306,-149
-322,1895,384,280,-170,-56
-317,1899,401,286,-80,-20
-320,1910,427,217,121,-2
-316,1915,423,51,-164,123
-311,1907,433,135,157,-47
-316,1902,436,121,262,-34
-330,1899,441,275,-85,97
-331,1895,448,406,-455,-100
-317,1906,447,330,-1072,-48
-281,1924,461,101,-58,-52
-264,1924,463,-302,1020,-1
-281,1901,445,27,889,69
-300,1877,436,378,111,86
-304,1883,447,352,288,37
-308,1922,452,180,624,89
-317,1933,439,93,319,383
-325,1905,422,87,604,128
-334,1882,420,192,-350,122
-330,1896,432,349,-1053,268
-310,1928,441,112,91,85
-305,1923,438,3,1405,-190
-313,1899,423,130,-339,16
-301,1895,431,236,-1709,312
-262,1906,439,45,123,235
-252,1914,450,-112,1799,221
-283,1910,429,-5,1622,352
-323,1909,419,11,376,303
-346,1909,436,-25,-905,371
-340,1907,445,111,-1043,342
-329,1904,431,-47,-369,317
-317,1896,427,174,-28,213
-304,1905,427,174,-1363,494
-277,1924,444,103,-1464,723
-257,1918,454,41,344,517
-259,1900,429,145,456,506
-271,1896,445,487,525,67
-282,1901,471,247,-131,-68
-265,1910,461,222,-1231,117
-219,1924,462,240,-815,112
-187,1926,483,-164,1766,-294
-200,1906,469,-360,2162,-367
-209,1889,446,285,-315,-120
-177,1902,460,622,-310,56
-137,1922,457,115,2972,96
-169,1921,436,-234,5263,-77
-259,1896,408,375,2732,133
-332,1889,412,754,34,254
-356,1900,414,485,-94,-9
-335,1911,423,276,-340,-22
-292,1920,438,314,-301,139
-264,1928,431,-105,858,-42
-250,1919,448,-195,1436,-78
-255,1908,453,-185,724,-181
-266,1910,446,-17,-151,-248
-257,1910,439,135,71,-157
-231,1903,444,-72,303,54
-218,1909,439,263,817,252
-243,1924,432,-50,1589,11
-289,1918,422,74,1001,-248
-306,1901,414,342,-822,54
-283,1900,412,318,-1050,150
-245,1911,435,345,550,28
-241,1927,446,92,1267,-106
-263,1917,434,174,320,-96
-265,1894,446,449,42,74
-272,1896,433,207,56,285
-299,1905,434,247,268,-53
-310,1909,443,300,-1496,-147
-261,1917,448,446,-2097,138
-204,1928,468,-155,791,66
-222,1915,445,-441,2272,-107
-281,1887,429,488,-491,137
-298,1897,441,379,-2799,291
-250,1917,456,57,-1073,68
-214,1924,472,-67,1520,102
-253,1921,456,-42,983,225
-293,1904,432,484,-973,114
-294,1897,434,414,-1820,9
-259,1901,433,-14,-1338,-64
-206,1916,449,112,-463,90
-178,1931,453,-24,710,171
-190,1920,458,-42,2280,57
-251,1896,435,-84,1378,90
-295,1895,442,430,-1296,43
-272,1907,458,376,-2249,40
-217,1917,460,271,-464,-63
-184,1928,455,-33,1229,-180
-178,1919,451,-102,1165,35
-202,1903,432,74,934,121
-234,1904,440,408,725,-142
-244,1906,449,425,-134,-43
-233,1907,434,288,-89,0
-218,1919,442,115,827,-35
-218,1921,441,-120,998,-68
-226,1914,441,149,810,-16
-243,1911,444,-74,771,-91
-257,1901,445,42,412,-40
-264,1903,443,-43,-283,47
-260,1912,445,-71,-144,-18
-246,1916,460,-185,371,-109
-235,1917,499,-304,133,-113
-231,1915,498,-332,-148,-107
-213,1907,471,190,279,-58
-211,1909,467,116,882,-76
-233,1905,451,-123,448,-180
-243,1905,453,259,-324,-77
-238,1916,469,-157,21,-243
-222,1902,456,192,595,-220
-217,1906,434,187,-231,-52
-210,1920,438,206,252,-118
-209,1917,430,-125,1293,-134
-235,1897,418,311,515,-127
-249,1895,424,486,-1190,28
-236,1910,441,379,-1000,25
-211,1923,437,281,365,-112
-206,1928,437,-115,595,-61
-214,1912,445,245,204,-13
-231,1898,436,255,-428,28
-232,1896,444,597,-943,-9
-208,1914,452,442,-722,41
-189,1931,457,291,516,-65
-191,1923,455,407,1283,-8
-211,1902,440,428,499,161
-223,1893,443,487,-96,138
-228,1901,457,533,14,254
-229,1923,457,292,1013,197
-248,1925,466,471,1421,-84
-275,1906,446,488,-126,-43
-262,1895,432,681,-1923,156
-215,1909,461,392,-412,60
-197,1922,489,-111,1825,-288
-219,1925,478,110,749,19
-240,1918,467,512,-541,50
-237,1902,458,379,-440,75
-233,1895,438,343,13,-100
-219,1917,442,548,-656,-147
-188,1939,458,84,195,-213
-165,1925,456,231,1731,-152
-190,1901,427,50,1578,-43
-228,1891,435,473,350,-37
-245,1914,442,78,41,-201
-238,1932,439,182,304,-273
-232,1931,437,56,727,-168
-233,1914,414,-2,515,-109
-229,1904,405,401,-176,-73
-225,1917,430,204,135,-93
-228,1915,442,223,577,-354
-218,1924,423,276,-316,-169
-197,1935,421,200,-201,-153
-179,1922,440,-30,2118,-187
-223,1899,407,-51,1656,-155
-263,1897,405,669,-1375,-34
-236,1928,440,451,-1920,8
-182,1947,435,-230,1209,-130
-185,1930,420,-438,2771,-278
-233,1897,427,151,681,-54
-257,1883,420,470,-1763,218
-230,1902,445,929,-731,42
-207,1934,456,145,1244,-78
-208,1939,452,-7,767,-12
-211,1922,453,169,152,115
-216,1913,472,-188,1459,-93
-249,1907,466,-66,1505,-252
-278,1910,440,481,-356,-243
-262,1933,430,230,-912,-62
-233,1933,405,85,872,-42
-236,1922,401,-138,1445,-278
-252,1905,402,182,-278,-163
-238,1896,415,506,-424,-63
-218,1914,408,437,489,-174
-206,1941,426,316,770,-206
-208,1936,426,-22,872,-461
-211,1912,416,-74,409,-389
-201,1903,426,200,319,-234
-193,1922,432,-287,886,35
-202,1919,428,-71,1458,157
-241,1919,417,-461,1294,-397
-267,1919,431,-19,264,-596
-257,1910,422,-77,-401,-340
-251,1899,426,407,345,-293
-253,1903,421,301,-288,-75
-250,1924,415,398,-1455,22
-219,1944,415,-51,97,-153
-214,1931,441,-493,2236,-568
-240,1898,451,50,499,-229
-256,1892,440,487,-1559,156
-247,1910,442,402,-89,-31
-245,1931,449,30,1632,-303
-266,1928,449,-189,802,-220
-288,1910,441,77,-527,-205
-271,1903,454,98,-645,-96
-247,1903,456,-92,322,193
-249,1906,451,-518,1264,-94
-266,1917,463,-714,432,-434
-247,1924,498,-793,446,-339
-226,1923,502,-979,1585,122
-262,1890,464,-321,1363,354
-312,1886,444,-174,-399,100
-316,1897,463,97,-1450,-304
-265,1909,458,-278,-810,-329
-228,1912,462,-230,253,16
-230,1901,455,184,994,52
-258,1899,455,630,270,-91
-263,1906,457,323,-616,-169
-237,1903,448,281,-90,-181
-215,1906,448,150,741,-121
-211,1907,457,287,622,91
-232,1911,455,167,967,42
-257,1906,451,226,910,-163
-268,1905,461,324,166,-93
-268,1910,451,189,-228,-195
-251,1912,458,-17,804,-411
-244,1903,475,102,357,-260
-233,1896,467,582,-828,45
-206,1907,466,165,37,8
-194,1921,461,-14,2026,-193
-230,1910,462,14,2160,-267
-273,1889,455,555,-4,185
-298,1889,435,578,-1253,140
-274,1912,440,358,-448,-198
-235,1928,456,97,734,-188
-233,1918,452,227,1331,-3
-260,1898,444,265,757,191
-288,1892,440,411,-131,163
-294,1905,444,315,-327,-233
-268,1920,472,341,-516,-72
-242,1916,466,315,-363,130
-223,1910,461,82,555,57
-219,1906,475,-25,1471,-172
-238,1902,467,-103,1001,-74
-265,1903,472,180,274,-37
-278,1902,471,506,7,-36
-274,1902,465,283,19,-37
-256,1911,456,216,73,-82
-246,1917,456,60,402,-4
-240,1907,444,299,128,223
-242,1898,441,284,420,77
-247,1903,466,538,553,8
-266,1911,455,67,-246,81
-268,1906,445,383,-182,-122
-256,1911,482,424,85,-210
-247,1914,455,358,-1041,38
-220,1915,439,354,-535,-76
-204,1914,454,-67,1241,-240
-224,1902,442,-101,931,-185
-248,1898,434,258,-566,-161
-231,1915,429,-86,-163,-148
-225,1924,445,-65,1505,-55
-269,1919,432,-277,694,-96
-292,1902,430,235,-1559,16
-259,1895,436,237,-1201,-21
-222,1907,444,97,899,-82
-231,1919,462,-141,1291,-135
-266,1918,440,35,-657,-49
-257,1912,449,361,-1079,114
-238,1909,450,-192,1157,23
-259,1895,437,86,937,-29
-287,1899,434,461,-1955,200
-252,1920,459,482,-1453,194
-222,1923,478,-147,2192,-274
-246,1900,455,581,1022,-334
-256,1901,451,702,-1953,-49
-210,1906,476,625,0,-277
-177,1907,467,354,2023,-417
-177,1911,460,854,450,-264
-176,1915,468,388,645,-551
-169,1901,454,142,1271,-541
-156,1898,463,88,1389,-259
-179,1921,488,-442,3522,-275
-276,1922,446,-194,2962,-424
-365,1905,390,332,-1397,-200
-345,1896,396,520,-3199,272
-290,1898,427,-158,-592,236
-288,1903,445,-14,248,-6
-308,1919,463,167,-2039,-83
-264,1928,488,164,-2136,-176
-202,1916,494,163,734,-215
-200,1903,460,-323,648,-106
-213,1890,485,430,-358,-88
-213,1900,495,336,366,-108
-221,1902,474,299,804,-33
-233,1905,467,567,-76,84
-236,1917,475,301,293,-81
-245,1899,471,495,1034,-85
-259,1892,436,625,-126,62
-256,1906,449,363,-371,55
-234,1910,468,72,937,-72
-236,1920,479,354,1107,-26
-263,1930,484,-255,713,-257
-277,1906,454,-26,123,-506
-259,1892,427,259,-1213,-193
-215,1918,444,-245,-362,-157
-180,1933,460,-282,2623,-474
-212,1913,433,-205,2887,-426
-268,1891,393,286,27,-63
-279,1896,392,301,-1130,142
-266,1922,417,-12,789,-62
-279,1921,417,-208,1017,-195
-279,1906,409,231,-1474,217
-233,1900,423,219,-1921,591
-170,1894,445,179,564,699
-148,1900,456,-108,2846,628
-182,1921,472,-211,3682,294
-265,1935,510,1,3349,-190
-383,1922,505,-168,1186,-539
-429,1889,445,750,-3757,-345
-335,1901,441,640,-4895,-90
-198,1909,470,1,247,-313
-154,1907,446,-371,3244,-263
-206,1918,442,58,1417,-84
-251,1923,472,45,-165,-98
-275,1905,472,316,347,-342
-286,1898,435,-166,309,-506
-269,1900,438,127,-539,-280
-238,1907,440,-27,73,-269
-218,1913,437,-289,1573,-310
-229,1912,468,-102,2175,-325
-276,1909,457,-217,813,-352
-316,1895,450,297,-325,-450
-321,1888,444,426,-453,-736
-291,1910,443,180,-1182,-529
-240,1922,475,582,-635,-285
-218,1914,455,-298,1404,-356
-242,1894,420,-166,2448,-626
-284,1899,451,-62,1510,-786
-323,1907,472,56,16,-779
-320,1910,449,323,-2108,-190
-254,1902,429,484,-2317,486
-206,1902,441,-100,2538,-51
-254,1906,447,-424,4281,-647
-348,1906,468,-44,725,-697
-378,1903,469,129,-3316,-397
-321,1912,471,495,-3598,-241
-233,1914,454,-129,-8,-394
-184,1883,437,-129,2583,-240
-221,1880,432,547,1459,92
-276,1907,440,426,-429,269
-298,1910,448,438,-60,115
-301,1900,452,136,292,-78
-311,1886,473,246,245,-207
-313,1895,463,486,-875,-155
-282,1907,444,583,-1575,81
-224,1902,443,373,-39,211
-201,1888,450,245,2525,47
-251,1898,449,259,1668,184
-291,1916,448,774,-1090,486
-272,1912,453,731,-896,437
-251,1905,451,248,1573,86
-277,1896,435,95,2345,-224
-314,1901,446,129,686,-158
-321,1909,472,512,-388,96
-311,1914,441,365,-440,183
-294,1899,437,115,870,-271
-285,1888,466,302,1255,-284
-295,1911,478,160,-96,-59
-294,1932,510,140,-279,-122
-294,1922,517,70,937,-493
-301,1896,459,-73,219,-409
-283,1882,437,178,-1058,-97
-243,1893,463,262,314,-100
-239,1913,468,-185,2028,-190
-276,1913,455,78,1523,-240
-306,1910,453,114,108,-146
-307,1908,454,180,-688,193
-301,1887,440,453,259,-6
-299,1886,425,-21,787,-280
-298,1911,452,362,46,-191
-277,1935,466,2,244,-85
-264,1918,465,79,1476,-100
-293,1893,437,95,1358,-222
-315,1892,448,-89,-10,-229
-306,1901,466,152,-728,-200
-270,1918,457,-155,156,-225
-250,1917,454,-36,1284,-244
-262,1902,445,175,821,21
-290,1887,437,347,329,43
-310,1897,431,275,-100,4
-308,1914,421,368,-463,34
-290,1916,427,-5,345,-165
-286,1906,432,200,931,-233
-301,1907,418,27,-97,-64
-300,1887,423,591,-686,56
-280,1888,415,325,82,-81
-272,1903,419,286,882,-232
-280,1914,438,255,614,-203
-286,1916,449,298,-333,80
-278,1897,433,607,-747,237
-254,1895,419,899,-318,311
-233,1920,427,262,1318,190
-252,1921,437,22,3022,-160
-305,1903,427,314,1699,-89
-333,1892,429,712,-839,139
-317,1890,442,416,-785,75
-288,1888,441,432,1346,-212
-292,1918,445,75,1881,-317
-315,1942,454,-122,196,-151
-311,1915,450,245,-540,-52
-292,1885,441,532,-19,28
-283,1889,441,369,263,61
-282,1907,449,323,816,-8
-293,1918,445,-20,1422,-173
-305,1911,458,528,-116,143
-306,1907,482,588,-1304,362
-295,1912,467,-141,115,137
-294,1915,463,255,983,-56
-341,1948,486,236,-159,-211
-391,1945,442,-240,-2198,-260
-366,1890,324,769,-3874,193
-260,1867,309,1296,-2168,409
-196,1893,376,-226,1868,-131
-210,1906,427,415,2742,-265
-260,1927,433,474,133,109
-287,1944,448,261,-927,376
-305,1929,419,361,297,-24
-313,1907,382,-137,85,-323
-295,1893,407,-238,-746,-387
-258,1898,432,90,-271,-372
-228,1924,427,46,-428,105
-215,1932,441,32,516,232
-227,1923,442,-443,2180,-113
-276,1909,416,-76,1391,-204
-300,1899,419,197,-788,-96
-268,1892,445,507,-1173,137
-226,1906,463,480,895,7
-232,1927,461,142,2587,-211
-275,1930,431,73,1822,-260
-300,1911,436,273,85,-109
-296,1894,427,347,-597,48
-273,1902,424,387,531,-100
-259,1930,430,-92,1791,-235
-267,1929,433,-91,1847,-252
-290,1910,427,80,1257,-232
-316,1908,422,-113,545,-261
-315,1907,426,292,-238,-185
-301,1917,454,-35,416,-83
-315,1922,443,-313,876,-280
-329,1914,395,-186,-111,-328
-315,1912,400,-2,-1094,-272
-292,1920,440,-310,416,-578
-300,1916,465,-867,1407,-746
-345,1901,454,182,384,-872
-353,1924,410,-71,-3055,-3
-281,1908,381,948,-4030,736
-196,1899,358,-111,1097,-106
-181,1900,379,-318,3417,-439
-230,1912,425,229,832,78
-286,1916,443,107,-1010,454
-309,1901,413,434,-267,129
-294,1900,405,-146,-1458,355
-238,1899,442,-173,-2015,823
-177,1897,457,-547,532,1107
-185,1889,457,-967,2394,1577
-241,1882,481,-1271,1159,2362
-291,1877,532,-1859,1035,2724
-341,1877,612,-2567,3133,2562
-443,1869,723,-3267,2735,2804
-556,1849,819,-3535,-1336,3342
-605,1821,898,-4314,-4589,3094
-570,1788,949,-5266,-3443,1727
-506,1742,955,-5790,-1302,767
-466,1688,985,-5968,-1955,356
-426,1618,1082,-4665,-5426,304
-398,1599,1215,-3032,-8766,1167
-397,1555,1132,-1135,-6351,1854
-326,1444,951,5328,-1694,1724
-200,1470,838,7313,-1693,2694
-7,1512,657,8055,-8777,4147
130,1554,380,8727,-6873,6234
304,1728,232,14387,-215,6446
381,2061,52,9455,5181,8481
211,2450,-45,9367,12210,6286
-69,2531,-212,7080,4458,3465
-267,2253,-331,10182,-10860,1922
-45,2038,-369,13785,-26748,1607
443,2130,-361,10659,-13499,568
747,2231,-229,6544,14099,-2451
577,2147,-265,6445,5247,-294
395,1987,-257,10625,-16907,2364
528,1921,-198,11027,-15976,2840
728,1875,-76,8046,5139,1263
693,1869,40,9110,7658,776
465,1964,12,8199,-1923,490
316,1937,-50,7557,152,-290
184,1890,-9,8302,7210,-1518
-18,1997,28,7474,918,-526
-114,2087,67,5298,-9533,954
-41,2034,78,5702,-9405,1087
105,2088,8,5277,-9058,49
247,2150,-128,2505,-10104,-1781
429,2114,-102,4107,-6985,-2633
450,2181,-32,839,770,-1524
206,2295,91,-1009,4598,-1974
-138,2306,-13,-3136,-11541,-1231
-237,1937,-359,-825,-32768,1249
188,1723,-573,3803,-27311,1515
773,2162,-396,-1437,-963,220
794,2348,-204,-9614,12806,1847
246,2224,-64,-9052,6094,1924
-324,1996,-195,-5809,-10397,676
-554,1802,-641,-7522,-24611,-973
-143,1750,-868,-7740,-21042,224
408,1694,-925,-5182,981,1642
442,1488,-1243,-2088,13081,-611
169,1269,-1550,1672,2880,-1288
144,1405,-1415,6799,-8283,674
481,1794,-1113,4969,1149,2230
695,2041,-882,2994,19357,1146
501,2324,-716,2398,20680,1217
255,2723,-534,1871,9072,2335
93,2634,-506,-2191,10063,3287
-277,2199,-696,1860,22256,-1260
-666,1976,-887,3543,10890,-5038
-679,1971,-827,7003,-24415,-3040
14,2064,-771,3580,-25866,515
749,2124,-537,867,21776,-1598
723,2013,-470,539,32767,-2017
114,1884,-431,3354,19371,-1341
-329,1941,-374,1809,-11349,-2158
-169,2051,-243,2677,-17853,-1779
253,1972,-211,-786,1195,-1705
433,1832,-136,379,18080,-927
321,1956,-55,2238,13467,-1276
222,2166,-168,12,-6451,-1439
425,2073,-271,920,-4659,-1891
532,1826,-344,-594,17820,-3647
351,1815,-284,2870,23161,-4475
63,2161,-132,-2163,4375,-1999
139,2182,17,-1830,-10860,-943
553,2165,7,-3106,4002,-2592
676,2163,-91,-7363,22713,-2648
341,1981,-328,-7307,19045,-1661
38,1841,-567,-3070,856,-1476
10,1980,-414,-1591,1811,-4317
150,2083,-382,-8425,6048,-4857
392,2041,-401,-9454,7586,-2625
562,2008,-390,-9541,20166,-3989
424,2038,-435,-16264,23412,-6398
188,2082,-457,-19471,14126,-8002
42,2150,-577,-16339,13812,-7848
-29,2099,-1085,-17659,11540,-7063
-75,1623,-1193,-9700,12897,-35
-626,1536,-338,5794,10468,6255
-1554,2332,291,-13800,4478,-427
-1703,2402,716,-11372,-7357,-5682
-1352,2083,934,-11277,-4872,-9320
-1151,1631,828,-13141,-18532,-9685
-676,1162,928,-8104,-16378,-7182
-157,975,1161,1772,-4969,-1924
-28,1357,1314,2793,-2434,75
8,1854,1421,860,-1401,1199
-46,1966,1304,-1076,4475,-109
-290,1696,1038,2139,3466,-1444
-471,1455,869,5651,401,-1999
-489,1442,791,3802,24,-2274
-583,1614,674,-922,4542,-1543
-752,1832,789,-664,4849,-2706
-883,1897,626,-1817,-8577,-2257
-723,1851,419,-544,-14480,-1970
-310,1805,389,398,-11742,-1556
56,1910,394,-263,-7202,-363
249,2117,444,-2425,1467,538
205,2154,394,-3862,6770,885
-72,1940,384,-539,2673,2099
-296,1846,490,93,1823,1808
-444,1869,471,-800,1431,297
-516,1897,467,-685,209,-811
-449,1878,508,-45,-163,-1316
-333,1836,534,575,292,-619
-275,1817,522,1115,-357,-224
-206,1852,557,1144,-1712,392
-143,1927,588,61,-244,343
-137,1957,635,-206,3551,-579
-244,1899,584,-205,2657,-806
-298,1839,574,440,323,-635
-294,1830,581,-119,1117,-585
-296,1829,610,524,273,-409
-268,1856,647,48,652,-657
-249,1853,637,-25,2170,-799
-268,1836,650,-228,1552,-561
-299,1819,667,-198,587,-484
-337,1802,670,-248,1604,-611
-387,1808,694,347,570,-640
-388,1825,668,93,326,-743
-373,1828,648,397,635,-400
-387,1832,669,792,10,-190
-399,1830,622,990,-1166,-262
-384,1808,609,1586,-396,-123
-364,1825,603,1543,-450,-243
-345,1861,595,815,652,-240
-352,1854,580,701,803,-134
-370,1841,593,963,-837,11
-348,1850,591,676,-947,22
-349,1832,563,877,1310,-411
-417,1837,551,812,569,-399
-443,1858,582,1418,-1201,-779
-434,1877,556,365,-1124,-933
-396,1866,566,470,-2062,-801
-335,1843,565,407,-1907,-454
-295,1833,578,457,-707,-407
-284,1857,574,3,368,-494
-308,1865,541,0,668,-465
-356,1851,569,65,-22,-30
-390,1832,583,533,-449,6
-429,1831,604,376,-475,-176
-436,1828,628,334,-1054,-351
-426,1823,629,-114,-662,-451
-414,1810,614,627,6,-224
-405,1814,622,474,-1324,-82
-396,1826,637,341,-803,-373
-376,1832,637,117,-474,-317
-359,1826,644,109,-444,-120
-334,1826,639,109,-385,78
-333,1825,609,141,0,94
-376,1829,607,319,363,-84
-428,1819,619,272,55,-223
-453,1810,607,488,-1154,-316
-440,1812,613,501,-615,-77
-425,1825,610,913,-2066,-55
-398,1852,606,357,-1300,-261
-357,1853,603,588,-418,-434
-344,1839,595,579,-770,-111
-333,1828,594,720,-1955,-20
-284,1846,591,455,-1093,-278
-261,1845,597,480,455,-86
-257,1866,617,398,-422,-170
-243,1874,593,531,75,-93
-232,1868,576,625,646,108
-255,1860,572,607,1001,80
-278,1857,555,435,320,224
-291,1858,576,442,1929,20
-324,1868,589,105,1734,-120
-346,1866,563,-51,697,-241
-352,1857,567,-123,810,-174
-385,1844,583,409,551,-214
-394,1847,583,290,-322,-273
-387,1845,553,9,-792,-163
-368,1860,568,469,-796,77
-334,1886,562,381,-920,220
-316,1877,545,215,1079,-167
-360,1863,556,156,670,-388
-379,1859,563,435,-1425,-46
-328,1848,557,803,-954,-99
-280,1857,557,181,268,-53
-291,1885,553,609,1486,-162
-327,1877,524,706,1244,116
-363,1846,476,754,199,95
-370,1848,494,518,-1030,54
-342,1863,522,81,-666,259
-334,1857,534,-311,504,127
-367,1839,574,-534,1357,-398
-421,1835,609,-874,267,-552
-446,1842,630,-368,-717,-547
-443,1841,658,-595,-1028,-536
-413,1818,672,88,-1439,-699
-336,1820,666,385,-1671,-435
-237,1847,654,194,-1219,190
-206,1839,638,-103,859,320
-280,1815,643,-108,616,403
-343,1815,656,522,-710,161
-349,1845,647,237,267,-400
-339,1851,601,-47,430,-481
-330,1844,588,-18,163,-224
-316,1827,585,308,295,-75
-315,1840,587,166,541,-182
-320,1872,588,123,170,-208
-319,1870,575,177,786,-157
-334,1840,553,56,63,-166
-337,1835,567,359,40,-238
-331,1837,581,738,591,-434
-326,1873,577,195,-217,-334
-297,1890,579,-14,225,-277
-275,1869,551,123,1031,-99
-305,1834,544,367,719,-162
-337,1825,566,528,417,-446
-338,1867,583,280,-420,-339
-294,1903,585,116,692,-317
-277,1899,574,-334,2424,-426
-318,1869,549,-298,804,-81
-341,1833,558,-197,435,-7
-352,1825,573,-488,-62,51
-333,1866,604,-970,-258,403
-292,1890,619,-1211,1341,539
-319,1845,619,-399,2252,483
-414,1772,590,358,1341,322
-495,1722,530,361,-856,113
-486,1794,618,701,-2121,-84
-428,1907,675,-455,-987,-398
-363,1904,671,-763,1009,-773
-332,1829,661,-691,1267,-533
-325,1762,639,-12,392,-166
-324,1775,630,157,-578,155
-318,1829,682,-472,909,26
-336,1848,690,-554,1138,-38
-358,1831,678,-415,862,-176
-377,1787,666,-241,491,-435
-392,1776,657,-135,-247,-347
-373,1790,658,615,255,-400
-352,1834,655,76,1084,-357
-378,1851,618,-66,157,-545
-395,1885,615,-344,-629,-938
-380,1860,632,-720,-78,-1219
-373,1805,643,-1390,-913,-1148
-348,1759,693,-2021,-1392,-1212
-330,1771,792,-4054,-2708,-797
-296,1821,863,-5848,-1698,-405
-250,1807,880,-6221,2309,-135
-282,1735,912,-6149,3565,581
-381,1637,974,-4825,2953,1154
-472,1560,1052,-3980,1314,1450
-551,1515,1147,-1772,814,2009
-688,1556,1053,-3731,-773,1855
-778,1503,951,-2497,-3120,1003
-746,1455,962,-801,-5608,1373
-666,1303,879,3842,-2405,1413
-557,1144,627,5990,294,2360
-388,957,385,8383,-4316,6217
-252,998,656,12896,-12037,11774
-169,1880,1309,13867,-2189,12652
-283,2923,810,5058,6149,7146
-472,2771,416,1024,-554,6701
-572,1882,444,11232,-5185,6500
-489,1333,213,14465,-19225,7784
-121,1568,73,20589,-22829,7847
301,2729,-2,11072,-7403,3303
564,2707,-44,6138,-10358,-1534
819,2162,-101,9933,-6188,-2479
890,2004,-164,9858,2523,-1039
715,2072,-155,10009,1260,-552
459,2154,-85,6508,-721,-1287
255,2036,-2,8324,-907,-1846
91,1944,10,7927,-2168,-1750
-37,1885,-7,8552,-4649,-1180
-23,1924,-71,9086,-10435,-705
95,1921,-172,7109,-8647,-533
208,1856,-150,9100,-4476,398
259,2000,-124,7290,-3664,-74
245,2037,-133,6037,-4486,-1095
201,2076,-13,9067,-9664,-802
255,2119,-65,3703,-9886,1448
315,2050,-104,6056,-5846,535
326,2172,-117,2901,-2443,-68
303,2212,-66,2671,-3709,-787
323,2110,-53,1234,-6451,425
366,2031,-89,279,-3357,1435
247,2089,-83,-1272,1458,1794
-45,2096,-5,-3424,1072,479
-372,2006,-113,-5176,-15823,1050
-404,1886,-372,-4508,-25941,922
-61,1749,-597,-3543,-22118,429
354,1818,-603,-3347,-2260,741
386,1897,-630,-4769,7076,53
168,1714,-901,-3888,-10250,527
281,1663,-942,599,-9155,2231
450,1783,-888,-834,13118,1739
168,1823,-1039,76,12615,906
-132,1893,-968,1637,-4367,-436
-37,2077,-880,3730,-10431,-53
386,2222,-816,2713,-324,1980
616,2250,-677,550,18489,2342
286,2250,-573,1643,22989,1544
-280,2187,-490,1393,13715,-1627
-661,2098,-593,84,-6686,-3489
-516,2025,-628,646,-18320,-3081
-1,1908,-710,3594,-12041,-1077
519,1916,-627,4903,5612,-1092
696,2000,-462,2062,14552,-712
510,2032,-411,385,10985,-2328
304,2098,-369,-149,6320,-2626
193,1987,-256,-561,7094,-3271
97,1901,-301,-79,1713,-2103
148,1944,-333,-34,-1000,161
229,1917,-263,-53,5215,195
164,1867,-298,378,8551,298
50,1905,-322,300,277,1081
60,2024,-232,2514,-4882,-263
156,2111,-160,-723,-1499,-848
337,2020,-59,-3222,-206,-623
550,2033,36,-408,2418,-1396
767,2225,179,-3155,4687,-583
867,2178,165,-5282,8694,901
840,2001,-27,-2002,10778,-229
784,1818,-291,142,8549,-473
917,1807,-350,1855,13558,-1128
706,2161,-206,-5290,32767,-4418
-39,2193,-188,-7636,30171,-5560
-471,2062,-312,-7462,3404,-2562
-346,1869,-620,-4061,-3480,-1287
47,1886,-718,-2958,4772,-1268
341,2063,-456,-6915,18338,-2227
73,2312,-306,-12283,19283,-4000
-272,2256,-372,-13942,7189,-7378
-241,2004,-443,-8827,-1256,-6988
76,1814,-546,-8158,-4527,-4749
505,1981,-322,-10994,10260,-4293
503,2416,8,-21648,32767,-7910
-105,2496,22,-21153,30403,-9592
-924,2163,-48,-14402,12123,-8333
-1299,1722,60,-8392,-5645,-4429
-1065,1509,246,-7008,-8691,-1982
-717,1557,392,-4461,-5448,-1593
-493,1859,513,-6172,1028,-2585
-425,2043,609,-6864,7010,-3590
-488,1919,669,-2502,6131,-2673
-532,1614,631,1144,7432,-2705
-594,1252,438,3510,4288,-1734
-658,1081,432,5675,-1040,-344
-707,1129,545,6842,2103,-1150
-793,1212,573,8788,642,-1465
-859,1400,643,7825,-1114,-1773
-907,1649,754,5293,-1017,-2131
-1011,1994,912,1121,-9276,-186
-897,2375,1152,-2270,-16222,1567
-519,2438,1165,-3052,-12554,1007
-234,2188,980,-2578,-2718,-1986
-227,1802,653,-3527,-26,-2755
-327,1408,447,-2320,-6850,-1006
-310,1250,505,2039,-9484,-246
-154,1498,754,797,-6904,133
-72,2034,1004,-1946,-5168,1385
7,2362,926,-4802,3674,-46
-124,2105,752,-1809,8264,-363
-402,1740,576,-2277,2014,843
-524,1471,566,-148,-1205,1088
-548,1489,654,535,-1348,722
-539,1740,696,2,-728,-47
-521,1958,705,-1403,-290,-627
-385,1948,638,-214,417,-995
-286,1786,547,179,279,-41
-295,1717,548,1256,2309,68
-378,1791,568,1076,1385,257
-436,1878,573,1203,862,60
-405,1901,581,1424,259,-384
-338,1846,545,1562,159,-935
-251,1820,544,1373,464,-617
-196,1862,571,1187,2301,-131
-238,1934,593,275,3445,-35
-353,1951,572,-493,2485,-514
-437,1881,531,111,853,-764
-439,1830,551,434,-594,-246
-398,1832,559,168,255,10
-395,1850,583,-332,1258,99
-441,1845,591,-2,161,-14
-448,1836,606,311,158,-373
-441,1829,609,273,1334,-386
-456,1818,606,306,610,-341
-455,1830,618,338,205,-373
-464,1818,607,845,743,-485
-497,1803,626,725,93,-549
-506,1792,597,1293,-950,-605
-477,1807,593,940,-1493,-366
-420,1823,597,736,-153,-254
-419,1832,611,420,-303,332
-440,1841,617,445,-494,334
-446,1835,609,323,-248,386
-480,1799,602,1169,40,231
-504,1808,603,987,-783,112
-491,1830,597,868,-1656,-203
-457,1828,593,959,-921,-228
-443,1811,597,1060,-1229,-190
-427,1804,584,1142,-2144,-118
-392,1816,566,1271,-1483,-145
-377,1846,578,1071,-711,-69
-367,1864,596,911,-577,-66
-344,1857,562,1076,-1621,-6
-312,1843,558,1323,-512,245
-320,1842,543,1432,94,341
-341,1845,534,1322,-325,186
-342,1857,537,1365,-237,106
-346,1868,555,954,192,103
-364,1863,576,851,1380,-234
-398,1850,578,827,790,4
-412,1832,597,1125,-1413,-142
-354,1831,619,1007,-1283,-269
-290,1861,626,165,-385,22
-268,1870,608,-946,1755,225
-332,1829,592,-124,2283,110
-427,1818,598,239,450,63
-448,1832,585,543,-635,3
-405,1855,595,-1,236,-137
-384,1866,600,-544,28,146
-384,1852,595,-1575,1066,235
-405,1786,613,-45,2057,-107
-441,1786,615,-821,-497,113
-406,1822,634,-822,140,146
-383,1855,632,-508,1349,481
-453,1871,612,-293,1546,33
-519,1848,552,112,-715,-521
-462,1822,556,375,-2081,-498
-329,1840,559,571,-1257,91
-276,1871,539,197,1069,101
-317,1872,534,192,1797,-187
-353,1849,520,1180,678,-208
-330,1841,507,1210,1545,-155
-341,1863,492,985,1063,-102
-350,1898,503,544,1139,-16
-360,1900,496,166,1162,23
-384,1875,508,-2,949,227
-417,1848,522,-601,336,425
-444,1830,540,-828,226,408
-471,1836,562,-640,-492,256
-484,1858,585,-348,-712,-72
-474,1858,595,-795,-847,-15
-457,1836,594,-408,-1304,-62
-435,1830,598,-321,-2151,100
-403,1817,598,-18,-1032,-280
-369,1815,604,326,-492,-163
-346,1833,602,1095,-454,-100
-330,1856,592,617,242,-240
-339,1863,562,204,-16,-194
-332,1848,554,850,491,-174
-324,1839,557,1047,779,-94
-336,1848,535,608,156,21
-328,1863,530,653,643,119
-341,1879,532,218,566,426
-375,1872,549,156,419,425
-398,1864,555,-327,-375,423
-407,1847,541,-276,-352,92
-403,1838,577,-8,970,-261
-433,1846,576,-493,-1149,-88
-404,1853,583,-624,-139,-288
-382,1852,594,75,51,-223
-367,1859,600,-428,-859,-97
-334,1838,598,-109,358,-291
-304,1824,597,86,-368,37
-276,1844,622,286,718,82
-309,1845,602,94,999,31
-352,1837,597,272,33,3
-361,1835,589,439,-296,22
-350,1838,602,461,188,18
-371,1853,589,-66,98,78
-375,1852,578,290,-124,-231
-349,1853,577,-12,301,-286
-328,1852,584,-59,108,-168
-315,1850,593,180,577,-72
-318,1828,588,649,339,2
-335,1826,581,547,295,-195
-341,1832,572,615,659,-169
-344,1859,575,325,-109,96
-346,1880,584,496,482,68
-352,1868,576,182,1117,-40
-378,1832,538,-68,-495,-16
-386,1828,547,286,-420,-152
-391,1869,570,-170,-214,-211
-382,1867,576,299,197,-370
-355,1866,572,-314,-411,-390
-323,1850,555,146,-824,-133
-288,1849,582,184,348,13
-305,1848,580,37,389,56
-342,1839,572,233,122,-41
-367,1838,594,324,-68,-116
-383,1845,585,171,-306,-174
-379,1856,592,312,425,-424
-376,1863,573,290,-283,-266
-355,1850,580,300,307,-176
-345,1825,562,474,-453,2
-336,1820,578,645,-82,-84
-334,1854,600,527,256,-307
-321,1879,608,-97,578,-283
-306,1863,591,267,961,-88
-314,1845,588,-87,1113,58
-367,1827,571,23,792,-250
-392,1838,586,201,540,-364
-398,1853,587,592,-145,-217
-398,1871,571,-108,-261,-121
-396,1872,569,-215,-107,43
-409,1858,560,-213,-637,251
-422,1844,529,-233,-1320,472
-415,1838,514,-79,-2453,1029
-378,1836,522,169,-3662,1815
-324,1843,581,-335,-3537,2453
-294,1839,680,-1470,-2097,2845
-320,1829,779,-2997,-657,2755
-410,1808,847,-3854,24,2026
-496,1744,899,-4015,-743,1205
-487,1656,963,-4217,-488,787
-446,1573,1042,-4625,1062,559
-426,1517,1114,-4819,577,764
-416,1504,1186,-4736,-1623,1429
-392,1497,1337,-3499,-3653,2395
-416,1474,1656,3984,-4046,4906
-581,1472,1425,5756,1988,4256
-569,1346,602,2423,3614,2200
-518,1260,464,9700,-13057,6658
-243,1548,885,11089,-3820,6843
-92,1900,406,5736,-119,7648
-108,2142,187,7452,1866,7858
-242,2176,280,8899,-1636,6371
-311,1993,-6,10960,-18563,5146
133,1947,-175,14952,-26173,3306
955,2242,-224,11294,-15144,2541
1394,2384,-123,5452,14721,-984
1123,2278,-146,5583,16499,-1211
600,2203,-202,6548,4455,785
176,2136,-123,9413,-3481,879
-105,2139,-17,6314,-504,77
-481,2104,51,6847,2927,-977
-847,1970,-9,9342,-16322,-2685
-690,1798,-211,10979,-32768,-3332
250,1875,-350,13861,-32768,-924
1442,2058,-96,6515,4675,125
1470,2019,-63,4258,22697,-127
783,1929,-39,6894,8297,454
190,1905,7,7583,-7219,-628
72,1938,-11,7324,-15374,-526
288,2063,29,3510,-4454,-203
346,2141,-21,3858,1849,-233
211,2150,-41,1428,-2073,6
196,2058,-13,3964,-7281,101
311,1980,-165,-177,-7743,2197
301,1928,-48,993,-399,1501
50,2077,-26,-2654,-1878,1121
-217,2113,-167,-4948,-10909,192
-187,1999,-299,-3271,-16800,-208
81,1923,-408,-3172,-10738,-638
260,1835,-619,-3611,-3209,-467
323,1769,-675,-4194,-2572,719
314,1713,-708,-2141,-2878,1846
277,1753,-763,-1945,2333,525
238,1873,-919,-859,-930,1334
301,1959,-920,171,818,3315
246,2039,-792,-1239,12839,1396
-71,2078,-868,118,9830,-914
-128,2108,-961,1449,-9770,-283
393,2002,-982,6780,-14045,5178
999,2104,-571,2712,24063,2046
697,2356,-485,-366,32767,-1109
-214,2357,-604,-2851,20880,-1096
-828,2074,-755,3068,-9276,-1489
-691,1886,-727,7042,-27453,-2052
201,2077,-543,6507,-13682,-2513
879,2248,-445,-1925,19438,-1347
663,2093,-414,-300,30245,-1340
43,1880,-412,-735,15060,-2025
-258,1754,-343,4816,-14887,-2181
131,1937,-388,3711,-21771,341
593,1975,-312,-752,16210,-918
473,1853,-261,-347,28642,-695
214,1856,-178,4744,-4150,397
270,2161,-230,3575,-11939,191
361,2060,-269,-1607,18916,-2613
15,1766,-371,-1676,14701,-1374
-82,1706,-296,7207,-10909,-1105
401,2122,-285,3649,-14476,-758
881,2207,-258,-1500,15926,-4040
816,2033,-287,-392,22739,-3928
488,1982,-293,-777,9904,-2425
337,1965,-229,-214,5969,-969
298,2024,-189,-1309,9754,-1319
118,2198,-144,-4421,10676,-1436
-162,2198,-151,-7841,9256,-1584
-282,2004,-250,-4123,-2842,-1131
-45,1936,-365,-3228,-12931,85
510,1964,-457,-3089,-730,-775
888,1938,-523,-6273,18174,-1937
793,1900,-526,-5271,23000,-3211
381,2123,-420,-7300,23336,-4305
-147,2154,-406,-9279,18613,-6459
-470,1962,-340,-7896,4307,-6704
-412,1957,-175,-6575,-5486,-4594
-70,2069,-4,-9097,-2115,-2878
186,2166,100,-15241,6794,-3082
179,2128,-61,-13341,12312,-5211
-39,1964,-143,-12376,13428,-6781
-393,1885,0,-11729,8386,-8483
-691,1860,93,-11980,5318,-8268
-834,1885,246,-11079,-3717,-6619
-704,1890,508,-11162,-2032,-7246
-692,1867,601,-7557,887,-8721
-757,1709,496,-5412,-8045,-7523
-539,1556,587,-11,-12873,-4849
-221,1661,566,431,-5564,-2626
-89,1855,671,1363,1499,-2140
-236,1851,650,20,791,-1606
-442,1649,689,2452,-1468,-1966
-537,1546,788,2946,-2245,-2152
-582,1592,865,2969,-3545,-1991
-590,1751,930,-820,-3085,-1432
-591,1806,897,154,-6973,-528
-555,1807,859,258,-8504,504
-406,1821,841,210,-11757,596
-152,1812,751,-126,-7973,616
-5,1758,701,786,-1396,573
-34,1755,687,1438,172,718
-124,1794,625,1827,-308,820
-167,1897,668,198,1569,59
-249,1945,687,-1450,3434,-346
-390,1892,671,-1428,1285,56
-448,1823,684,-351,920,-266
-449,1746,672,240,-143,121
-425,1759,614,146,-2541,522
-369,1836,617,-771,-312,84
-343,1868,659,-1398,514,-329
-346,1853,655,-2319,307,-183
-352,1810,687,-426,-568,129
-340,1807,727,336,-651,200
-322,1795,679,-358,339,499
-309,1803,677,-262,-1361,403
-264,1828,686,-1038,624,101
-245,1796,710,19,669,258
-189,1806,783,230,1347,582
-180,1828,742,36,1326,1029
-224,1835,688,-14,2445,837
-312,1846,664,-139,1102,336
-337,1841,661,-719,207,371
-324,1810,655,182,1747,109
-333,1805,608,476,272,82
-315,1794,571,1065,291,657
-318,1786,567,1388,1331,643
-392,1813,588,510,-521,49
-406,1863,632,1034,-2589,-169
-297,1911,661,854,-242,-492
-217,1857,633,838,562,125
-190,1800,605,768,760,327
-185,1794,614,1073,388,429
-187,1847,633,681,1205,18
-225,1890,636,503,424,-103
-256,1888,641,727,1003,-200
-296,1869,583,-17,-199,-127
-295,1847,567,-59,-600,-156
-256,1848,584,-171,-93,-223
-217,1844,598,-62,344,154
-228,1831,627,-189,292,310
-289,1838,648,-372,257,-47
-331,1835,670,-396,-897,-125
-317,1817,684,472,-1144,93
-292,1831,678,45,-7,-69
-287,1833,634,78,-1077,-3
-264,1850,657,-252,-1111,-149
-236,1843,705,-187,270,-389
-229,1821,715,-360,209,-400
-213,1802,713,309,958,-279
-205,1817,711,260,911,37
-218,1832,699,-263,1058,-11
-247,1825,679,-616,1651,-110
-280,1782,666,881,2037,-313
-289,1786,653,923,2288,-479
-300,1819,611,565,1087,-249
-303,1866,618,290,1953,-82
-304,1876,664,521,1925,-47
-339,1848,677,154,-665,136
-333,1807,632,206,403,-378
-303,1804,640,360,1017,-516
-298,1830,683,-276,234,-339
-301,1841,691,-362,631,-590
-273,1840,692,3,931,-528
-249,1846,696,54,1597,-368
-272,1833,665,-195,1297,-195
-310,1807,639,-254,659,-185
-323,1803,646,432,335,-166
-340,1846,656,-204,498,-348
-339,1848,636,-232,325,-498
-309,1801,616,246,443,-173
-284,1804,616,330,789,-128
-310,1839,602,-1,282,-200
-326,1844,591,312,-4,-153
-319,1862,623,-137,788,-382
-317,1856,646,66,775,-311
-328,1819,603,67,72,-223
-309,1794,603,656,-570,-209
-296,1792,652,643,-515,127
-277,1845,642,177,-276,239
-251,1862,645,419,1812,67
-306,1834,649,347,921,76
-369,1820,639,100,-160,-160
-370,1820,643,322,106,-404
-344,1830,643,332,777,-256
-340,1828,655,647,796,-264
-360,1805,621,700,-807,80
-340,1826,629,441,-420,18
-320,1841,680,136,760,-292
-330,1835,685,-104,-24,-281
-330,1815,684,24,-509,-92
-323,1796,696,381,-436,217
-313,1830,689,125,206,128
-323,1829,673,-38,673,-72
-340,1829,656,-229,-901,-174
-313,1823,670,155,140,-314
-298,1828,655,115,328,-153
-311,1826,637,221,-96,-167
-301,1826,662,319,472,-125
-290,1837,644,-51,745,-206
-295,1841,649,-116,1489,-191
-334,1839,625,137,74,-164
-328,1839,626,314,184,-334
-318,1821,618,772,-391,-78
-303,1835,595,-37,190,7
-306,1845,600,-240,820,-91
-338,1828,602,190,-204,22
-356,1825,615,508,-357,-179
-351,1839,623,217,-254,-233
-332,1843,612,235,-100,-214
-325,1839,614,371,-343,-113
-317,1834,628,580,-925,-104
-271,1819,631,474,-443,65
-250,1813,627,449,280,163
-268,1823,645,325,728,152
-307,1839,674,263,69,165
-335,1839,690,205,12,62
-359,1828,668,138,-156,-85
-356,1815,668,324,-198,-139
-328,1815,665,77,-930,107
-298,1811,673,155,-242,11
-301,1818,691,144,80,-29
-311,1841,707,-68,-493,-143
-269,1844,705,-176,473,-91
-257,1823,679,127,658,64
-273,1803,668,297,328,-9
-276,1809,653,227,315,11
-293,1836,637,295,331,55
-304,1852,663,354,1301,-219
-305,1844,639,-275,660,-100
-300,1824,598,337,830,-52
-303,1818,596,339,1279,-1
-333,1822,604,-449,823,286
-359,1803,669,-446,297,478
-383,1814,739,-796,90,537
-416,1823,760,-1573,395,296
-463,1792,776,-2078,-1264,300
-502,1753,829,-3223,-4103,469
-489,1724,928,-4278,-4246,296
-435,1685,1065,-4638,-2263,171
-378,1637,1176,-4670,-2647,637
-310,1579,1257,-4507,-3165,1178
-265,1499,1318,-3561,-2360,1539
-225,1429,1314,-2458,-2173,2588
-198,1367,1327,-1474,-2727,3964
-240,1325,1549,2494,266,3993
-430,1363,1510,7172,7387,3514
-469,1362,875,9361,10376,2048
-366,1412,440,9775,-2693,4558
-322,1588,469,8587,-10352,8768
-300,1789,388,12057,4311,5480
-283,2058,132,10184,-7274,7795
-203,2263,92,12651,-10112,7829
-62,2285,41,10174,-2188,5954
-27,2121,-63,11425,-6693,4210
93,2069,-250,11149,-13990,2140
327,2184,-346,10501,-11136,507
510,2299,-311,7569,-2798,-472
484,2223,-226,7032,-3737,211
396,2091,-124,8680,-8971,564
442,2051,-121,8422,-12077,982
538,2025,-76,8033,-6119,805
499,1984,1,7243,-1132,-26
295,1966,-33,7466,-4336,-414
111,1957,-28,7121,-13016,-205
119,2031,15,6458,-7915,-1048
141,2001,-81,5344,-6104,-1058
216,1937,-91,4602,-7654,31
321,1908,-18,6787,-11820,1572
493,1971,-10,5503,-9556,951
681,2034,-23,5678,-3387,444
682,2159,-58,3008,481,-1641
524,2138,-85,3094,48,-1750
350,2058,-42,3485,-3233,-1263
282,2157,-1,550,-3873,-192
226,2151,-13,-2491,-233,1183
32,1994,28,-815,-2661,1806
-222,1864,-201,-3003,-10948,1268
-125,1857,-314,-3409,-15571,994
249,1886,-337,-5559,-5626,1512
287,1755,-482,-4343,5479,-426
128,1688,-739,-3061,-2993,-379
167,1806,-745,-1355,-6571,1450
314,1952,-721,-3130,5020,1160
161,2032,-738,-3581,10330,-253
-60,2073,-740,-2194,-1066,-1015
-13,2033,-922,-427,-8406,-591
309,2099,-921,2254,1587,853
490,2263,-825,-466,15404,1143
204,2201,-767,905,15113,-260
-123,2108,-747,1375,1443,-1828
-59,2104,-743,1856,-10192,632
266,1954,-680,2848,3564,1036
319,1954,-617,4462,19063,-1762
60,2031,-489,1859,15545,-2564
-311,2013,-423,1045,2272,-2361
-360,1961,-319,2605,-10253,-2104
-23,1986,-248,2827,-12611,-71
410,1972,-197,3120,317,421
573,1994,-175,1302,13545,-1938
575,1936,-138,867,5425,-1199
588,1962,-86,412,3658,141
569,2016,-9,-129,14926,-2651
485,2002,-61,1155,6138,-2845
442,1916,-176,2560,1139,-1417
323,1902,-204,-535,14394,-496
62,1949,-76,173,7836,-145
75,2199,-47,-3684,-9375,1073
446,2150,-104,-2652,-1634,112
732,1979,-351,-2846,12223,-665
800,1855,-479,-1675,17160,-265
683,1948,-473,-1285,20285,-1415
344,2165,-363,-4438,24476,-2855
-206,2219,-353,-6589,21115,-3535
-711,1932,-482,-6053,10775,-5241
-777,1684,-457,3248,-12846,-4854
-219,1922,-384,1192,-23747,-548
613,2141,-156,-6266,3491,407
764,2198,-41,-9747,25399,-2558
287,2158,-86,-9939,12236,-5783
43,2081,-97,-12311,1858,-8091
273,2117,109,-14890,5892,-8803
570,2187,0,-12491,16440,-7337
373,2090,-146,-14840,27005,-7089
-321,1910,-267,-14238,12288,-5654
-859,1841,-60,-12948,5246,-8993
-1047,1909,215,-14885,-3513,-9697
-799,1859,430,-10913,-884,-8274
-702,1600,428,-6640,-408,-7209
-702,1340,472,-4776,-10837,-5343
-471,1454,580,-2784,-7863,-5602
-267,1872,708,-4023,-3239,-4729
-223,2140,879,-6647,2444,-4102
-305,1999,914,-5262,2226,-2271
-468,1643,848,-1228,-879,913
-615,1299,812,2036,1506,1222
-749,1253,797,3884,-234,-41
-825,1407,798,5200,-2171,-1032
-879,1643,850,4499,-1746,-1134
-887,1808,979,1504,221,-766
-919,1797,971,1273,-2918,450
-932,1764,910,782,-4326,-134
-878,1698,816,-690,-6341,-1083
-769,1625,675,954,-7264,-767
-635,1646,652,3557,-3221,-1500
-557,1767,651,3295,-6509,-631
-436,1873,584,1772,-9868,1423
-259,1912,646,1616,-3649,2254
-191,1890,702,1468,-1802,2846
-210,1847,685,705,-1403,1729
-220,1803,630,316,-885,799
-203,1788,612,1348,-1154,1166
-203,1825,627,610,-446,930
-234,1839,612,-469,-896,606
-213,1832,613,711,-420,450
-181,1850,628,601,916,802
-210,1862,640,287,427,1107
-233,1869,657,486,-300,752
-218,1829,662,1733,1451,97
-262,1810,574,757,306,-56
-257,1822,570,1277,-580,69
-245,1871,577,245,-69,420
-279,1869,579,359,-608,36
-272,1840,602,53,-1344,37
-239,1815,619,76,-1926,306
-208,1823,668,-46,-1239,495
-221,1844,698,228,313,465
-292,1842,680,-251,155,-171
-318,1814,690,-121,-1397,-643
-275,1798,685,-158,-1260,-634
-202,1802,705,489,-951,-101
-168,1831,730,459,203,269
-202,1833,705,205,1052,205
-259,1825,679,297,-269,78
-294,1830,721,485,-1167,-35
-275,1829,730,178,-417,-60
-250,1820,708,387,30,6
-238,1814,693,503,690,257
-253,1820,688,433,-95,306
-271,1831,666,352,-1072,313
-258,1873,666,273,-469,-146
-215,1886,677,141,1802,-314
-208,1839,650,42,1545,-51
-246,1786,605,330,500,-253
-263,1797,604,459,-339,-274
-249,1842,626,468,76,-186
-239,1878,651,-78,985,-70
-266,1859,638,-131,-701,80
-243,1837,631,670,189,87
-227,1843,631,672,484,85
-231,1832,594,649,-661,257
-204,1824,597,1015,1442,80
-206,1851,610,509,2044,-142
-245,1858,622,584,2073,-401
-281,1842,627,740,1271,-184
-284,1832,619,1515,41,119
-280,1853,601,1073,1207,-214
-273,1865,577,764,1276,-411
-259,1867,565,622,-76,-318
-212,1868,581,427,1127,-352
-205,1855,574,748,1938,-217
-245,1846,545,1048,1817,-141
-285,1854,538,908,490,36
-311,1868,546,430,-331,60
-331,1872,549,190,-717,-135
-338,1867,570,437,-1138,-197
-328,1862,585,81,-1708,-22
-293,1842,594,361,-2430,30
-249,1857,615,112,123,-352
-257,1869,656,-66,1889,-943
-282,1848,663,659,293,-722
-288,1827,640,1282,-790,-423
-278,1830,599,1163,-886,-292
-252,1848,577,1087,-500,74
-246,1870,597,528,-335,-81
-227,1881,642,200,428,-245
-222,1879,656,-97,1029,-230
-243,1864,661,110,1388,-343
-277,1860,637,-116,1574,-333
-305,1846,612,-182,539,-372
-305,1844,586,-468,39,-396
-296,1854,606,-323,527,-250
-316,1870,615,-360,-91,-69
-322,1861,608,-359,-135,-101
-306,1842,614,68,-108,-347
-268,1853,635,-109,122,-542
-215,1864,614,-139,1002,-439
-209,1858,595,-193,2066,-356
-259,1842,591,-81,848,-232
-270,1842,607,200,1178,-198
-280,1850,608,780,1989,-141
-335,1854,563,1524,344,78
-367,1867,481,620,-1190,394
-324,1848,457,1202,-1355,163
-266,1868,496,486,-112,-89
-253,1880,510,667,615,-288
-282,1881,516,441,725,-320
-321,1869,516,448,-219,-420
-312,1861,500,582,-1487,-113
-267,1879,522,215,-1226,26
-232,1879,573,39,262,-45
-237,1865,606,279,99,100
-274,1854,593,161,160,-44
-291,1848,589,174,106,-163
-302,1860,611,-24,-319,-90
-305,1873,639,-503,-362,-110
-307,1869,660,-532,849,-207
-353,1865,653,-707,148,-267
-379,1845,631,-774,-1283,-398
-337,1824,641,-437,-445,-364
-297,1834,651,21,-290,-140
-283,1860,634,-519,-301,-19
-283,1862,649,-461,659,-301
-289,1854,671,-508,1164,-336
-322,1829,644,-395,681,-242
-334,1827,628,-16,131,-227
-331,1838,644,-518,343,218
-326,1847,610,-533,-246,-141
-289,1840,584,130,-741,-234
-247,1848,593,-86,544,-114
-227,1839,589,47,1228,150
-237,1847,565,187,356,176
-248,1858,566,198,1458,-245
-304,1861,558,-208,1393,-499
-319,1854,559,-185,365,-423
-286,1852,564,-196,1131,266
-280,1852,545,559,626,133
-279,1844,519,439,-496,144
-258,1857,516,491,-443,6
-227,1870,539,287,646,53
-247,1861,557,369,245,109
-263,1858,572,661,-21,113
-260,1867,574,691,291,92
-248,1873,570,473,1326,9
-269,1856,556,428,633,66
-294,1848,565,500,-410,179
-287,1845,578,432,-611,440
-265,1833,623,264,-157,748
-254,1840,677,-183,156,979
-278,1848,721,-846,1895,602
-358,1816,755,-1341,1869,244
-446,1779,813,-1899,-606,222
-460,1753,904,-2443,-1496,231
-418,1737,1016,-3222,31,97
-393,1731,1112,-4289,1907,-285
-405,1732,1204,-5579,2260,-649
-423,1709,1263,-6616,2638,-1146
-463,1616,1277,-7015,2208,-1713
-507,1476,1334,-5561,-2501,-1508
-552,1398,1471,-1889,-8904,1025
-591,1338,1343,3395,-1657,3481
-484,1268,927,9612,5367,4456
-253,1361,672,9948,1925,4624
-286,1505,380,3562,-10793,9293
-374,1619,488,14309,3968,5139
-552,1936,294,8434,-988,6899
-750,2140,66,11075,-12593,5968
-561,2108,-19,12751,-15874,4836
-168,2061,-234,15727,-20527,5037
361,2154,-393,15206,-19255,5443
900,2286,-353,12880,-8313,4442
1136,2324,-297,7962,7754,2555
843,2204,-253,7591,13421,211
358,2103,-183,8629,2690,-590
92,1999,-98,9782,-9111,-381
211,1934,6,9658,-10152,630
360,1958,119,6862,2142,905
262,1976,125,7523,3579,1386
83,1960,70,7032,-5166,939
23,1877,-43,10659,-11609,1494
134,1836,-231,6483,-10699,1985
479,1833,-122,8973,-4041,1672
695,2138,-56,2186,8286,1172
468,2193,-16,1562,10436,69
114,2063,-38,4874,-5608,-260
150,2121,-85,3538,-14292,861
337,2151,-26,3362,-785,-260
219,2158,-60,1293,3574,-352
-66,2192,-11,1812,-7862,412
-191,2241,59,-1424,-17278,-76
-118,2138,-26,-2992,-14171,-327
18,1934,-147,-1589,-10105,-684
179,1864,-310,-3169,-10770,1393
294,1920,-458,-4224,-7743,1412
285,1899,-621,-6184,-1917,1348
118,1754,-665,-2874,-1152,-41
-126,1685,-818,-1177,-9691,-1617
47,1884,-785,-2238,-14441,-424
398,2038,-636,-4628,1736,1158
339,1950,-786,-3388,10563,-1421
96,1918,-848,216,-87,-1731
91,2010,-889,-547,-8541,925
335,2017,-867,2097,2145,1310
442,2081,-597,1154,13931,-1141
357,2195,-564,-365,5731,-791
303,2171,-729,-697,3000,1679
209,2069,-876,2814,13355,668
-9,1930,-766,2946,16780,720
-286,1874,-468,5918,5462,-2426
-253,2123,-517,-1505,-15211,-1137
108,2288,-400,283,-3633,1130
170,2101,-461,-1097,16577,-106
-68,1733,-486,1499,10893,872
-236,1714,-330,3288,-11136,1231
-4,1937,-155,2745,-18328,944
545,2072,-58,2865,-4679,-2334
1020,2081,-114,-25,10171,-2946
1062,1941,-167,-1238,23368,-836
654,1909,-234,118,31267,-133
-29,1906,-258,4629,13509,-1583
-286,2005,-349,3679,-13782,-1238
-98,1904,-268,2827,-3972,-2126
145,1918,-154,2720,10033,-1261
312,2106,-223,1185,-5203,2008
577,2202,-199,846,-1075,232
635,2164,-80,-3547,21253,-3650
308,2193,-56,-6809,14697,-4212
145,2231,-52,-5849,3184,-1895
153,2025,-334,-3238,-2850,96
239,1739,-721,-972,-1240,-1062
507,1693,-812,1327,7138,-3028
617,2028,-624,-7026,24337,-3230
143,2184,-448,-12402,24547,-6396
-207,2121,-257,-7167,-7530,-4433
102,2159,-169,-9106,-11007,-1688
516,2125,7,-13566,20860,-4992
396,2215,118,-18994,23359,-6211
35,2264,-89,-17520,3973,-5118
-285,2120,-153,-18772,13221,-7108
-595,1810,-151,-18993,4327,-7824
-505,1689,69,-14960,-14914,-6669
83,1987,149,-17919,-495,-4187
351,2031,249,-16012,21032,-5223
-55,1743,383,-14941,10416,-5906
-417,1467,444,-9293,-845,-7117
-410,1575,635,-9708,5193,-7714
-480,1688,763,-8888,6117,-5639
-730,1577,982,-1595,-1766,-1370
-876,1372,1153,3794,-10485,3296
-718,1348,1206,6705,-11299,4791
-499,1534,1105,8599,-10203,2037
-320,1662,988,10350,-6318,-1592
-142,1616,938,10389,681,-3442
-3,1481,910,8836,8122,-2275
28,1412,832,7721,12417,377
-99,1499,797,5926,18817,3029
-447,1726,848,3318,22329,3600
-920,1946,782,64,14060,4191
-1333,2044,561,-925,-1038,2242
-1291,2023,431,-1526,-14941,2560
-916,1951,450,-424,-14404,3935
-581,1846,496,1363,-8341,4305
-476,1808,494,2297,-6706,4007
-455,1835,467,3152,-11620,3133
-225,1788,496,4221,-10990,2681
58,1774,463,4692,-7299,3699
322,1843,523,4498,430,4566
395,1918,610,2618,14368,2273
180,1935,560,3522,17013,90
-149,1930,504,4064,7049,512
-385,1841,444,4797,-558,1024
-399,1827,343,4095,-4696,1475
-234,1905,448,3059,-539,1361
-177,2001,564,547,4093,764
-282,2083,605,-75,-425,272
-393,2110,579,-1531,-1329,-869
-452,1984,439,-1055,-2900,-2410
-371,1910,347,-1647,-11773,-1706
-115,1974,464,-1996,-11726,-875
157,2049,499,-3243,-3704,-271
227,2031,494,-3375,4787,-1664
123,2041,502,-4088,2797,-2389
14,2008,468,-3613,-48,-2435
-23,1956,415,-4587,2693,-3247
10,1873,401,-2932,180,-2517
105,1792,400,-2009,2690,-884
72,1725,357,-1715,5908,-57
-100,1676,348,-80,3099,121
-249,1753,418,1311,1346,-107
-341,1918,472,-50,-1187,-158
-307,1987,560,-319,517,-508
-256,1976,623,-553,1721,-803
-267,1908,627,-1056,838,-1228
-271,1858,634,-468,1070,-1894
-263,1907,619,-335,-3577,-1069
-167,1932,617,-200,-2113,-849
-72,1912,626,-116,3592,-1014
-132,1877,612,-237,3264,-826
-237,1804,576,556,560,-824
-231,1770,551,1226,175,-806
-201,1810,565,1314,-1830,156
-143,1867,587,441,517,546
-172,1876,598,-295,4231,-227
-281,1857,599,-400,1811,-826
-280,1808,574,127,-315,-683
-244,1830,569,1066,837,-600
-242,2004,618,-954,-477,-47
-228,2053,642,-1832,2253,-764
-234,1925,611,-1479,2943,-1077
-240,1768,535,-588,711,-1050
-235,1665,485,784,715,-1141
-233,1684,457,1849,-1387,-241
-183,1772,484,1819,-3056,1038
-122,1846,519,1437,-1209,1614
-140,1883,563,1063,1948,1086
-220,1886,600,806,1400,360
-284,1867,584,913,1296,13
-342,1894,559,660,235,-219
-360,1953,567,146,-1366,-169
-314,1963,565,-404,457,-263
-294,1897,549,363,378,-131
-273,1828,535,1095,-1894,402
-230,1783,510,1595,-1511,672
-201,1799,500,2004,699,670
-247,1881,509,1529,504,674
-286,1930,542,1234,-363,272
-281,1927,577,1063,1785,-269
-300,1915,582,474,1381,-197
-322,1898,589,670,-957,9
-292,1919,614,-91,541,-307
-270,1935,605,-554,957,-393
-259,1908,568,-620,1072,-565
-225,1872,585,-22,1510,-468
-217,1855,518,284,-464,29
-207,1852,456,993,-505,142
-195,1895,469,250,2126,197
-252,1899,484,112,1887,254
-325,1865,477,510,-593,102
-330,1859,481,629,-2131,188
-281,1899,498,331,-843,126
-260,1935,516,-150,-377,62
-252,1920,539,-184,-203,3
-238,1882,541,54,-100,-22
-234,1870,506,389,-781,-67
-228,1891,487,108,-491,-85
-222,1892,510,235,-928,314
-200,1887,527,455,-1350,964
-198,1889,518,76,279,408
-244,1879,509,-59,245,-305
-266,1875,505,80,-2132,-70
-214,1900,521,181,-2220,440
-148,1925,539,-299,626,676
-166,1902,522,188,1964,250
-239,1875,498,235,-738,17
-245,1873,521,191,-1215,-178
-213,1889,545,205,174,-406
-197,1933,559,-234,1250,-510
-204,1953,576,-999,1852,-527
-226,1914,562,-779,531,-513
-225,1875,536,-623,7,-499
-216,1870,538,-635,361,-418
-218,1863,542,-287,384,-226
-221,1860,520,118,-966,110
-202,1875,508,185,-471,179
-208,1896,522,-444,789,28
-254,1886,528,-117,18,-98
-279,1857,517,372,-1803,22
-224,1851,526,610,-1956,482
-166,1877,526,533,432,526
-187,1888,532,327,1520,156
-242,1878,532,560,-1430,24
-215,1886,544,406,-2163,168
-149,1895,565,385,1606,108
-164,1894,556,276,2190,62
-216,1889,531,249,-954,230
-209,1883,531,282,-891,297
-189,1881,518,468,1822,-1
-229,1893,503,437,644,-260
-233,1895,528,305,-484,-142
-189,1885,547,343,689,-281
-164,1885,527,378,871,-313
-148,1906,537,104,1880,-295
-183,1916,559,-209,2294,-337
-240,1891,561,-402,1235,-439
-255,1907,575,53,2917,-521
-260,1945,554,981,1741,907
-268,1838,378,1686,-2261,701
-193,1794,301,1790,-2477,101
-104,1863,408,1259,614,-127
-101,1910,464,799,1849,-12
-127,1904,506,1397,1803,41
-159,1905,530,740,1789,-79
-204,1898,517,304,1280,-262
-229,1907,552,-568,1610,-636
-248,1899,635,-959,492,-731
-242,1891,711,-1499,480,-837
-236,1921,801,-2450,3146,-1277
-283,1977,961,-3181,2087,-819
-310,1962,911,-4079,-3585,1149
-260,1827,782,-2569,-3774,2701
-185,1710,801,-2306,-64,3576
-198,1694,900,-3013,981,3997
-274,1759,946,-4159,2374,3049
-376,1807,969,-5446,2470,1837
-454,1772,1001,-5827,1802,1125
-497,1694,1031,-5748,1225,841
-525,1605,1071,-5831,1116,636
-570,1522,1146,-5766,-1308,940
-675,1457,1289,-517,-6143,3157
-766,1478,1296,2698,2288,357
-582,1327,735,4868,313,-812
-424,1302,470,8938,-18853,4905
-211,1459,641,9709,-5310,4731
2,1606,556,8689,-6178,4823
208,1740,214,11420,-16497,8164
469,2033,84,12146,-3695,8396
497,2287,40,11192,8898,4975
221,2406,-186,7674,768,1453
-20,2268,-336,10135,-7255,-3
34,2250,-443,11927,-16325,-225
288,2326,-500,8813,-11028,-1151
523,2223,-335,9042,-4522,-1308
572,2155,-266,8294,-4800,-303
507,2087,-230,8821,-7081,254
496,1998,-151,7691,-8318,885
474,1934,-43,7943,-4082,292
391,1900,-13,7836,-4812,631
243,1858,74,10114,-10465,1130
127,1922,-3,6092,-9460,138
270,1845,-23,9902,-15644,951
544,2007,34,6224,-9290,420
663,2114,19,4181,5485,-916
576,2101,-66,3526,4877,-1243
366,2048,-62,3804,-210,-798
162,1976,-78,6054,-2680,-624
57,2021,-158,5091,-10768,576
183,2177,-124,4280,-11783,531
298,2239,-101,1505,-2444,1454
154,2147,24,-523,3931,23
-173,2150,52,-1328,-8531,54
-222,2113,-196,-2904,-23903,2610
48,1964,-413,-3060,-16072,2708
240,1861,-572,-2649,1144,-306
193,1877,-676,-2533,-1329,-915
174,1930,-645,-3909,-10612,-455
340,1977,-626,-5112,-9161,642
381,1920,-747,-5450,3092,18
243,1796,-925,-963,3196,-594
132,1823,-1061,-846,-6076,-846
141,1808,-1071,149,1074,-1609
169,1824,-1018,441,5907,-1706
183,1925,-914,782,2950,-1084
238,1976,-898,499,1863,-387
310,2041,-878,2805,6280,324
298,2136,-751,-611,12478,1158
39,1963,-543,2352,13199,-1460
-204,2056,-551,-608,-378,-2354
-132,2074,-356,-478,-7074,-1399
74,2038,-380,-722,-7313,16
329,1866,-363,1203,-1205,1488
533,1778,-352,3992,-1103,2348
641,2064,-353,3074,6725,2179
436,2202,-241,-3578,25232,-2505
63,1943,-261,1320,12022,-4379
91,1922,-327,5845,-17860,-3467
670,2101,-387,3396,-6058,-1934
848,1885,-397,-1881,32767,-2817
354,1834,-369,-2082,32767,-6588
-71,2140,-196,-313,2305,-3724
-95,2229,-118,-1808,-12658,-1299
258,2057,-243,-1884,5393,-1726
374,1810,-328,402,6010,627
330,1840,-292,1837,1682,2074
286,2028,-143,-2392,3555,1483
418,2094,-57,-4754,5843,885
691,2154,-51,-3847,12850,-12
619,2195,-171,-6058,24371,-1938
83,2118,-356,-7930,26644,-4278
-517,1917,-502,-7602,10700,-5562
-524,1798,-455,-4608,-5486,-2067
-94,2005,-270,-5951,-7044,2248
282,2231,-146,-10911,10210,106
253,2202,-178,-9743,12179,-4418
23,2048,-281,-9830,3900,-6326
-4,1998,-291,-10851,-3209,-6086
319,2048,-135,-12631,3678,-3981
477,2099,-78,-17308,16500,-4432
177,2087,-28,-15926,15736,-4023
-375,2024,93,-13844,7955,-2319
-813,1870,325,-10336,-3513,-4139
-718,1732,545,-8733,-3378,-6213
-386,1616,651,-8393,7798,-7086
-322,1419,637,-4209,8231,-7420
-390,1431,712,-2804,633,-5329
-414,1660,775,-2566,-362,-2776
-415,1857,815,-1411,2069,-691
-595,1808,821,-15,-940,906
-884,1622,850,1877,-8139,1060
-914,1493,888,3929,-10714,154
-775,1520,875,5548,-14304,-460
-467,1671,888,5615,-12785,-1051
-48,1805,947,4973,-8499,472
321,1904,1028,3712,-2384,2726
492,1914,1084,2269,9187,2541
233,1908,951,1121,8325,1783
-99,1888,801,1037,6680,770
-326,1808,655,469,9534,-1149
-506,1807,554,1392,5223,-1394
-598,1869,545,521,1750,-700
-614,1843,398,367,-409,-1105
-481,1891,337,818,-6768,54
-171,1939,472,966,-5044,865
75,1908,489,-240,3501,763
-5,1856,488,356,3600,1117
-218,1908,537,-186,3449,-198
-403,1905,505,-1010,3045,-1496
-469,1893,489,-1894,1729,-1889
-439,1863,591,-293,1018,-1670
-483,1887,599,-1526,1861,-2342
-524,1890,544,-2604,-3075,-2917
-338,1857,623,-1552,-5869,-2046
-52,1869,692,-2363,-2918,-335
85,1889,696,-3363,5962,-706
-64,1811,681,-2161,4369,-424
-246,1755,677,1165,-2799,737
-289,1800,711,2138,-600,773
-338,1817,542,347,115,406
-372,1798,451,1467,-1876,429
-353,1873,551,593,-1391,9
-290,1913,643,86,504,-552
-220,1861,612,345,-255,-332
-163,1806,592,1940,-823,200
-149,1848,607,284,1313,300
-225,1859,550,123,1264,-304
-263,1881,544,187,-306,-373
-250,1899,599,208,1350,-520
-270,1884,592,-254,2101,-836
-299,1852,564,12,1348,-1120
-318,1862,582,-53,1118,-858
-369,1901,559,-379,-276,-650
-389,1882,526,98,-609,-962
-382,1848,532,960,-2573,-890
-332,1855,573,956,-1421,-1226
-293,1842,563,456,276,-1673
-308,1847,575,304,-1439,-1507
-285,1876,632,-124,-923,-1781
-253,1885,634,-452,-264,-1895
-243,1830,592,-158,-777,-1792
-235,1761,586,422,-3098,-766
-167,1733,594,852,-3086,234
-123,1770,630,1258,-1471,1239
-139,1843,684,770,59,1323
-246,1878,689,1018,-245,889
-353,1867,697,741,802,129
-379,1816,734,631,849,-416
-375,1787,714,133,-1025,-97
-335,1809,732,662,-548,-22
-303,1869,760,537,289,-148
-330,1873,664,-562,1061,-384
-340,1821,595,341,-1093,-58
-302,1803,626,898,-935,280
-284,1833,616,238,777,271
-319,1857,594,621,434,257
-327,1863,585,801,-1163,541
-325,1854,582,371,-921,513
-337,1845,585,191,-656,308
-337,1864,624,279,-562,197
-326,1880,625,-299,-284,-54
-305,1867,627,-476,211,-408
-268,1839,654,291,634,-419
-269,1805,602,92,172,-138
-269,1826,573,421,-1118,-249
-193,1877,608,40,295,-120
-196,1885,604,-28,800,223
-252,1863,609,126,922,-22
-292,1833,581,331,179,-143
-300,1843,569,300,-595,-214
-271,1860,580,156,103,-361
-235,1864,577,140,164,-44
-221,1857,582,296,-293,251
-226,1851,599,377,60,326
-253,1846,605,143,16,411
-279,1843,619,17,-300,136
-277,1851,637,-101,-596,318
-272,1878,658,154,1078,65
-304,1877,646,-171,1261,-135
-316,1822,615,444,-482,33
-288,1801,624,549,-681,107
-255,1826,654,256,-93,296
-262,1861,659,0,1275,-98
-305,1869,665,575,1158,-213
-330,1876,648,-94,-97,-200
-296,1856,604,-199,354,-218
-263,1836,588,-7,229,-113
-253,1836,593,290,173,-121
-260,1858,584,10,612,-376
-254,1867,563,288,917,-229
-238,1862,582,715,1707,-179
-256,1864,543,26,388,-220
-236,1857,544,794,787,-245
-212,1848,560,1699,754,238
-240,1855,503,1058,100,326
-264,1854,465,1089,186,189
-262,1867,485,1232,245,256
-265,1898,525,651,288,231
-280,1890,546,752,652,21
-295,1867,553,526,39,-85
-296,1852,554,668,144,-178
-295,1856,563,665,-554,44
-279,1871,555,635,-1555,502
-255,1879,567,429,-310,485
-271,1875,580,216,-376,467
-304,1868,596,227,-842,218
-319,1857,596,507,-1926,276
-279,1864,585,620,-2345,334
-220,1869,608,456,-533,507
-206,1861,620,434,362,-9
-204,1866,637,655,-373,-65
-194,1875,648,137,1195,-315
-219,1858,625,262,738,-397
-205,1871,640,31,336,-66
-191,1893,668,-821,1457,18
-214,1885,673,-810,1981,-153
-265,1878,665,-1227,1347,-272
-309,1867,652,-1204,1785,-582
-324,1842,629,-810,1165,-784
-299,1827,596,-301,201,-665
-242,1838,599,-353,985,-444
-225,1852,605,-634,1127,-226
-222,1854,616,-631,1510,-208
-242,1855,613,-822,1632,-88
-263,1845,602,-585,734,156
-281,1844,592,-472,626,54
-284,1867,596,-578,1849,-252
-319,1863,583,-38,1375,-392
-320,1840,548,-86,944,-463
-278,1844,534,36,566,-303
-258,1853,548,497,1120,-59
-296,1859,529,611,503,124
-326,1851,515,411,478,-66
-328,1858,530,20,-461,-63
-280,1869,572,-73,-46,-159
-248,1872,621,-452,858,-327
-248,1862,661,-896,736,-452
-249,1853,690,-1253,973,-379
-260,1833,718,-1719,1482,-429
-291,1803,762,-2014,604,-336
-299,1782,828,-2644,570,-225
-312,1763,917,-3245,2842,114
-390,1702,1023,-2839,1614,1017
-472,1658,1131,-2371,-1144,2221
-500,1625,1243,-3154,-1606,2829
-492,1557,1298,-3801,158,2763
-501,1492,1266,-4789,1213,2257
-542,1432,1221,-5677,1371,1429
-593,1331,1295,-3664,-629,1721
-706,1301,1643,3093,-984,4132
-769,1312,1345,5965,7027,3322
-572,1185,429,5231,8635,821
-644,1130,191,7706,-26767,9792
-477,1540,586,16030,-7123,6454
-383,2055,36,5458,-7054,6430
-195,2266,-207,17345,-25499,8865
257,2541,-253,10961,-18604,7440
644,2530,-384,10003,-2972,4186
797,2376,-401,11051,-3458,1923
846,2351,-479,10116,-5445,1206
724,2375,-419,10806,2801,-88
397,2336,-353,8861,4539,-806
52,2142,-290,11836,-9602,-1060
-36,1980,-267,11624,-19156,-842
162,1915,-236,11504,-14209,-503
375,1888,-136,13887,-11183,-78
463,2030,-45,8190,-9683,-725
486,1943,25,8533,-4081,-1096
494,1887,96,6648,-4129,-579
583,1979,235,5207,2906,304
425,2040,252,4431,1617,537
231,2038,312,3729,-3730,-697
143,2059,248,1749,-9422,291
234,2047,270,2394,-9499,291
376,2142,199,-156,-9764,474
443,2182,143,-525,-2623,-1100
371,2135,-39,-2403,-2315,-539
264,1953,-247,-1018,-8468,456
249,1815,-330,611,-8231,864
335,1936,-184,-661,-750,791
194,2076,-366,-2788,2059,1262
-39,1865,-667,-2317,-5133,133
-15,1717,-672,182,-13789,762
222,1933,-556,-1722,-444,1330
183,1980,-706,-4015,9124,192
36,1758,-929,-383,-7108,674
175,1902,-862,224,-3076,1902
231,2106,-710,295,20772,-1081
-169,2077,-877,-1289,6322,-2539
-196,2030,-872,2058,-16793,-193
335,2077,-763,2050,-3333,561
668,2043,-743,1410,19944,555
437,2065,-719,192,20697,1556
19,1992,-585,2417,9249,823
-246,1946,-501,3237,1267,-3294
-135,2061,-541,1607,-5326,-3105
187,2096,-499,779,1114,433
273,2027,-489,1791,13773,190
128,1954,-400,2526,13199,-1199
-72,2059,-359,8,-1459,-480
-70,2034,-302,-590,-6272,-484
160,1897,-230,3167,-4181,-233
390,1989,-216,1474,4113,-59
425,2034,-198,-597,10718,-1167
318,2032,-124,-1401,7370,-969
113,1938,6,2816,-150,-1085
81,2050,-60,-659,-2543,-1953
289,2030,-64,279,1210,-665
350,1886,-244,2170,-113,-1093
385,1884,-331,1370,1920,-1251
489,2005,-192,730,4421,-329
564,2119,-158,-1712,1321,-23
651,2078,-208,-1143,3998,-784
634,2058,-301,-1060,7615,-761
487,2010,-448,-2507,10407,-942
300,1957,-549,-2843,11505,-1945
181,1984,-512,-4816,9651,-1873
158,1954,-496,-4658,4787,-2355
324,1963,-589,-5513,3038,-2567
586,2036,-628,-8392,9799,-3293
649,2040,-710,-8171,17470,-3639
412,2017,-703,-9374,25596,-5390
-41,2037,-560,-12358,20000,-6812
-550,2038,-258,-10834,3780,-4813
-858,2081,-38,-14639,2690,-5629
-1003,2121,-19,-14958,-7571,-5575
-938,1998,47,-15112,-14386,-5666
-631,1837,79,-12165,-19698,-5511
-10,1819,289,-8508,-18716,-5106
694,2029,529,-14412,732,-5005
943,2040,684,-15986,17305,-5552
601,1813,746,-12245,15673,-4816
47,1507,760,-8790,14761,-4376
-473,1303,806,-4155,4816,-2829
-676,1464,895,-1114,-5665,-1387
-497,1747,1005,-2445,-1703,-1461
-338,1836,1039,-1813,4140,-1461
-406,1706,919,816,3601,-286
-602,1433,814,2918,6263,-774
-735,1248,736,4496,2123,-949
-720,1371,815,4790,1943,-373
-766,1720,902,3133,3678,896
-953,2155,990,1015,-912,403
-913,2301,1088,-1201,-7117,-220
-654,2059,962,-2218,-6680,-698
-447,1701,814,-1100,-3709,-2245
-233,1501,713,1139,-3797,-2482
17,1522,601,2622,-843,-1533
172,1634,559,3488,2457,46
200,1766,614,2323,6059,1473
58,1789,593,2108,6593,1929
-110,1705,600,2348,5842,1763
-266,1579,620,4038,3529,2023
-378,1699,665,3568,1945,2243
-468,2041,712,894,1699,1289
-580,2205,687,-1299,707,-275
-582,1962,626,-370,-568,74
-579,1690,548,1065,-4168,350
-514,1619,506,1302,-6329,173
-371,1746,590,1752,-3744,79
-302,1968,647,179,-4230,763
-252,2064,681,-413,-2783,441
-213,1951,713,-161,-128,-37
-235,1787,648,154,-1764,361
-246,1721,642,360,-1537,128
-199,1774,689,12,173,-90
-165,1853,709,77,-444,724
-181,1916,681,-228,-762,1327
-220,1903,643,-452,1135,796
-288,1818,582,656,562,638
-336,1787,570,874,-2175,650
-252,1830,636,417,-1247,340
-150,1860,625,601,201,357
-122,1909,619,494,620,509
-140,1920,608,151,1467,-5
-167,1862,568,428,2011,-247
-201,1824,541,938,1286,26
-221,1847,534,332,546,66
-205,1858,555,282,1652,101
-219,1886,598,280,1238,116
-256,1925,626,-180,758,-124
-290,1895,601,-252,421,-477
-257,1842,590,234,515,-400
-217,1839,586,33,103,14
-191,1857,597,-101,577,281
-186,1839,636,515,233,510
-216,1829,627,319,341,593
-264,1844,623,298,782,60
-293,1878,620,-273,-836,49
-248,1872,610,-227,-360,221
-210,1863,604,-376,182,176
-191,1853,612,220,433,110
-191,1856,613,392,952,108
-233,1862,588,329,1046,229
-256,1882,566,312,1777,-434
-253,1854,551,658,254,-245
-228,1850,549,543,7,-153
-222,1871,543,561,1192,-320
-233,1887,522,519,1788,-424
-269,1877,511,362,428,-158
-299,1856,492,464,-296,-119
-309,1854,507,504,-923,50
-334,1879,542,210,-514,-213
-382,1906,552,-179,-771,-956
-347,1889,560,24,-1201,-975
-252,1855,556,256,-2711,-368
-157,1830,583,917,-2505,72
-100,1854,612,413,-1160,133
-87,1873,641,517,379,-73
-121,1884,656,-107,1330,-250
-183,1856,634,220,287,-34
-211,1828,611,865,-242,4
-209,1846,608,743,508,87
-213,1868,585,578,663,-25
-224,1891,587,19,1033,-286
-237,1880,584,211,845,-138
-252,1855,579,396,-75,113
-251,1836,577,264,-711,283
-240,1855,607,102,-259,262
-249,1881,629,-12,-145,-25
-263,1891,628,-442,267,-215
-270,1878,634,-612,438,-373
-256,1854,648,-154,-491,-196
-232,1832,611,333,-463,-236
-215,1845,569,271,-391,-364
-197,1869,592,174,570,-421
-209,1873,606,345,96,-135
-209,1871,582,323,19,-79
-191,1863,564,547,947,-302
-202,1861,558,483,445,-255
-215,1856,548,319,-276,-136
-207,1864,552,416,221,-168
-206,1879,568,209,503,-222
-199,1878,557,211,417,-209
-191,1880,548,235,657,-152
-211,1878,549,151,272,-62
-226,1853,560,418,80,-155
-222,1847,564,424,-268,-116
-198,1865,581,350,161,-134
-198,1890,598,-93,760,-119
-227,1882,617,-159,717,-300
-235,1852,619,-89,668,-399
-225,1846,619,-105,625,-314
-234,1849,628,-514,1351,-442
-256,1857,650,-517,1153,-641
-260,1886,666,-473,685,-518
-265,1889,621,-638,1223,-620
-268,1858,565,-324,629,-446
-250,1829,560,156,101,-37
-253,1830,559,246,-436,126
-258,1844,572,216,297,-27
-275,1867,585,38,219,-127
-289,1874,587,-114,321,-190
-295,1873,584,-69,115,-325
-270,1862,596,-108,-141,-23
-255,1851,563,-77,-220,-63
-225,1867,548,131,-122,80
-202,1858,558,296,-95,278
-208,1835,565,939,1304,519
-268,1850,557,904,987,397
-318,1852,552,676,-501,-61
-304,1862,567,1281,-268,-214
-277,1877,519,1151,-986,-110
-209,1864,488,1521,-854,380
-160,1862,507,1147,615,607
-178,1862,521,1229,1375,393
-235,1864,544,933,1254,-149
-261,1854,567,1087,-436,4
-235,1873,582,1204,-674,213
-200,1898,597,588,747,256
-191,1898,624,173,2159,-327
-199,1869,649,685,1593,-136
-229,1883,642,-293,1123,-8
-276,1870,613,134,959,-263
-301,1871,581,-195,1226,-447
-310,1885,601,-329,649,-390
-313,1892,600,-687,4,-292
-298,1881,586,-545,-186,-217
-276,1869,576,-665,452,-219
-274,1856,576,-538,174,-255
-279,1849,596,-331,1056,-697
-309,1856,583,-668,657,-1248
-299,1873,584,-585,-785,-1084
-224,1892,613,-743,25,-547
-185,1879,592,-1079,1644,-242
-211,1834,566,-317,1018,-325
-236,1837,572,-60,133,-140
-252,1863,589,-262,1031,-222
-286,1868,591,-277,817,-315
-289,1862,575,-276,217,-162
-275,1855,567,-253,731,-95
-281,1850,577,-54,939,-281
-299,1850,575,-288,274,-489
-290,1843,586,93,-146,-467
-247,1863,578,32,176,-196
-222,1877,570,-246,1528,-147
-267,1854,568,30,1034,-156
-294,1840,568,237,568,-176
-287,1849,588,780,391,-18
-273,1861,572,-3,123,109
-273,1851,568,123,1154,-202
-294,1858,602,-545,968,-268
-309,1852,625,-635,242,-297
-312,1852,633,-630,431,-286
-315,1847,648,-882,-25,210
-338,1835,668,-1258,-1714,858
-324,1835,709,-2096,-2089,1640
-315,1817,826,-2872,-1741,2196
-341,1784,959,-3402,-2251,2746
-370,1731,1065,-3819,-1635,2462
-392,1666,1163,-4144,759,1869
-452,1638,1252,-5054,1116,1214
-502,1603,1290,-6126,106,219
-491,1524,1299,-6401,-592,-513
-426,1413,1271,-6130,-720,-837
-358,1295,1239,-5244,-1978,-281
-287,1213,1285,-3028,-3589,1523
-217,1205,1580,2315,-4567,5065
-287,1244,1788,11920,5092,6947
-161,1209,891,10353,18501,640
-156,1165,229,7839,-18344,9008
-193,1439,399,19863,-15103,12312
11,2086,196,10964,5349,9936
52,2522,-439,11293,-12806,10998
300,2574,-185,15911,-3610,5198
435,2471,-307,12015,3878,1205
354,2349,-434,11304,-622,936
310,2310,-356,10504,-853,649
273,2267,-416,11710,-3925,241
279,2233,-425,10650,-6048,259
354,2134,-321,10909,-7112,1149
346,2062,-175,9271,1741,503
16,1914,-94,10307,1073,93
-261,1878,-103,9318,-14029,346
-231,1877,-98,8270,-20462,157
70,1863,18,8221,-14123,-1393
528,1979,-15,6070,-13178,-13
978,2119,151,5111,-1960,328
942,2170,283,5613,7548,-1969
484,2266,171,1306,3014,-426
-20,2282,240,3048,-8782,-603
-178,2316,98,-1181,-19724,-1796
11,2223,-27,-11,-18354,-345
214,2147,-50,2815,-8374,-134
269,2085,-288,-1397,-9309,-172
269,2101,-389,-2945,-11857,1211
232,2075,-381,-5002,-3114,1245
-1,1872,-405,-3618,-3570,-527
-240,1658,-608,-4965,-15722,-160
-264,1392,-847,-3303,-18040,379
-52,1310,-910,1926,-9395,-1897
307,1668,-908,253,-5870,799
556,2000,-756,-2758,8135,2029
341,1941,-769,-1043,9844,460
126,1765,-923,1033,-6561,703
400,1726,-996,3606,-7612,2806
765,2047,-896,3991,21495,3056
530,2147,-690,1469,32767,22
-88,2125,-764,3766,6937,-1711
-113,2430,-491,1355,-3189,-1599
37,2245,-400,105,9981,-405
2,2027,-702,1761,12859,137
-124,1971,-597,4346,6020,-1652
-73,2019,-619,5912,-12580,-424
360,2067,-568,4001,-4248,-1064
596,1945,-443,-570,22484,-2352
421,1799,-387,5792,21160,-2561
254,1952,-374,3653,-558,-1346
307,1907,-260,7524,4255,-1689
224,1943,-371,164,18793,-3582
25,1952,-190,361,20593,-3552
-147,2190,99,-931,3655,-1162
-169,2379,159,-3389,-8620,382
16,2254,90,-3931,-1134,-1947
283,2101,-109,-3583,836,-1218
520,2001,-286,-4775,477,423
679,1912,-404,-3137,8742,-537
695,1990,-545,-2310,11238,-416
556,2023,-619,-4934,15410,-1503
216,1839,-721,-5806,18497,-3817
16,1700,-680,64,5697,-5015
303,2007,-519,-3172,-2040,-1717
569,2238,-289,-10138,22211,-2791
279,2127,-291,-8349,22149,-4838
-184,1948,-383,-7257,292,-4895
-236,1984,-194,-9584,-3924,-4234
-104,2176,52,-14843,2507,-4935
-51,2301,34,-18688,1195,-5933
97,2230,13,-18381,7260,-8114
198,2037,-22,-16821,17422,-8744
-101,1811,-79,-15857,15598,-6445
-665,1697,25,-13355,1420,-6261
-867,1749,347,-11093,-5547,-7081
-671,1794,597,-11076,3224,-9124
-664,1740,607,-11123,-889,-8283
-744,1642,612,-8294,-9131,-5646
-654,1603,733,-6108,-7383,-4419
-442,1621,863,-4055,-8909,-3186
-211,1606,1013,-713,-6134,-1168
-128,1563,1123,1393,-3617,523
-203,1490,1140,514,5072,-841
-435,1362,1038,2649,3707,-1866
-573,1385,1037,3689,-795,-1544
-599,1541,1085,2829,1506,-806
-635,1681,1075,2653,-1239,922
-617,1727,1017,4034,-8088,3081
-499,1759,956,2631,-4927,3744
-425,1757,895,1867,-2008,2472
-391,1731,819,2938,-3775,1716
-295,1771,786,3534,189,394
-226,1822,756,2289,4064,-410
-271,1848,683,1097,2165,350
-289,1853,776,1561,1746,565
-274,1828,729,1544,-440,1092
-261,1869,666,1664,1327,550
-270,1974,684,465,2326,-148
-332,1982,616,-1097,3091,-1352
-399,1882,579,-1550,1866,-1956
-400,1799,609,-994,-846,-1514
-337,1753,586,-1421,-720,-1102
-231,1720,607,-264,178,-396
-193,1757,645,482,-1546,1049
-252,1766,510,259,-2747,1124
-283,1774,508,1164,-2185,547
-293,1814,582,597,-2138,-162
-278,1831,612,859,-1360,-478
-234,1889,700,886,-1166,-315
-182,1901,735,1108,-853,372
-179,1836,660,746,1794,-86
-198,1742,636,1066,335,-235
-172,1712,631,1318,-1781,237
-122,1737,644,2354,-725,823
-120,1818,642,2516,832,1177
-171,1900,579,1963,361,1822
-208,1919,568,1200,529,1669
-209,1830,583,1709,1181,1616
-224,1793,608,2058,746,2461
-285,1871,651,1133,1597,1872
-387,1924,670,679,1653,392
-482,1912,681,856,-1493,-361
-463,1885,721,907,-3708,-324
-359,1880,712,126,-2530,-412
-270,1868,650,-158,-2087,-602
-177,1870,656,-540,-2138,-260
-86,1871,694,-856,-1284,259
-59,1852,693,-787,192,260
-85,1846,665,-395,-7,366
-92,1868,676,-854,1523,358
-128,1881,712,-684,4543,-363
-228,1887,743,-567,4485,-772
-330,1852,659,-635,1064,-281
-373,1803,544,-5,-1629,61
-335,1797,523,390,-395,-389
-276,1854,572,-303,-471,-98
-248,1874,615,-444,-460,-200
-207,1856,628,476,46,-292
-170,1849,564,218,-1537,614
-121,1811,530,1172,-577,892
-100,1813,550,1254,2277,916
-154,1870,568,608,2121,816
-220,1895,588,364,1721,63
-271,1858,566,569,269,-196
-259,1837,548,1086,-576,5
-212,1866,582,975,45,326
-197,1868,597,605,1100,345
-228,1846,583,706,789,-16
-235,1864,609,270,1082,-221
-241,1887,647,290,1655,47
-261,1857,624,322,934,49
-271,1838,597,91,-1315,69
-215,1863,660,-167,1537,-288
-234,1882,672,-632,3110,-645
-296,1856,641,-288,-276,-777
-259,1848,640,208,-930,-688
-172,1858,639,151,568,-59
-154,1833,595,34,-500,221
-140,1850,585,591,398,-40
-156,1891,595,-97,1647,-45
-214,1863,575,210,245,5
-227,1844,579,471,393,-205
-218,1859,604,634,632,-152
-224,1873,580,351,638,-406
-222,1874,548,376,1213,-743
-215,1869,558,90,143,-518
-189,1858,578,85,-214,-50
-175,1854,596,236,216,13
-171,1861,591,105,517,-69
-179,1874,598,75,1414,-83
-234,1871,603,-152,534,72
-275,1852,586,4,-806,73
-256,1853,587,-115,-1166,-33
-208,1858,601,20,573,-172
-204,1868,586,13,-691,335
-190,1858,582,383,-795,506
-184,1858,576,309,610,256
-213,1870,569,403,-1008,518
-197,1860,571,1060,-11,637
-207,1847,562,646,1810,298
-270,1849,541,831,145,20
-284,1878,571,568,125,-77
-290,1888,599,-32,1458,-405
-323,1878,608,252,888,-745
-335,1879,628,419,29,-799
-312,1873,601,123,-1832,-536
-244,1859,562,11,-1053,-470
-203,1865,608,267,403,-489
-201,1862,621,190,-1062,-43
-196,1860,588,358,-1365,-137
-171,1883,589,447,-369,-212
-160,1875,565,472,-351,138
-182,1853,539,294,-199,-156
-185,1859,556,163,-9,-227
-174,1877,585,384,-248,-125
-155,1897,590,336,186,-275
-141,1874,568,526,251,-132
-137,1837,525,579,20,185
-151,1820,540,715,326,77
-175,1859,583,389,756,-32
-213,1899,587,150,431,-186
-225,1891,572,229,-319,32
-204,1858,547,392,-671,274
-186,1850,542,272,-1236,497
-171,1873,571,59,-814,586
-191,1895,592,27,1127,189
-256,1861,588,759,622,-357
-289,1827,558,1087,-1969,-181
-236,1841,553,1516,-1872,10
-167,1894,591,925,-1034,306
-115,1899,631,1030,-234,447
-113,1876,621,926,1059,123
-140,1853,606,968,1595,-252
-181,1880,617,633,1755,-88
-241,1905,617,-449,839,-164
-268,1896,631,-100,-358,-559
-229,1897,623,-356,-497,-342
-184,1872,583,-412,-578,-124
-144,1863,570,-99,795,39
-145,1874,598,-265,1840,-168
-202,1891,585,-434,70,-106
-229,1887,595,-507,-369,-135
-213,1872,622,-956,-135,-39
-181,1860,659,-920,-305,308
-149,1857,680,-1062,534,731
-131,1846,706,-1058,856,1060
-152,1843,714,-1446,790,1134
-193,1840,734,-1767,1378,799
-239,1821,776,-2264,1102,663
-267,1799,838,-2521,-525,901
-260,1793,914,-2674,-507,1085
-251,1791,1020,-2848,1503,1229
-292,1786,1051,-4017,927,1276
-319,1749,1060,-4140,256,1342
-319,1707,1114,-2678,2621,1591
-405,1710,1031,-3025,2335,2367
-488,1612,964,-15,-2089,1671
-437,1519,845,750,-5856,1812
-387,1494,742,4998,-3425,2760
-373,1580,647,5760,552,3250
-376,1654,496,9807,-5337,4409
-256,1746,409,11322,-8002,4914
-56,1845,307,8853,-8692,6827
39,1980,370,10621,2788,4651
-40,2045,295,7927,-4934,3134
29,1902,147,11350,-20025,2990
552,1880,80,13364,-15347,2220
1045,2076,48,8717,7298,1891
884,2174,71,5944,18908,979
283,2110,-7,6393,8287,315
-181,1972,-105,9271,-10693,609
-123,1906,-152,10463,-21252,1170
250,1965,-90,8887,-7913,570
478,2013,-45,7933,765,895
494,2046,-68,6729,-3038,792
337,1976,-88,7646,-3787,-150
212,1976,-97,6541,-1774,-653
81,2005,-98,7139,-5792,260
-36,2093,-142,5103,-7910,106
-24,2061,-149,3341,-8542,-181
88,1977,-160,3425,-11145,898
258,1990,-163,5145,-13662,1050
490,2095,-173,4275,-9469,-1067
636,2139,-226,1219,-2143,-1372
543,2043,-248,2684,156,252
366,1954,-166,2801,-4721,-650
287,2065,-136,926,-8155,-408
289,2125,-124,-1196,-5097,-1068
288,2017,-240,25,-7061,-281
305,1923,-432,916,-8671,-67
423,1863,-528,1824,-6046,194
550,1847,-474,1629,2821,-413
455,1976,-429,281,6087,-851
311,2029,-458,-1154,1571,579
115,2016,-521,-1615,4007,691
-134,1977,-626,-323,1210,-352
-249,1934,-674,-41,-7107,-611
-95,1883,-639,-921,-9083,-816
138,1969,-657,-1953,-2143,-98
238,1999,-707,-2149,5051,-377
178,1923,-788,-97,367,-99
138,1951,-753,624,572,-543
154,1939,-696,-154,2646,-1458
204,1891,-696,383,37,-1345
304,1982,-732,-110,1195,-277
361,2021,-705,-264,7105,179
191,1988,-720,-68,7245,485
-16,1988,-730,340,3119,139
-146,1969,-631,1628,-467,-1258
-112,1994,-550,177,-4522,-1395
76,2069,-455,-2374,-1601,-493
173,2072,-442,-2727,3181,461
148,2019,-526,-1136,2563,667
110,1959,-636,171,-2538,2149
208,1786,-658,1157,-2069,2094
430,1805,-636,3604,1187,952
643,2088,-537,-172,11729,38
659,2105,-483,-575,17303,-388
551,1822,-446,463,14347,-922
400,1607,-291,7914,5846,-1164
333,2076,25,4163,21028,-1246
-39,2340,173,-3377,17559,-1615
-462,2135,92,-1321,-8462,-764
-32,1964,92,284,-15573,-114
823,2093,202,-1746,7705,2423
918,2167,54,-4499,15313,1034
756,2092,-88,-3869,11326,-302
607,2010,-216,-2697,16921,-2337
301,1991,-354,-4293,18810,-3134
-33,1963,-410,-3194,13294,-1735
-143,1998,-378,-2374,5187,-580
-121,2057,-340,-3261,7799,-1228
-208,1946,-399,-3400,4867,-2435
-82,1888,-360,-1584,-4269,-1787
304,2048,-262,-3094,-973,-516
528,2123,-224,-5759,12728,-1705
372,1987,-259,-5104,9367,-2424
200,1942,-240,-3965,4355,-2144
141,2025,-163,-4100,4121,-2198
82,2061,-158,-6212,4761,-2510
13,1991,-115,-6649,4878,-3870
-22,1930,-80,-4213,-966,-3811
65,1936,-165,-2242,-1105,-2752
123,1958,-135,-2652,4780,-2501
3,1963,-95,-3187,1957,-2970
-42,1919,4,-2736,148,-3177
-64,1965,139,-3338,2770,-3565
-185,2015,306,-3272,1309,-4239
-232,1946,379,-1367,-3881,-3505
-103,1843,414,-805,-3366,-1830
-6,1902,520,-1703,1990,-1912
-53,2045,613,-4816,4260,-3509
-138,2061,660,-5391,3515,-4497
-175,1997,625,-4926,-1961,-3236
-169,1888,569,-3124,-463,-1371
-256,1778,535,-1418,1645,-1698
-324,1804,510,-651,-4530,-2094
-121,1917,537,-2010,-3162,-1485
43,1983,626,-1499,9773,-1497
-212,1965,566,-1255,5676,-2196
-377,1842,554,957,5994,-3164
-505,1871,515,-40,5298,-3507
-638,1934,482,-1900,-82,-2370
-590,1928,513,-2241,-3408,-604
-433,1912,545,-2841,-6944,559
-222,1935,538,-2625,-3340,1509
-196,1916,494,-2433,3487,383
-368,1826,337,-1355,-2182,-165
-344,1815,271,-109,-4801,-27
-198,1884,327,-698,-648,-13
-160,1931,344,-1337,759,39
-201,1942,332,-172,-278,583
-242,1881,357,744,-364,101
-257,1825,308,1284,-4296,875
-216,1862,285,2274,-4709,1220
-165,1931,379,1699,-1622,343
-126,1959,418,350,-301,-169
-96,1944,418,1177,-542,38
-110,1943,435,903,209,-61
-134,1921,459,1302,313,-128
-166,1924,472,1163,-731,-1
-189,1986,544,-71,-492,-208
-221,2028,589,-1204,1823,-926
-257,1960,542,-271,-342,-1120
-161,1872,500,337,-1987,-613
-44,1875,495,477,98,21
-73,1901,464,628,158,4
-109,1879,457,604,-698,-29
-106,1895,472,454,-255,-162
-119,1937,502,161,1197,-259
-202,1943,507,-261,974,-220
-273,1908,478,-182,-246,-569
-234,1898,467,-283,-653,-496
-151,1896,463,58,71,-79
-137,1878,445,448,572,82
-202,1880,414,120,-204,4
-257,1891,416,-1,-555,-253
-257,1879,411,326,-1696,-24
-205,1884,417,408,-2472,465
-176,1942,430,-112,-1375,537
-217,2004,438,-474,-764,139
-257,2001,443,-674,-438,-292
-263,1925,446,-559,-857,-406
-224,1862,432,-35,-1777,3
-169,1864,456,81,-1533,108
-111,1899,513,-295,-596,76
-57,1932,585,-640,814,160
-69,1974,621,-1616,2644,-356
-123,1959,619,-1879,3297,-855
-161,1880,570,-990,1877,-488
-148,1817,504,266,967,62
-111,1828,462,226,536,528
-101,1877,473,581,1279,878
-191,1959,507,-584,3411,-21
-326,1947,507,-507,1801,-854
-332,1894,486,336,235,-269
-293,1847,420,1193,-1098,98
-213,1838,370,1198,-557,185
-161,1906,430,637,17,187
-163,1963,495,-338,937,-206
-178,1947,512,-318,1350,-487
-172,1900,510,470,672,-242
-144,1890,504,642,788,335
-165,1877,444,804,1123,64
-199,1892,408,605,773,-232
-192,1934,463,-197,881,-259
-175,1935,496,-421,1151,-138
-198,1894,493,295,1921,-289
-256,1883,489,475,1502,-399
-287,1889,484,73,-853,-227
-240,1904,474,-66,-811,-206
-179,1931,502,-391,314,-217
-167,1921,508,-344,1040,-172
-191,1900,518,-68,178,-125
-198,1896,538,-635,467,-479
-191,1903,535,-161,150,-98
-195,1895,496,622,990,-160
-216,1881,449,238,-140,-191
-198,1893,443,282,21,-170
-189,1901,438,314,-419,51
-192,1898,459,543,-422,86
-204,1900,462,432,-45,-3
-216,1903,465,378,-161,-8
-212,1918,472,8,-328,-42
-199,1923,481,-285,-269,-120
-182,1901,490,126,298,-80
-188,1882,479,688,-18,109
-192,1867,450,1208,-395,110
-196,1899,448,585,-616,72
-207,1919,470,307,102,-189
-220,1926,497,142,27,-312
-205,1916,513,157,-43,-107
-188,1882,509,566,-469,114
-174,1878,509,396,-476,106
-175,1910,535,-62,210,-96
-189,1921,546,69,282,-194
-198,1907,523,176,126,-105
-197,1886,511,170,191,-69
-203,1893,509,137,674,-199
-210,1918,508,-99,205,-237
-183,1924,514,-248,548,-181
-156,1904,520,-144,440,95
-169,1887,527,-47,774,9
-203,1894,525,-184,288,-148
-196,1905,544,362,728,-120
-210,1913,518,-202,657,-77
-219,1891,470,-23,504,-255
-206,1902,500,-342,839,-222
-199,1907,507,-115,163,-11
-193,1890,496,445,1062,-248
-185,1899,478,-183,914,-326
-196,1898,477,-135,545,-146
-216,1907,493,-114,135,-44
-206,1905,488,140,155,44
-198,1884,464,495,241,69
-202,1880,445,553,-421,157
-195,1904,463,375,-204,127
-191,1913,484,413,-245,192
-183,1896,506,466,-373,374
-184,1874,528,924,-874,621
-188,1867,549,904,-1248,880
-191,1873,575,450,-420,995
-217,1896,612,-212,604,828
-257,1909,664,-932,-86,971
-289,1923,735,-1967,1043,786
-321,1933,804,-2479,636,575
-331,1899,848,-2267,662,198
-313,1833,827,-2211,937,64
-316,1784,788,-2429,223,175
-309,1771,804,-2708,173,206
-283,1769,843,-1085,222,601
-277,1770,770,723,-1940,1696
-258,1731,603,624,833,1735
-249,1733,574,1016,-2638,3051
-281,1838,659,83,-2744,2752
-284,1834,704,10,-1344,1356
-249,1738,704,2322,232,906
-279,1670,594,5575,-2293,1943
-223,1717,536,4159,-7098,3530
-42,1768,539,4297,-5182,4123
102,1859,532,5483,339,3833
62,1941,394,5534,-655,4156
-11,1900,300,6684,-3525,4187
5,1859,277,8886,-2930,4102
60,1968,123,7716,-5704,5027
121,2102,-10,6756,-5743,3551
235,2059,-11,8125,-6640,2621
381,2028,-35,7697,-6336,2260
512,2033,-95,6953,-2384,1844
529,2038,-79,6734,-173,1574
396,2057,-89,6429,-651,1153
244,2000,-118,6514,-5124,1292
244,1936,-77,8127,-7913,1609
341,2009,-9,6739,-3693,820
316,2062,16,4683,1223,-506
187,2014,-29,4454,-2494,-961
107,1955,-92,4920,-7016,-564
177,1985,-135,5860,-8078,355
169,2092,-76,3873,-3447,-42
-38,2063,-182,1910,-2754,-1006
-40,1840,-310,7252,-23205,1098
432,1921,-362,7232,-24579,1986
922,2059,-300,2557,3675,-296
853,2116,-291,2122,16905,-907
305,2043,-366,3254,3178,-1346
-25,1898,-348,6093,-16742,-1473
163,1939,-239,6050,-17497,-360
526,2140,-172,2383,-566,-1070
531,2215,-125,-70,3291,-1558
241,2085,-123,391,-4954,-883
53,1979,-195,701,-12487,-762
111,2057,-242,325,-11533,-865
237,2163,-221,-1962,-6264,-1074
288,2176,-165,-2441,-6732,-672
286,2151,-227,-3557,-9039,633
251,2104,-321,-3640,-3627,-59
73,2075,-328,-3444,1933,-1814
-74,2029,-443,-4186,-8048,-563
52,1885,-592,-4524,-13566,1625
181,1721,-741,-4532,4367,446
-28,1666,-777,782,13219,-1337
-254,1565,-1024,1383,-13283,-203
35,1419,-1184,1855,-17540,189
552,1420,-1042,3292,13436,-619
531,1583,-930,3541,20850,531
249,1889,-781,5248,1107,2758
270,2245,-533,1310,106,1848
465,2694,-211,-934,16451,279
317,2577,-242,-6145,19422,44
-172,1997,-736,-2765,5781,348
-443,1862,-829,7355,-2751,-2756
-245,2112,-664,-2606,-6445,-1258
137,2030,-333,3251,-811,212
330,2128,-415,-7083,7473,-897
589,1835,-469,4232,-2175,1406
926,1936,-722,3953,-192,4328
937,2033,-658,-1341,32767,535
399,1995,-580,-598,32767,-235
-95,2023,-469,-567,-1486,1499
12,1972,-527,1421,-14737,4190
315,1863,-515,927,20075,163
268,2009,-353,3393,31353,-2372
-26,2351,-237,-2669,825,1189
-142,2141,-111,-2551,-492,1254
-93,1886,-113,164,7536,-1022
4,1900,-239,511,-2017,-471
347,1949,-169,3596,-9497,1051
708,2096,-8,-3885,15480,47
468,2125,101,-5261,28919,-2536
-182,2162,-50,-5210,7996,-1749
-468,1843,-293,-2235,-16176,-758
-128,1735,-458,3656,-16639,-1349
478,1998,-419,1221,-194,-283
739,2281,-275,-6567,15507,1109
374,2061,-333,-6495,11339,-1104
141,1829,-341,110,-3050,-1702
274,1906,-353,934,-11407,1019
573,2030,-223,-1865,5977,823
421,1962,-221,-1985,14177,-1712
154,1884,-263,111,-1197,-1529
241,2004,-179,327,-8455,1043
472,2051,-18,-3810,5430,220
436,1961,-8,-1962,7960,-814
244,1991,15,-1900,4379,-1738
77,2016,-102,-3293,-527,-2735
269,1948,-96,-1858,-6077,-876
708,1975,-11,-2150,3678,815
650,2125,37,-3301,22551,-832
8,2117,-56,-6090,13342,-2859
-383,1922,-177,-1992,-7194,-3612
-51,1904,-147,-12,-11617,-1141
430,2042,-64,-4450,5707,-535
402,2015,-47,-5172,12672,-2312
199,1958,-8,-3395,3723,-1954
70,1989,83,-3938,5848,-2850
-96,1987,191,-4641,6058,-3444
-330,2084,308,-5818,2336,-3297
-449,2077,252,-6219,-5136,-5188
-204,1916,225,-2470,-11838,-4768
224,1823,236,-1117,-7913,-2422
515,1877,221,-698,1558,-1712
408,1999,325,-3123,8552,-3266
67,2028,461,-3119,6434,-3470
-213,2028,575,-4592,3660,-4623
-324,1938,572,-2424,-3408,-3792
-215,1781,468,596,-7117,-3158
15,1758,415,2369,-7344,-1343
176,2086,520,-1561,3080,-632
-30,2195,436,-2263,5946,-3112
-191,1943,352,167,899,-2200
-239,1777,387,1482,-2544,-1603
-181,1792,440,877,-2953,-1507
-65,1842,537,526,1489,-1589
-28,1812,659,-81,1500,-1453
-44,1756,628,204,-3994,-261
74,1826,676,346,-2155,526
145,1932,689,-675,2458,365
40,2021,646,-2442,4994,-408
-147,2027,563,-2614,5253,-1481
-299,1973,414,-1694,2637,-2060
-371,1934,230,-1027,-623,-1775
-323,1973,172,731,-5847,-493
-149,2050,256,-1141,-2350,-848
-17,1995,237,-733,436,-1129
49,1879,251,406,2212,-1032
48,1777,300,1633,2971,-494
-100,1776,334,857,284,120
-227,1856,417,1184,-1096,-135
-267,1967,439,1003,-3003,-1
-193,2043,406,37,-3596,360
-60,1973,429,-521,-1044,754
-70,1885,440,-468,3297,431
-256,1965,470,-1945,2552,-746
-324,1974,493,-2786,-810,-696
-176,1832,539,-2450,-7215,1428
203,1701,639,-1519,-9031,4411
594,1712,778,-818,5785,5159
361,2027,800,-4089,19153,2220
-298,2325,591,-6425,10843,-2611
-452,1982,505,-2613,4472,-1139
-443,1787,322,-3393,5224,704
-657,1841,240,-1892,-1437,601
-673,1899,396,-1746,-3189,-1087
-476,1908,380,-2065,-5806,-583
-150,1898,329,507,-239,-518
-51,1941,358,825,-249,-137
-80,1944,449,-1074,307,-325
-87,1848,461,-71,-426,43
-72,1815,504,2636,-2622,662
-67,1904,513,1643,-1185,321
-89,1933,476,557,-792,-41
-103,1896,478,1331,-1673,112
-120,1920,513,1076,656,-705
-147,1915,518,349,673,-893
-138,1876,518,1282,-2565,-129
-21,1901,529,1191,-2836,1059
64,1941,531,315,657,1446
-24,1948,483,331,1793,651
-136,1895,441,435,-1696,195
-113,1828,440,1794,-1822,549
-72,1840,435,1740,-1277,1013
-59,1909,516,1378,544,796
-111,1981,568,100,1329,-64
-146,1937,587,212,726,-439
-130,1854,572,423,-79,-246
-91,1843,607,1248,-1187,157
-73,1908,600,-418,393,-144
-82,1933,615,-467,989,-369
-75,1926,621,-562,1608,-597
-89,1888,578,-910,1293,-856
-103,1875,565,-426,1013,-763
-73,1880,550,107,-563,100
-39,1871,537,249,1463,-120
-90,1901,508,-174,693,-331
-128,1921,537,-255,1157,-652
-119,1896,542,255,1296,-683
-100,1850,508,897,579,-529
-80,1851,493,894,-743,7
-58,1912,531,202,-563,219
-59,1948,545,-588,1035,-14
-112,1902,533,229,864,-196
-174,1880,509,-2,-367,-345
-179,1887,499,-23,-451,-423
-149,1910,502,-381,-81,-575
-114,1923,505,-355,-316,-448
-74,1915,514,-646,205,-193
-81,1894,502,-240,-738,58
-68,1882,513,-56,130,-106
-82,1888,532,-329,445,-139
-101,1892,555,-3,319,-118
-109,1887,547,87,341,-144
-106,1879,512,490,-487,160
-112,1896,517,417,1,228
-143,1895,523,348,325,-56
-168,1882,510,442,-215,-157
-153,1885,518,764,-400,22
-137,1901,541,341,185,12
-154,1889,547,209,-87,-107
-149,1886,557,405,-839,-36
-98,1896,584,456,516,-91
-74,1890,570,-99,671,-80
-71,1875,576,441,428,-12
-81,1885,567,-155,221,236
-79,1886,552,395,442,222
-80,1890,556,165,1055,52
-98,1886,554,131,888,5
-105,1899,565,-99,1257,-90
-122,1910,561,-105,1332,-99
-144,1906,539,306,790,-70
-131,1882,496,199,486,72
-112,1871,476,467,356,108
-109,1897,515,174,1334,-150
-128,1916,560,-145,1334,-383
-141,1907,560,-209,1153,-338
-142,1877,547,420,405,-128
-130,1888,545,146,569,-158
-147,1903,528,-453,930,-595
-132,1897,542,-261,567,-514
-81,1890,537,-4,-1093,109
-1,1882,544,472,1232,263
-48,1889,532,392,458,266
-112,1888,541,-2,1372,-401
-140,1879,554,-19,1486,-564
-140,1883,562,64,765,-279
-126,1892,557,248,413,-101
-109,1895,544,234,353,-68
-115,1905,522,-152,791,-219
-147,1903,528,-248,886,-376
-158,1888,528,-181,191,-279
-159,1886,523,260,-569,-72
-159,1890,504,357,-543,-238
-142,1892,503,331,-373,-235
-140,1901,506,249,-991,-36
-130,1897,531,208,-422,-74
-126,1886,536,128,-502,-139
-119,1887,544,329,-940,10
-97,1879,559,406,-504,-4
-86,1877,573,82,66,-199
-86,1877,590,-52,304,-123
-79,1882,629,779,411,125
-103,1900,596,-53,942,-30
-134,1882,515,544,1050,-354
-131,1889,519,145,524,-55
-123,1895,558,-45,1109,14
-148,1877,582,-47,2124,-236
-208,1862,575,78,539,-121
-196,1870,610,-375,-99,207
-149,1862,655,-960,198,493
-130,1834,703,-1242,982,403
-142,1840,756,-1459,1464,428
-186,1840,813,-1310,2068,286
-280,1828,851,-1923,2163,-133
-387,1802,816,-2601,574,-521
-420,1790,842,-2382,-947,-515
-414,1766,886,-1880,-153,-129
-410,1760,888,-895,-3154,844
-221,1735,929,-74,-3469,1977
-88,1674,781,86,441,2322
-105,1582,660,2700,-51,3246
-181,1574,710,6064,-2724,3185
-183,1686,596,5796,-2609,3253
-93,1833,464,5576,-4587,4420
-29,1920,424,5111,-2799,4657
-46,1949,376,4506,-1957,4586
-52,1942,273,7552,-6436,4845
111,1998,204,8180,-9596,5265
343,2007,105,7427,-4987,5133
551,2038,80,6611,2128,4558
495,2105,127,5282,9862,2728
145,2085,120,4579,5546,935
-128,1993,83,5562,-9408,1123
37,1932,96,7904,-15522,1805
422,1958,115,7667,-8396,1668
644,2037,189,5628,3215,998
426,2093,173,5547,5112,-430
67,2059,55,4538,-1752,-1379
-111,1953,-34,6246,-8338,-1140
-105,1964,-117,6424,-10220,-132
-32,2012,-151,5600,-11500,93
84,1996,-127,5564,-12953,233
160,2016,-91,4694,-9007,-1068
205,2030,-114,5205,-12491,-1179
356,1975,-172,5531,-16024,-498
683,1902,-183,5923,-13015,455
871,2010,-105,3663,3048,-825
654,2193,-124,-1876,12183,-2531
269,2097,-65,1406,884,-1829
15,1986,-197,2761,-14922,-426
68,1946,-359,1690,-11800,-1760
270,1828,-360,4317,-6669,-689
441,1991,-309,2390,-4055,-354
548,2080,-321,443,-2293,-377
621,1963,-346,2053,902,-48
666,1887,-372,2943,2003,639
533,1934,-371,3025,9273,170
188,2073,-336,1982,13386,-1746
-148,2082,-249,895,-164,-1417
-251,2043,-278,1450,-10359,-513
-109,1911,-412,2721,-10059,-1102
183,1895,-465,3946,-5379,-978
373,2162,-317,652,3136,-1197
353,2088,-291,361,1525,-741
289,1939,-411,1092,-3542,74
273,1939,-389,2565,525,477
143,2072,-387,496,3365,739
-6,2037,-465,-1672,-1943,9
-31,1832,-577,350,-6339,461
54,1834,-583,2312,161,-625
129,2013,-637,-561,-3,-176
238,1966,-707,-1905,-5565,1672
363,1862,-742,-482,3293,1509
329,1918,-730,707,11993,-615
80,2041,-843,-956,4290,-413
-79,2027,-818,-2260,132,172
-119,1976,-805,807,982,-1217
-23,1916,-867,397,-4784,-315
261,1828,-756,1577,-3633,383
540,1977,-574,171,10457,0
392,2107,-506,-1199,16783,-510
2,1959,-520,-2229,6414,-213
-226,1840,-517,1624,-4612,-1916
-52,2027,-611,1276,-10646,-1878
508,2023,-627,1595,-9264,1523
923,1955,-508,46,10639,2790
748,2066,-429,-747,28565,224
135,2138,-496,-1918,16765,-1615
-313,1976,-529,-19,-8622,-1482
-204,1807,-546,2483,-16544,255
238,1867,-447,4763,-912,269
537,2191,-383,-1961,16842,-866
357,2191,-403,-4505,17137,-1386
36,1890,-435,-411,4938,-1110
-47,1790,-415,4037,-4394,-675
70,2038,-322,1941,3319,-1176
99,2106,-286,-3890,12140,-1898
27,1892,-216,1065,2697,-631
38,1959,-168,2754,-5606,233
153,2129,-129,-1039,-690,-211
225,2029,-155,-1298,4505,-1334
295,1905,-211,475,725,-1530
383,1963,-185,1980,593,-33
386,2156,-195,-1573,5819,328
256,2121,-272,-3164,8666,-1821
