-104,1954,-706,-631,17,552
-78,1949,-684,-583,505,390
-77,1951,-665,-690,313,271
-94,1945,-656,-754,630,250
-126,1938,-671,-414,96,296
-124,1937,-687,284,-324,240
-107,1946,-697,1033,-161,89
-114,1966,-712,1040,73,61
-117,1980,-734,18,-417,197
-89,1965,-729,-354,-113,143
-60,1937,-707,263,250,-17
-49,1924,-693,1308,309,-87
-62,1933,-707,1578,478,-157
-87,1941,-729,1151,556,-176
-98,1946,-741,303,386,-32
-88,1939,-736,-200,539,27
-82,1923,-727,-303,598,35
-88,1910,-723,-203,422,18
-94,1910,-725,-71,288,12
-106,1925,-724,-389,195,33
-117,1926,-719,-263,72,147
-111,1924,-713,-38,-216,245
-94,1926,-713,-29,-189,257
-87,1925,-718,246,-299,212
-81,1930,-722,424,-146,184
-83,1936,-732,81,-143,138
-87,1942,-735,-182,91,148
-90,1947,-739,-576,-111,191
-82,1946,-729,-646,96,133
-78,1936,-722,-256,96,131
-81,1938,-727,-224,234,23
-86,1936,-730,-298,145,-47
-95,1930,-724,-75,93,27
-101,1928,-725,22,13,112
-105,1932,-725,-225,-73,197
-105,1936,-717,-496,-39,210
-96,1932,-715,-629,-122,149
-89,1925,-705,-498,-68,92
-84,1927,-695,-336,-86,-22
-85,1930,-686,53,164,10
-100,1924,-697,671,-65,93
-93,1925,-716,705,6,47
-78,1936,-727,328,50,-76
-71,1943,-728,97,109,-132
-71,1937,-724,171,380,-145
-78,1935,-728,97,449,-113
-88,1938,-738,-196,499,-50
-101,1934,-739,-312,325,56
-101,1928,-736,-448,233,95
-100,1922,-738,-362,204,84
-105,1925,-739,-358,78,112
-108,1923,-737,-516,-429,246
-94,1917,-724,-220,33,372
-100,1919,-735,171,-96,269
-108,1923,-731,360,-121,169
-123,1933,-720,669,-123,332
-121,1946,-720,533,-218,356
-98,1945,-717,161,117,210
-83,1937,-712,-53,336,122
-83,1930,-704,-56,336,74
-94,1932,-698,-19,354,-9
-108,1936,-701,184,394,-44
-119,1942,-707,85,135,5
-122,1941,-709,414,125,-6
-125,1941,-713,379,18,57
-121,1938,-721,269,-243,124
-103,1939,-725,157,-78,88
-99,1942,-730,61,-43,6
-105,1937,-736,-294,-158,43
-110,1929,-737,-488,-269,142
-106,1924,-731,-400,-439,190
-96,1922,-724,-114,-77,101
-106,1919,-734,90,-190,101
-106,1927,-739,10,-20,81
-107,1931,-733,138,-132,154
-92,1936,-732,-314,-14,121
-86,1937,-742,-417,-79,81
-82,1925,-737,-4,101,-85
-88,1924,-731,401,304,-75
-107,1929,-732,300,114,31
-128,1927,-730,403,-211,226
-126,1921,-735,413,-249,155
-114,1922,-743,245,-246,112
-104,1931,-742,-89,-200,152
-108,1930,-730,124,-213,245
-109,1930,-730,148,-232,189
-107,1930,-737,-160,-404,136
-96,1929,-736,-251,-276,114
-96,1930,-737,-375,-263,140
-105,1926,-733,-495,-227,219
-118,1928,-731,-489,-276,258
-126,1929,-735,-601,-640,300
-119,1929,-736,-708,-648,281
-112,1929,-733,-750,-777,252
-111,1927,-723,-604,-642,318
-121,1926,-724,-316,-549,474
-129,1935,-734,-566,-1097,445
-118,1936,-725,-457,-821,500
-114,1942,-725,-551,-739,584
-112,1943,-730,-699,-910,596
-93,1942,-720,-842,-382,510
-86,1949,-713,-895,-121,387
-93,1958,-708,-1369,-99,444
-103,1944,-706,-1374,-52,519
-100,1934,-709,-1149,-74,381
-91,1942,-701,-1091,482,58
-89,1956,-695,-1398,479,-43
-72,1968,-685,-1662,754,-99
-61,1980,-662,-1550,1144,-218
-67,1980,-645,-1407,1375,-265
-89,1976,-637,-1444,1510,-182
-118,1958,-643,-1325,1150,-109
-132,1944,-632,-994,948,-228
-138,1929,-615,-191,748,-337
-140,1927,-608,152,697,-277
-143,1933,-608,421,590,-79
-137,1943,-616,491,299,-66
-119,1947,-619,562,643,-152
-119,1958,-632,162,706,-84
-128,1957,-640,-33,557,-85
-129,1954,-635,289,693,-3
-129,1961,-652,479,552,-72
-131,1959,-663,687,420,-114
-138,1956,-666,866,459,-131
-141,1960,-679,540,322,-128
-137,1961,-687,0,132,-18
-133,1958,-679,-287,184,-6
-128,1958,-662,-455,160,-2
-122,1959,-652,-578,375,68
-126,1954,-653,-680,169,134
-132,1938,-656,-142,-57,124
-138,1937,-657,23,-16,45
-145,1940,-659,97,-164,16
-143,1941,-653,220,-119,101
-143,1939,-656,536,-450,255
-136,1941,-661,693,-390,289
-131,1950,-676,275,-516,230
-124,1956,-680,-138,-417,240
-118,1952,-672,15,-490,270
-114,1950,-659,136,-360,283
-121,1952,-664,120,-303,355
-133,1951,-678,40,-742,425
-121,1949,-680,210,-503,403
-111,1961,-682,-163,-309,287
-110,1963,-683,-215,-541,261
-98,1957,-660,-64,-159,335
-101,1958,-662,-126,3,401
-106,1967,-664,-689,-170,379
-106,1957,-658,-461,88,340
-109,1949,-664,-361,-40,212
-107,1958,-668,-645,-7,103
-106,1958,-656,-362,206,135
-104,1961,-656,-228,258,144
-103,1964,-656,-360,329,110
-106,1964,-655,-442,465,73
-114,1962,-654,-532,340,56
-115,1960,-650,-669,500,36
-115,1960,-644,-701,531,10
-119,1963,-639,-733,500,36
-121,1958,-635,-724,459,57
-121,1955,-635,-681,455,51
-123,1955,-633,-995,401,21
-129,1944,-626,-634,321,103
-136,1939,-626,-101,87,199
-133,1941,-626,230,214,130
-126,1945,-626,342,110,179
-116,1954,-630,398,368,251
-118,1958,-646,282,174,282
-121,1960,-652,37,226,301
-123,1967,-646,-230,156,329
-117,1964,-642,-277,212,359
-110,1957,-631,-81,364,290
-114,1958,-625,66,422,199
-122,1970,-633,-429,368,228
-130,1974,-635,-686,173,264
-127,1968,-629,-505,186,275
-124,1969,-621,-470,236,209
-128,1965,-620,-285,212,175
-131,1965,-616,-97,81,185
-132,1965,-612,75,76,186
-129,1968,-611,180,96,196
-129,1964,-619,393,-8,248
-125,1960,-627,758,-60,209
-117,1964,-637,703,35,135
-115,1970,-646,461,-146,161
-111,1968,-643,635,208,257
-117,1968,-648,723,-27,333
-108,1969,-661,196,-51,358
-98,1968,-661,-213,23,421
-91,1963,-658,-142,68,336
-94,1952,-660,-1,-1,273
-102,1947,-653,395,85,300
-108,1956,-655,617,-218,354
-90,1957,-668,216,-240,355
-71,1953,-661,-30,-103,324
-69,1951,-650,95,106,202
-81,1948,-648,45,-124,238
-81,1941,-651,563,-23,308
-80,1944,-668,729,-87,208
-83,1954,-682,648,-66,143
-85,1964,-690,282,-77,124
-82,1961,-685,31,73,133
-79,1955,-670,100,234,159
-78,1953,-666,-88,301,134
-77,1956,-671,-557,409,71
-87,1953,-670,-746,211,59
-95,1949,-663,-564,324,62
-104,1950,-657,-427,94,39
-103,1954,-654,-303,234,100
-101,1957,-654,-236,90,148
-97,1952,-657,-145,146,133
-97,1956,-652,16,485,81
-114,1965,-662,-311,-50,210
-103,1958,-652,-471,230,101
-101,1950,-641,35,288,120
-100,1953,-645,316,207,91
-99,1962,-656,-66,243,56
-105,1962,-659,-295,152,10
-106,1962,-658,-280,138,6
-104,1956,-657,-130,146,79
-96,1949,-655,85,131,59
-89,1946,-665,363,65,51
-88,1947,-667,525,273,13
-98,1953,-665,535,221,11
-97,1956,-664,262,2,105
-81,1944,-661,340,308,151
-73,1938,-665,252,425,161
-75,1942,-674,-66,549,147
-80,1956,-678,-458,566,125
-93,1966,-673,-586,563,185
-100,1966,-674,-492,317,230
-96,1965,-677,-808,408,210
-97,1961,-673,-891,208,157
-92,1956,-656,-744,528,52
-100,1961,-652,-617,568,43
-107,1962,-652,-600,302,17
-105,1954,-642,-421,483,-57
-108,1952,-634,-291,420,-100
-103,1952,-627,-264,478,-96
-102,1953,-626,-195,450,-165
-103,1952,-630,-258,562,-304
-111,1954,-626,-90,482,-289
-118,1951,-625,68,420,-295
-122,1941,-636,366,95,-321
-119,1942,-639,904,103,-406
-128,1947,-647,1278,-66,-351
-139,1955,-655,1115,-70,-158
-135,1959,-668,730,-474,-19
-111,1956,-675,490,-122,-140
-100,1956,-676,341,-220,-141
-89,1958,-676,255,202,-150
-101,1952,-678,342,209,-45
-116,1952,-688,76,-17,100
-113,1952,-687,-27,86,113
-106,1953,-690,-231,80,28
-106,1944,-689,-455,73,75
-102,1937,-680,-340,188,128
-102,1942,-682,-264,246,108
-106,1938,-678,-178,-129,135
-95,1932,-665,67,276,14
-97,1937,-666,213,244,-53
-103,1946,-670,217,129,-21
-111,1946,-667,472,154,44
-111,1946,-677,414,126,0
-116,1950,-689,392,130,34
-125,1949,-692,497,-49,103
-121,1953,-694,491,125,124
-114,1961,-701,269,142,82
-114,1966,-705,-140,215,110
-111,1963,-704,-381,379,143
-110,1962,-700,-752,511,102
-116,1959,-695,-1103,435,51
-117,1954,-682,-1146,443,61
-122,1947,-673,-920,547,26
-131,1949,-673,-1010,457,25
-127,1950,-661,-894,411,22
-120,1946,-655,-526,605,-76
-126,1947,-654,-342,487,-110
-128,1950,-653,-440,415,-135
-127,1949,-646,-330,646,-150
-131,1948,-650,36,445,-138
-129,1947,-654,101,500,-155
-135,1949,-658,405,564,-105
-144,1960,-670,90,252,-130
-144,1961,-669,-210,294,-71
-136,1956,-658,-336,239,-41
-128,1951,-651,-185,357,-54
-129,1950,-650,-9,276,-18
-135,1951,-655,77,239,64
-136,1952,-659,32,17,93
-130,1951,-658,175,54,-11
-126,1956,-663,50,96,-10
-125,1955,-665,-92,299,41
-127,1950,-662,-158,176,120
-116,1947,-658,-230,400,110
-125,1946,-658,-327,415,88
-136,1940,-669,66,212,107
-135,1949,-672,-165,216,111
-136,1960,-671,-114,253,214
-135,1958,-682,-171,19,220
-130,1956,-680,-485,88,235
-123,1949,-672,-455,126,177
-130,1947,-665,-68,187,119
-142,1942,-671,-232,-271,181
-134,1935,-662,72,105,78
-140,1942,-657,340,113,36
-150,1949,-658,206,-324,94
-135,1946,-651,174,13,-3
-135,1944,-649,190,71,-65
-139,1945,-654,3,-192,-48
-136,1948,-648,-58,127,-92
-143,1948,-653,23,-212,-51
-143,1952,-654,122,-201,-131
-137,1960,-648,88,-75,-204
-141,1959,-653,-2,-59,-164
-145,1954,-663,-53,-165,-67
-143,1951,-662,-57,-56,-95
-146,1953,-664,48,-210,-111
-147,1962,-668,-523,-77,-58
-144,1958,-663,-455,11,33
-145,1955,-656,-89,81,81
-156,1970,-660,-359,262,239
-186,1969,-682,-500,-930,557
-150,1947,-696,-808,49,513
-149,1953,-687,-947,186,451
-163,1955,-691,-805,-537,564
-134,1949,-691,-717,32,406
-123,1959,-685,-611,339,250
-120,1979,-677,-1398,259,89
-117,1972,-661,-1548,765,23
-123,1974,-646,-1848,873,-56
-120,1971,-625,-2318,838,-246
-102,1966,-600,-2531,1213,-473
-125,1952,-573,-1978,1502,-547
-185,1945,-551,-1292,885,-350
-215,1945,-559,-894,249,-201
-210,1943,-573,-329,-177,-157
-204,1937,-576,336,-518,-91
-195,1943,-579,735,-537,-63
-187,1958,-590,661,-586,127
-176,1970,-604,562,-637,276
-148,1983,-609,236,-311,303
-127,1986,-607,30,-95,365
-116,1984,-604,361,322,302
-127,1987,-622,208,108,389
-131,1988,-636,-792,241,352
-138,1977,-631,-955,28,489
-131,1975,-616,-409,397,444
-132,1974,-606,-87,194,287
-135,1973,-595,-219,334,347
-149,1970,-591,-332,62,524
-144,1957,-580,-154,27,508
-138,1957,-559,108,292,465
-139,1955,-560,408,235,430
-141,1963,-567,550,259,405
-134,1972,-574,608,325,365
-125,1982,-575,262,526,212
-124,1980,-576,429,552,170
-132,1981,-573,498,494,193
-139,1988,-581,347,504,216
-145,1985,-593,227,340,204
-148,1983,-598,307,271,184
-147,1979,-598,121,163,131
-145,1978,-596,23,-91,179
-129,1968,-593,-42,-109,221
-115,1959,-581,441,164,172
-117,1963,-590,457,255,203
-128,1965,-602,367,-12,320
-128,1953,-618,802,102,282
-135,1957,-626,891,488,213
-148,1970,-649,413,-524,412
-115,1962,-638,540,-12,263
-106,1957,-618,1066,224,174
-108,1967,-624,687,186,201
-116,1970,-630,76,113,271
-124,1960,-632,48,46,291
-117,1961,-633,45,271,245
-113,1966,-636,-141,350,254
-114,1968,-633,-193,330,233
-106,1966,-624,-95,341,221
-104,1968,-626,94,356,170
-108,1968,-629,14,308,156
-111,1962,-630,139,496,187
-118,1961,-634,-9,491,130
-119,1965,-642,-104,214,109
-109,1963,-631,-97,554,117
-112,1956,-633,308,449,100
-110,1963,-636,81,289,42
-105,1966,-637,-31,665,-14
-106,1967,-647,-139,540,-99
-106,1967,-640,-415,702,-80
-120,1963,-629,-300,479,57
-128,1954,-636,67,447,140
-130,1950,-642,75,117,47
-133,1948,-645,498,199,-27
-127,1949,-649,809,238,-40
-124,1959,-651,582,411,-51
-130,1963,-655,277,164,85
-123,1962,-659,29,192,175
-112,1960,-664,-26,305,135
-119,1965,-665,15,411,117
-137,1961,-669,-24,90,138
-140,1955,-673,-112,3,159
-130,1950,-672,-266,109,138
-125,1950,-669,-223,206,102
-129,1951,-660,-149,-86,170
-121,1954,-652,-115,24,185
-123,1955,-655,-273,15,140
-119,1951,-661,-196,-192,99
-110,1962,-656,-289,-102,42
-113,1962,-644,58,24,67
-114,1960,-651,79,-22,64
-112,1963,-656,-273,-103,61
-96,1952,-650,-241,345,-96
-104,1951,-644,-237,375,-121
-121,1952,-648,-20,-129,-71
-116,1947,-635,251,198,-61
-113,1949,-650,364,213,-93
-112,1954,-665,-22,107,-61
-108,1952,-662,-141,216,0
-111,1948,-657,26,383,-41
-114,1948,-663,-58,274,-16
-112,1951,-664,-268,307,4
-110,1950,-663,-327,340,28
-107,1946,-661,-250,372,8
-118,1947,-660,-52,378,5
-133,1952,-659,-13,196,51
-134,1955,-658,-96,270,69
-130,1958,-664,-347,102,134
-118,1954,-665,-507,312,142
-123,1956,-658,-455,270,113
-131,1955,-649,-441,253,122
-140,1951,-648,-398,22,176
-131,1951,-642,-467,26,151
-122,1952,-640,-236,428,172
-126,1960,-651,-409,251,182
-125,1960,-646,-532,421,191
-126,1963,-644,-591,526,245
-132,1967,-652,-740,245,250
-128,1964,-647,-717,116,194
-118,1965,-633,-372,646,131
-133,1970,-632,-393,199,185
-136,1966,-626,-406,301,323
-138,1961,-621,-514,275,262
-140,1966,-615,-809,158,244
-137,1965,-611,-650,44,282
-123,1965,-606,-472,131,183
-119,1967,-604,-305,187,166
-122,1971,-609,-443,166,186
-128,1978,-615,-637,-56,215
-118,1977,-612,-621,-1,161
-107,1973,-606,-379,290,81
-122,1985,-608,-479,110,203
-121,1981,-606,-650,46,228
-106,1974,-595,-358,494,107
-113,1974,-597,-437,233,132
-113,1965,-592,-478,108,129
-104,1956,-587,-33,335,106
-105,1956,-593,-23,241,28
-109,1963,-584,-1,234,-40
-118,1965,-577,384,117,170
-114,1972,-599,484,75,195
-104,1971,-608,345,146,167
-101,1972,-612,283,157,128
-103,1971,-614,224,52,113
-100,1965,-603,348,252,113
-99,1964,-603,246,221,61
-99,1962,-605,262,194,46
-98,1961,-604,380,271,99
-101,1964,-610,473,420,92
-118,1975,-618,530,359,169
-134,1985,-628,441,17,332
-121,1984,-636,204,-35,330
-100,1980,-634,-55,84,157
-95,1973,-621,-115,306,106
-107,1968,-611,-203,156,108
-118,1960,-610,-302,178,138
-132,1956,-610,-195,36,175
-138,1965,-610,-413,-105,198
-124,1963,-605,-298,62,195
-106,1958,-610,-201,176,157
-100,1960,-622,-544,262,60
-116,1967,-610,-593,-59,146
-116,1961,-602,-169,189,101
-120,1964,-614,-140,169,178
-118,1973,-630,-314,-213,307
-101,1968,-624,-241,147,155
-99,1965,-617,-51,273,84
-97,1967,-621,-6,288,144
-99,1973,-621,105,217,175
-94,1976,-622,241,307,76
-89,1972,-632,130,422,7
-90,1973,-628,2,591,-42
-96,1970,-615,79,604,-1
-101,1964,-605,285,692,32
-103,1959,-607,212,559,75
-102,1962,-600,175,841,110
-116,1966,-600,-274,549,167
-111,1956,-597,-434,545,161
-100,1949,-589,160,626,121
-106,1960,-600,226,556,39
-124,1963,-603,422,435,89
-128,1962,-615,388,263,147
-118,1958,-626,365,157,57
-117,1950,-629,617,278,-2
-119,1953,-633,589,397,-45
-140,1955,-627,780,467,204
-148,1969,-643,608,-7,341
-137,1977,-661,397,-151,272
-116,1980,-665,-61,-87,203
-108,1970,-662,-128,242,145
-127,1965,-658,-291,-1,265
-134,1960,-653,-378,-156,303
-118,1941,-652,21,751,212
-134,1942,-672,-744,125,516
-143,1931,-698,-1379,-1130,770
-109,1915,-703,-1207,-1004,769
-106,1910,-709,-1478,-3008,1052
-93,1881,-718,-989,-4564,1192
-48,1867,-722,-456,-5475,1557
15,1866,-729,119,-5492,2057
100,1871,-772,-938,-6428,1647
189,1860,-774,-1077,-5563,1268
224,1846,-782,-144,-5508,1255
269,1828,-831,-235,-4964,1199
307,1823,-889,-1407,-4091,1036
320,1810,-946,-3432,-4552,985
327,1815,-939,-3795,-3845,1058
296,1833,-890,-2285,-2804,1507
233,1862,-875,180,-3795,1971
202,1881,-934,4023,-4664,2622
192,2138,-981,-327,-3919,2849
155,2257,-1046,-3709,-5022,3861
150,2386,-969,-7584,-5056,3699
60,2507,-765,-6974,-3559,3074
-121,2563,-563,-7294,-6351,2354
-136,2504,-358,-7155,-3961,778
-184,2436,-150,-6706,-2223,-687
-241,2324,7,-4579,-4972,-1127
-249,2180,134,2035,-4307,-995
-277,2117,168,8036,-4824,-1468
-352,2060,51,10435,-6012,-2080
-382,2044,-123,7011,-5585,-3143
-356,1986,-276,2601,-5589,-4410
-261,1939,-303,47,-3387,-5581
-207,1828,-279,169,-3808,-4589
-94,1717,-286,-1008,-2096,-3526
-76,1650,-287,82,-682,-2892
-133,1632,-206,7676,552,-2809
-248,1667,-216,15153,-1292,-2198
-269,1733,-292,18690,-1207,-2117
-273,1767,-475,16640,-1472,-2595
-313,1763,-649,12037,-1651,-3379
-396,1660,-746,12606,-1285,-2818
-466,1599,-768,14131,-2903,-2197
-546,1584,-772,14555,-8790,-2668
-676,1553,-901,12195,-3648,-1629
-781,1542,-949,10141,-5506,-1231
-786,1490,-907,16717,-6673,-1070
-645,1451,-866,21638,-3533,-1261
-692,1496,-1032,18287,-8045,104
-661,1630,-1165,11704,-6850,191
-663,1649,-1282,6262,-4108,-220
-681,1626,-1288,852,-3171,495
-646,1590,-1194,-866,-4847,739
-524,1544,-1054,2178,-4201,269
-401,1411,-1031,9223,-2074,-586
-348,1361,-1114,14499,-143,-1448
-391,1373,-1340,17298,485,-897
-501,1542,-1621,11503,881,702
-564,1750,-1894,6366,656,-70
-494,1920,-2056,1171,3345,-1755
-499,1975,-2129,-5912,4483,-1153
-647,1964,-2106,-8563,6029,-1149
-787,1895,-2097,-11105,3197,-1581
-532,1829,-1948,-10844,3899,-3911
-336,1599,-1901,-10540,7675,-2881
-331,1508,-1800,-12555,10720,-2175
-555,1520,-1748,-14754,7621,-1243
-677,1613,-1664,-20583,5292,-346
-589,1418,-1576,-21224,7779,-651
-465,1265,-1396,-21754,9137,-1263
-556,1300,-1176,-24863,6160,-964
-675,1397,-925,-27215,3521,-487
-687,1237,-739,-7618,5268,1014
-552,1255,-632,-246,6131,1112
-569,1529,-680,-6628,6008,-984
-731,1742,-816,-19936,3445,-2035
-746,1552,-861,-15945,934,-210
-578,1533,-657,-6540,3547,2010
-532,1696,-488,-4412,5905,1716
-603,1815,-473,-4518,3049,-238
-509,1895,-473,-7221,3973,-1049
-416,1864,-470,-10586,5040,285
-416,1833,-378,-10248,6772,801
-426,1865,-226,-5314,7880,-291
-417,1932,-133,-2580,8640,-985
-420,1942,-129,-4342,11804,-328
-565,1920,-194,-10627,10305,1450
-656,1814,-175,-14616,10564,2477
-758,1736,-85,-19070,11034,3345
-845,1740,-23,-28410,8561,2949
-758,1560,374,-22400,-3378,1786
-436,1403,941,6025,3310,1767
-442,1564,531,14891,986,1561
-464,1899,-61,6662,-2062,1938
-499,2206,-300,406,-6514,2927
-317,2180,-374,765,-13590,4195
216,2167,-306,1186,-4408,2410
290,2038,-364,3469,-3721,2437
310,2006,-505,9969,-6270,2247
469,2073,-680,17054,-2649,1676
547,2207,-1020,15334,-2896,885
651,2348,-1249,11193,-4658,-221
804,2517,-1281,2923,2566,-809
561,2443,-1255,-5323,3116,974
252,2234,-1067,-6873,1195,2327
41,1969,-768,-1108,446,4003
-76,1757,-541,4296,628,4334
-72,1689,-466,5102,177,3072
8,1752,-445,4745,725,1181
28,1854,-422,5389,-522,47
37,1943,-411,5036,-9,-584
-12,1999,-446,4407,9,-392
-72,2079,-491,2610,-836,430
-125,2158,-517,-614,-835,1681
-123,2165,-536,-1735,-1591,2043
-96,2173,-519,-965,-1018,1728
-77,2170,-518,-1220,-1169,1326
-16,2161,-515,-2000,-523,779
21,2169,-497,-3379,-47,231
13,2142,-451,-4422,1942,147
-44,2075,-394,-1985,1001,518
-75,2028,-356,851,962,729
-83,2041,-414,427,803,538
-44,2068,-493,-2027,384,-82
-16,2082,-477,-2900,713,-642
-29,2062,-427,-2010,1377,-698
-45,2043,-401,-1326,1014,-751
-50,2014,-387,-16,1384,-753
-75,1994,-381,402,1070,-783
-90,1985,-379,390,803,-772
-104,1981,-368,774,670,-758
-115,1969,-361,1568,344,-565
-98,1955,-382,2849,152,-394
-67,1967,-426,3481,448,-432
-57,2004,-490,2375,215,-416
-24,2044,-540,398,714,-606
-30,2056,-546,-186,633,-686
-57,2055,-534,866,599,-382
-67,2053,-527,931,797,-299
-69,2045,-529,986,1056,-366
-66,2051,-541,-528,1293,-416
-72,2040,-532,-2180,1352,-345
-79,1996,-483,-1875,1557,-176
-96,1960,-434,-325,1418,60
-120,1924,-426,2261,660,243
-114,1946,-458,1994,757,55
-90,1987,-495,730,860,-303
-97,2018,-498,874,860,-448
-96,2017,-506,1023,278,-459
-62,2005,-502,1253,759,-471
-53,1998,-514,741,880,-464
-83,1992,-521,559,594,-463
-114,1985,-510,365,376,-412
-130,1973,-508,793,-21,-210
-124,1966,-520,780,-878,-26
-93,1955,-522,964,-676,146
-71,1962,-531,777,-639,169
-62,1973,-540,179,-597,150
-66,1972,-559,304,-704,132
-68,1957,-578,581,-685,314
-68,1952,-588,1001,-448,605
-68,1962,-606,725,-519,641
-60,1969,-622,-139,-856,508
-37,1970,-610,-133,-272,380
-52,1969,-604,1139,-575,587
-51,1976,-621,932,-672,762
-33,1984,-635,254,-60,596
-48,1984,-639,-150,34,644
-57,1978,-635,-405,-303,797
-47,1974,-610,-250,157,771
-55,1976,-594,-218,64,774
-54,1974,-588,-257,-209,789
-41,1981,-580,-386,163,744
-37,1990,-576,-411,256,701
-21,1987,-577,-34,-75,588
5,1981,-571,173,948,256
-18,1992,-576,-12,1140,214
-43,2005,-584,-764,691,198
-37,1999,-579,-513,956,129
-38,2000,-564,35,1344,61
-50,1995,-574,672,1184,64
-54,1996,-596,-178,1230,63
-54,1994,-600,-673,1159,-57
-65,1985,-581,-472,1002,-110
-66,1969,-568,-229,735,-114
-51,1959,-557,114,959,-200
-59,1966,-555,347,1125,-204
-78,1968,-580,337,431,-127
-68,1964,-590,404,432,-68
-73,1974,-599,1224,692,-32
-90,1986,-613,1227,251,153
-78,1996,-613,799,-110,177
-47,2003,-612,457,657,-28
-51,2000,-620,220,-45,121
-41,1990,-618,145,210,142
-42,1991,-612,-397,256,96
-49,1989,-597,-371,501,11
-71,1985,-593,-191,246,88
-76,1982,-601,-290,76,264
-63,1982,-608,-753,-102,248
-46,1972,-592,-1104,-162,206
-33,1957,-577,-1259,-52,123
-40,1941,-575,-1291,-539,114
-41,1925,-572,-915,-518,165
-33,1919,-568,-420,-435,160
-34,1924,-575,375,-541,96
-34,1935,-591,800,-540,67
-37,1956,-613,1048,-426,221
-33,1961,-634,1202,-418,465
-20,1968,-656,128,-358,587
-13,1965,-657,-93,-148,506
-19,1967,-634,35,47,580
-21,1972,-626,242,143,524
-16,1978,-630,-314,104,374
-11,1978,-619,-799,378,275
-30,1970,-620,-341,297,315
-37,1972,-615,-118,-53,304
-47,1983,-602,-87,6,347
-40,1983,-587,-35,120,236
-34,1978,-576,143,360,167
-41,1977,-585,77,-87,213
-36,1980,-586,255,287,154
-48,1989,-585,208,259,77
-55,1992,-581,-131,202,107
-51,1985,-576,-26,381,65
-41,1976,-588,495,-93,-22
-18,1990,-602,364,964,-218
-37,2001,-618,-103,458,-237
-42,1998,-594,-62,906,-321
-55,1994,-590,-376,667,-311
-71,1977,-587,-467,378,-196
-66,1954,-584,-343,356,-94
-54,1956,-588,-292,439,-65
-63,1956,-582,-67,-71,107
-55,1946,-580,-146,-394,112
-35,1932,-585,88,-22,-9
-36,1925,-599,578,-358,103
-33,1937,-611,1308,510,280
-51,1958,-631,1278,-178,560
-48,1962,-653,902,-201,564
-33,1957,-658,76,-722,381
-14,1949,-645,-260,-98,353
-4,1947,-656,-219,-482,337
10,1949,-646,-173,126,414
9,1952,-646,-267,220,371
6,1962,-644,-860,265,327
5,1952,-639,-935,372,289
8,1943,-636,-899,371,242
18,1945,-629,-731,1104,147
1,1952,-638,-174,793,236
-13,1964,-644,516,1257,175
-30,1981,-646,445,2229,72
-75,1989,-657,-168,812,369
-66,1962,-669,-375,154,258
-24,1934,-662,106,-376,-25
32,1905,-662,828,-425,-487
70,1904,-688,389,-839,-826
74,1871,-705,224,-2303,-1128
99,1822,-691,872,-2744,-1488
124,1808,-692,1759,-2744,-1634
147,1820,-723,2105,-2508,-1399
183,1843,-774,2062,-2568,-1234
219,1885,-807,2252,-2336,-778
236,1931,-887,-489,-1830,-384
232,1943,-955,-3456,-2260,146
269,1942,-969,-6306,-1165,136
305,1955,-954,-7889,-925,309
366,1928,-927,-4127,3419,-68
242,1947,-968,-1187,686,675
22,2113,-1011,-2918,-4599,2725
-184,2331,-1004,-7015,-8886,4988
-86,2315,-965,-7695,-9761,3447
143,2304,-753,-341,-6917,1125
150,2407,-598,5878,-5971,-108
18,2513,-607,2287,-5807,399
-83,2588,-608,-8113,-4564,-655
-130,2556,-479,-17920,-2069,-2843
-249,2354,-170,-17660,-80,-4061
-372,2121,198,-6435,-1994,-3337
-388,1914,507,9006,-797,-3356
-412,1812,500,19361,-2080,-3596
-357,1820,285,20182,-805,-4628
-320,1842,-52,12440,24,-5390
-279,1831,-320,3740,550,-5540
-265,1769,-386,-1230,1478,-4606
-298,1690,-323,116,1111,-2786
-279,1652,-185,3577,2257,-1872
-349,1582,-123,9126,570,-1124
-433,1548,-133,16307,-1361,-866
-488,1565,-240,22294,229,-618
-583,1572,-504,24151,-2792,-28
-598,1594,-775,23443,-8438,-1098
-571,1614,-1006,16558,-3284,-793
-623,1585,-1195,7798,-5260,-375
-612,1506,-1214,6961,-3903,-105
-625,1421,-1142,7381,-3377,807
-654,1352,-1044,14990,-4561,875
-699,1342,-1016,19111,-4849,648
-779,1309,-1110,22533,-6030,1371
-850,1432,-1388,12513,-15190,1524
-697,1497,-1569,2300,-6872,743
-686,1455,-1609,-4823,-7964,1439
-639,1492,-1382,-5100,-8369,1699
-586,1440,-1220,1919,-7385,1527
-510,1453,-1145,7684,-6034,932
-458,1527,-1137,11589,-4601,1416
-462,1570,-1285,16371,-3267,1896
-463,1601,-1578,16398,-2736,934
-417,1719,-1858,8267,1656,-379
-565,1797,-2106,-703,2765,268
-712,1833,-2140,-7111,2985,981
-691,1764,-2054,-9931,4776,875
-618,1647,-1873,-9471,6394,1017
-548,1567,-1674,-3679,1741,-706
-575,1403,-1636,36,5476,704
-610,1445,-1619,-1726,4303,-402
-627,1402,-1622,-2363,5705,561
-593,1452,-1638,-6781,1554,1368
-346,1515,-1676,-17111,7314,-1083
-383,1411,-1810,-25699,7319,-1463
-617,1423,-1712,-32768,4367,120
-714,1426,-1437,-32768,3634,941
-728,1296,-1120,-31248,2624,695
-671,1238,-740,-22706,4145,496
-667,1266,-443,-6441,3840,1302
-626,1398,-336,-970,909,1576
-579,1427,-494,3585,3277,1503
-663,1636,-665,-5675,249,2238
-637,1729,-773,-10171,-1354,1808
-516,1642,-774,-5018,404,928
-575,1761,-680,-578,1510,2048
-445,1873,-663,-3880,512,537
-197,1896,-663,-8446,4360,-2181
-211,1821,-634,-7539,5593,-2309
-282,1735,-560,-1130,5147,-1044
-345,1744,-469,3100,10096,499
-475,1833,-502,2570,8381,963
-504,1923,-574,-6881,10428,1009
-424,1974,-633,-16181,8541,913
-399,2000,-470,-19804,11940,2196
-407,1956,-205,-18941,12591,1691
-544,1972,73,-14698,14938,1461
-730,1895,253,-10152,6748,1708
-702,1717,437,-2117,6987,1119
-730,1618,489,8336,3953,1725
-637,1732,352,10971,5757,2783
-531,1911,55,2911,2919,2664
-378,1985,-168,-7527,91,1993
-160,1970,-154,-9413,-143,1621
-40,1971,-84,-4253,-3029,2370
91,2056,49,5697,1323,2843
222,2164,23,14545,-2133,2140
493,2195,-128,24300,2674,1272
651,2202,-434,30552,8247,1436
475,2308,-1177,19151,5779,2812
382,2483,-1811,-6470,7625,2511
246,2458,-1883,-25772,2870,2278
259,2183,-1418,-25308,2544,2522
333,1899,-810,-11100,3171,2712
400,1738,-483,1423,5686,2350
439,1724,-496,6939,6411,1063
374,1783,-650,5106,5825,386
212,1860,-783,-26,1495,111
47,1879,-693,-419,284,281
-123,1905,-609,-1639,-3623,303
-196,1925,-539,-4451,-4639,-521
-170,1881,-447,-1907,-6147,-1112
-38,1854,-353,5159,-4085,-976
102,1868,-383,9723,-3051,-718
170,1933,-529,8788,-2428,-332
187,2004,-678,4609,-372,-310
26,2077,-739,-143,-1585,724
-59,2055,-754,-4863,-4712,950
14,2009,-582,-3861,-2586,332
61,1938,-408,2235,-1459,199
124,1950,-406,6028,619,160
131,1966,-523,6033,-243,337
133,2042,-649,1612,486,-25
91,2116,-719,-4110,563,-379
-6,2116,-671,-6545,156,-74
-60,2068,-544,-3395,364,649
-48,2028,-485,900,491,957
-23,2042,-515,1352,274,876
32,2102,-560,-1223,1275,92
28,2119,-526,-2701,2258,-639
-21,2080,-436,-715,2141,-809
-28,2054,-382,797,2144,-955
-21,2045,-404,-9,2748,-1132
-55,2037,-426,-326,2944,-1224
-91,2018,-396,103,2827,-1349
-111,1995,-365,1251,2511,-1366
-119,1981,-383,2387,1826,-1370
-111,1973,-436,2369,1215,-1413
-109,1965,-475,2550,1537,-1131
-136,1965,-506,3039,334,-910
-137,1966,-542,3343,321,-783
-112,1988,-570,3008,390,-912
-88,2002,-613,2860,-402,-949
-48,2021,-646,1029,114,-1007
-22,2011,-640,-204,975,-1066
-43,1994,-623,-129,1566,-855
-84,1978,-619,89,1010,-477
-95,1965,-616,206,1077,-332
-99,1950,-624,432,878,-295
-113,1948,-642,6,553,-124
-118,1932,-658,-257,-144,91
-113,1924,-637,786,-142,237
-118,1941,-630,1565,-503,256
-113,1965,-642,1761,-457,210
-95,1976,-659,1024,-457,225
-77,1970,-666,361,-412,385
-86,1957,-670,-5,-476,505
-90,1947,-662,36,-382,502
-88,1941,-656,570,-502,378
-87,1954,-654,605,-79,185
-97,1965,-661,447,-222,239
-94,1971,-675,271,-400,283
-78,1982,-680,-497,-274,115
-64,1987,-669,-634,370,-161
-83,1971,-661,402,257,-95
-82,1964,-664,781,532,26
-82,1958,-682,0,776,-92
-84,1943,-689,-280,485,-179
-72,1933,-669,62,901,-580
-71,1919,-654,487,1159,-749
-81,1908,-661,1131,782,-555
-87,1913,-687,719,786,-457
-78,1904,-715,485,-174,-482
-52,1902,-722,915,845,-732
-95,1910,-736,1810,546,-542
-128,1915,-752,2678,60,-250
-123,1914,-762,3140,-446,-11
-86,1912,-784,2040,-357,-158
-50,1900,-795,562,-351,-374
-50,1887,-781,209,37,-363
-80,1879,-757,558,-45,-125
-99,1868,-741,1408,-524,166
-91,1877,-747,1663,-607,-14
-100,1891,-756,2072,533,-173
-141,1908,-781,2274,-177,9
-136,1923,-803,2699,-79,209
-110,1937,-850,2313,286,210
-108,1960,-888,360,504,1
-118,1960,-891,-964,424,-193
-114,1943,-867,-1193,518,-355
-118,1937,-831,-957,1226,-417
-147,1935,-802,-492,1233,-186
-165,1931,-790,-748,756,35
-153,1919,-784,-1663,618,-123
-142,1907,-773,-2313,278,-299
-132,1891,-752,-2413,104,-366
-135,1873,-739,-2042,-538,-363
-134,1863,-724,-1639,-86,-432
-168,1858,-720,-408,-713,-230
-183,1861,-723,891,-986,-66
-174,1873,-742,1511,-1301,102
-147,1880,-757,2080,-869,144
-149,1876,-779,2908,-1031,322
-142,1886,-811,2679,-897,384
-127,1916,-847,1709,-367,400
-131,1950,-879,-71,-364,484
-118,1960,-877,-1604,-316,400
-92,1947,-852,-2081,415,227
-103,1946,-838,-2558,706,96
-121,1955,-822,-3570,524,29
-129,1943,-787,-3672,635,17
-151,1919,-749,-2976,412,148
-158,1913,-715,-2305,399,140
-159,1916,-693,-1955,472,168
-147,1905,-689,-2013,228,60
-155,1891,-677,-1051,490,142
-184,1894,-667,70,-206,429
-159,1903,-674,418,-200,337
-136,1916,-690,71,373,230
-151,1926,-712,145,-118,383
-136,1932,-722,-32,-91,387
-114,1951,-727,-468,343,259
-100,1963,-740,-974,488,116
-104,1967,-733,-1443,698,129
-113,1956,-719,-1476,679,147
-122,1934,-707,-856,727,173
-144,1922,-708,-69,491,242
-161,1926,-717,105,204,283
-164,1931,-712,451,20,177
-156,1932,-700,1068,196,152
-135,1939,-704,1116,101,222
-111,1950,-707,354,384,111
-124,1942,-706,399,277,156
-128,1945,-696,416,437,155
-131,1950,-703,-179,596,163
-137,1943,-705,-531,499,185
-141,1933,-694,-644,306,244
-149,1928,-685,-628,232,257
-151,1926,-683,-650,-7,206
-148,1918,-680,-359,-47,162
-161,1907,-676,492,-381,215
-157,1918,-674,1146,-223,221
-145,1940,-693,993,-337,123
-131,1957,-715,177,-26,78
-131,1956,-722,-193,-114,129
-123,1951,-715,-242,-29,224
-106,1941,-715,-395,331,23
-118,1933,-713,-283,244,73
-133,1933,-713,-184,34,194
-138,1933,-709,273,104,196
-136,1939,-715,246,48,244
-126,1943,-724,101,-154,287
-102,1943,-720,-75,241,159
-114,1935,-712,72,67,231
-120,1931,-704,300,285,280
-122,1930,-710,144,202,204
-111,1932,-710,-198,373,93
-96,1936,-697,-373,644,-13
-107,1933,-701,-428,601,121
-117,1932,-713,-767,506,217
-123,1935,-709,-638,524,158
-137,1937,-702,-198,517,240
-141,1938,-713,-575,259,363
-139,1936,-742,-999,-318,359
-135,1918,-733,-356,-261,682
-157,1918,-720,889,-571,1467
-202,1914,-745,1361,-3071,2453
-193,1895,-790,1123,-4786,3037
-94,1881,-822,1069,-5853,2841
64,1869,-842,997,-5322,2069
176,1851,-863,678,-4701,1456
234,1833,-915,-274,-4435,1240
272,1815,-974,-2267,-4214,1222
305,1788,-982,-3074,-4357,1107
338,1768,-958,-3063,-3873,929
354,1758,-952,-3181,-2417,662
375,1735,-997,-3491,-1950,378
370,1803,-1023,-5056,-435,647
155,1894,-1023,-6402,-3160,3318
65,1827,-1046,-3548,-9209,4598
230,1966,-906,223,-3476,3988
210,2064,-873,4849,-5764,4893
98,2232,-874,2606,-6092,5780
165,2339,-877,-108,-5422,2323
80,2475,-781,-7163,-4421,-234
-56,2494,-592,-10862,-2584,-1577
-157,2444,-344,-10383,-1920,-1448
-206,2351,-119,-5371,-2338,-791
-226,2268,48,2602,-1637,-1972
-311,2202,60,8829,-3753,-3255
-351,2146,-71,9773,-3917,-4474
-383,2127,-220,8574,-5223,-5280
-280,2078,-298,5991,-4095,-6634
-192,2013,-339,2517,-1008,-6896
-198,1898,-344,1880,-427,-5689
-207,1768,-314,5349,-45,-3606
-228,1647,-288,11946,174,-2125
-289,1552,-332,17043,83,-1789
-404,1482,-456,20227,-991,-1928
-484,1473,-659,19936,-1962,-1755
-552,1491,-901,15303,-6641,-756
-534,1561,-1124,7237,-1421,-1766
-570,1569,-1153,798,-550,-1670
-716,1449,-1054,3335,-6622,-906
-742,1388,-898,8968,-7369,-404
-703,1363,-860,14121,-8133,-57
-607,1392,-960,13803,-6474,-200
-554,1457,-1116,9136,-3885,164
-609,1475,-1197,6641,-3676,369
-681,1531,-1122,5372,-3381,-207
-780,1479,-1070,8599,-7399,102
-703,1461,-1053,10422,-7393,-578
-592,1458,-1127,10030,-5830,-633
-554,1431,-1230,9692,-4507,931
-581,1459,-1295,10713,-3837,1575
-643,1522,-1390,11239,-4828,1412
-549,1652,-1449,11607,-3626,95
-492,1725,-1596,11470,-673,197
-526,1741,-1855,6638,710,579
-563,1778,-2021,1465,3254,-113
-620,1826,-2070,-2255,1920,-713
-648,1750,-2045,-3270,3336,907
-495,1691,-1968,-3926,5266,-113
-376,1644,-1901,-2882,7474,-2446
-507,1595,-1881,-7327,8691,-1978
-627,1529,-1886,-10462,2916,-3198
-560,1370,-1794,-8028,5238,-4110
-488,1394,-1744,-12541,6142,-1606
-493,1309,-1651,-15649,9705,-120
-618,1306,-1569,-17350,6878,-42
-695,1234,-1508,-15754,2963,1303
-568,1338,-1381,-20502,1867,46
-517,1320,-1303,-26973,4221,-873
-655,1147,-1211,-16969,4275,175
-638,1415,-969,-18497,2337,406
-557,1456,-868,-16612,4334,-800
-659,1378,-845,-15055,1827,64
-677,1415,-761,-8089,1636,1965
-596,1594,-685,-6079,3229,1650
-569,1811,-649,-8882,3960,-144
-554,1906,-676,-15264,1545,-415
-453,1737,-653,-10999,3289,-769
-468,1777,-503,-8996,5084,141
-507,1792,-417,-5140,2537,579
-491,1844,-340,-1940,4095,219
-486,1867,-349,-1166,3559,-241
-544,1885,-382,-3627,3338,-195
-599,1885,-373,-3751,2748,-599
-592,1908,-328,-4657,2073,-870
-511,1890,-272,-5127,3612,-992
-447,1878,-213,-4342,5073,-617
-486,1847,-183,-3020,6263,398
-570,1861,-161,-3435,6166,1629
-597,1862,-156,-6246,6029,2244
-609,1861,-115,-6929,6920,1948
-652,1853,-47,-8575,6772,1878
-664,1780,37,-8806,4282,2494
-611,1708,147,-6027,808,3675
-402,1624,255,1374,-534,3551
-171,1639,299,8602,5685,2288
-141,1795,140,13955,436,2256
57,1961,-131,15964,5008,1779
147,2120,-545,8940,4794,612
57,2172,-875,-2613,-393,1075
78,2093,-977,-4315,2777,1237
142,2084,-931,2129,616,275
244,2223,-828,11755,3483,-2479
237,2326,-908,16354,1976,-4479
254,2434,-1147,8180,3194,-4359
168,2393,-1328,-4673,5455,-2423
-95,2228,-1294,-11062,1640,323
-207,2034,-1075,-10481,1475,1287
-251,1868,-824,-6890,698,1117
-210,1744,-611,24,429,754
-119,1717,-492,6496,1256,-101
-53,1750,-503,11773,711,-832
-35,1815,-615,14015,2332,-1104
-123,1899,-784,11697,-261,-666
-135,1965,-930,6390,386,-715
-155,1971,-1020,2581,1167,-548
-225,1985,-1015,556,320,56
-260,1969,-960,6,-218,713
-251,1919,-897,2636,-597,985
-219,1905,-871,3831,-1697,877
-138,1906,-872,2003,164,190
-110,1891,-905,524,177,-171
-129,1925,-924,-2786,-160,-178
-142,1917,-922,-5151,657,6
-190,1884,-887,-4957,413,243
-249,1874,-833,-3342,-287,446
-257,1862,-797,-1225,-582,445
-239,1860,-783,385,-763,415
-240,1875,-804,714,-442,622
-262,1914,-848,-1316,-757,1117
-238,1922,-859,-2448,-536,1106
-212,1916,-821,-3083,-518,1025
-195,1899,-793,-2533,-539,827
-205,1917,-761,-2556,-481,836
-229,1927,-733,-1979,-888,977
-225,1928,-704,-1028,-526,744
-213,1938,-694,-1119,60,606
-222,1940,-710,-1339,113,664
-233,1951,-715,-2336,586,855
-245,1968,-691,-3299,40,1091
-230,1968,-660,-2887,255,998
-237,1964,-658,-2949,-331,917
-256,1965,-644,-3157,-191,935
-253,1977,-614,-3447,-499,743
-241,1974,-579,-3127,-396,664
-222,1971,-534,-2323,-115,593
-201,1966,-498,-1548,-30,610
-177,1965,-465,-815,316,545
-191,1958,-452,41,67,515
-199,1949,-451,994,-39,305
-231,1957,-461,1917,-6,340
-238,1962,-490,2607,-1034,236
-209,1979,-512,2448,-10,97
-188,2000,-549,1417,-339,-99
-166,2010,-580,-345,150,-147
-179,1993,-600,-1707,-243,55
-190,1967,-580,-2123,-187,5
-206,1943,-548,-1157,-292,-20
-208,1930,-526,548,-417,-17
-212,1934,-516,2880,-454,157
-211,1944,-538,3662,-588,395
-185,1955,-589,3668,-812,280
-167,1968,-645,2237,-112,74
-168,1979,-687,786,-288,3
-160,1982,-692,-618,3,26
-152,1969,-664,-436,555,40
-150,1953,-645,481,591,67
-141,1944,-631,821,922,-95
-164,1940,-634,1683,1197,-69
-206,1947,-648,1811,935,260
-222,1946,-667,1481,342,545
-207,1940,-679,1352,244,459
-210,1935,-689,1024,162,347
-212,1937,-692,1085,-265,352
-179,1939,-688,882,120,225
-163,1936,-701,826,281,212
-173,1929,-709,877,270,187
-176,1928,-708,760,395,133
-170,1926,-709,974,175,109
-158,1926,-705,1380,420,71
-163,1930,-715,1692,513,30
-168,1933,-733,1172,484,71
-168,1931,-750,702,555,27
-181,1938,-749,392,599,9
-188,1941,-744,291,324,-5
-173,1937,-746,-64,408,-26
-172,1927,-746,210,461,34
-188,1928,-743,449,654,96
-201,1940,-729,372,275,29
-186,1941,-735,135,455,-107
-176,1940,-746,-51,350,-234
-172,1928,-746,277,698,-212
-187,1919,-747,555,636,-128
-201,1923,-754,508,644,-116
-199,1922,-745,386,428,-119
-192,1908,-750,612,630,-53
-197,1903,-773,651,165,-21
-192,1906,-772,596,431,-70
-179,1909,-774,317,529,-168
-183,1897,-794,589,610,-70
-194,1903,-808,825,709,-3
-199,1917,-807,659,547,161
-172,1923,-808,116,568,20
-157,1914,-809,-411,773,-101
-161,1899,-816,-1274,738,-109
-175,1880,-796,-1212,408,50
-177,1863,-777,-323,344,76
-182,1863,-768,806,501,-12
-199,1882,-783,1151,423,55
-199,1897,-819,431,109,212
-185,1887,-822,428,143,244
-179,1888,-815,726,229,263
-180,1905,-814,495,517,158
-190,1911,-817,-20,155,263
-176,1907,-819,-183,44,240
-164,1906,-821,-296,221,116
-169,1907,-807,-261,237,49
-189,1908,-778,529,766,51
-202,1910,-783,580,409,93
-195,1906,-803,137,124,113
-195,1893,-801,106,130,149
-202,1887,-796,359,-200,132
-202,1891,-788,707,89,33
-208,1903,-799,877,-171,65
-199,1904,-819,856,-411,169
-174,1904,-830,664,-147,84
-166,1908,-834,331,116,-25
-181,1909,-841,-207,80,18
-178,1902,-847,-852,-99,45
-166,1890,-847,-1095,242,-5
-175,1876,-840,-992,312,-4
-201,1869,-829,-503,-56,167
-194,1868,-823,-66,106,189
-188,1878,-836,-198,229,176
-188,1877,-847,-495,-138,277
-182,1862,-840,-202,-28,377
-174,1863,-839,8,-172,282
-170,1879,-829,-40,189,155
-170,1886,-823,-57,-90,196
-151,1885,-827,49,467,20
-170,1890,-831,-35,312,138
-186,1890,-825,-179,234,154
-174,1898,-807,-95,-273,-20
-141,1915,-799,393,104,-182
-136,1930,-821,-252,1222,-352
-159,1923,-849,-534,1135,-240
-161,1923,-870,-1892,1617,-80
-168,1913,-890,-3514,809,-34
-149,1878,-881,-4095,771,-90
-144,1853,-860,-3397,958,309
-185,1833,-873,-2319,-181,1315
-218,1796,-924,-2027,-2736,2091
-170,1766,-949,-2245,-3440,2086
-69,1769,-949,-2373,-3953,1898
50,1791,-938,-2919,-3960,1496
126,1798,-924,-3435,-3647,1436
144,1783,-907,-3492,-3481,1658
145,1795,-895,-3593,-3565,2013
162,1822,-901,-3198,-3418,2122
220,1842,-908,-2454,-2559,1980
215,1858,-926,1181,-437,2454
115,1859,-965,4334,-2104,3706
120,1913,-1014,7164,-3011,4682
199,2071,-1128,8185,-3603,4377
238,2150,-1357,2384,-4398,3774
184,2287,-1362,-3529,-5160,4100
99,2358,-1155,-7355,-4601,3858
-16,2344,-853,-9215,-4848,3125
-22,2303,-598,-11086,-3875,360
-105,2283,-327,-10112,-2267,-672
-239,2202,-144,-6061,-4286,210
-320,2158,-17,-328,-4959,181
-360,2148,44,5776,-7430,-984
-335,2127,46,10682,-7255,-2921
-335,2105,-67,11900,-7142,-4814
-300,2086,-259,8056,-5445,-5880
-250,2057,-449,1321,-5052,-5580
-157,1974,-496,-2705,-1973,-5349
-157,1834,-404,-3344,-433,-3695
-208,1684,-270,3757,-1074,-2379
-225,1677,-178,9572,-1960,-2464
-264,1696,-232,13575,-2781,-2582
-323,1707,-372,14666,-4340,-2535
-333,1665,-524,16195,-4162,-2839
-396,1582,-652,19349,-2368,-3088
-468,1565,-819,15887,-4650,-3610
-516,1548,-983,11124,-4511,-3403
-496,1545,-1066,6004,-3564,-3190
-534,1489,-1063,578,312,-2129
-730,1415,-951,6067,413,-591
-895,1387,-819,11064,-4802,-55
-928,1375,-805,16070,-8493,-1011
-854,1398,-913,13959,-7774,-1551
-830,1408,-1086,8281,-6272,42
-793,1388,-1162,6115,-5098,1215
-680,1431,-1125,3217,-7695,1130
-431,1373,-1016,11854,-2902,-858
-440,1424,-1002,18488,-2078,-200
-564,1492,-1196,25151,-1669,516
-624,1614,-1604,21218,-3108,33
-574,1747,-2061,8324,-2429,-975
-555,1820,-2347,-5134,2635,-808
-630,1788,-2398,-12282,4597,-291
-721,1708,-2240,-11744,5207,-189
-694,1697,-2014,-8462,4549,-1198
-651,1682,-1838,-7024,6118,-465
-691,1636,-1758,-8790,6033,856
-723,1426,-1720,-8915,5472,806
-639,1381,-1659,-10163,2419,-1714
-583,1402,-1618,-14415,5948,-556
-514,1500,-1541,-19630,6747,838
-564,1451,-1454,-23142,5268,2542
-574,1424,-1306,-22981,4495,2186
-500,1441,-1118,-28485,5804,25
-475,1335,-894,-25579,6798,49
-562,1226,-652,-7995,3013,2661
-578,1314,-443,4331,6065,2158
-607,1606,-454,-2961,3742,-1955
-694,1563,-641,-8442,4118,-2348
-771,1456,-754,-2428,-1681,1354
-582,1550,-659,2957,1504,1692
-473,1805,-602,3041,6235,-654
-613,1906,-783,-981,-473,-1371
-543,1823,-923,-3636,885,-1517
-383,1867,-893,-6677,3602,-1710
-320,1924,-817,-6655,6022,-1874
-387,1932,-766,-5967,6599,-970
-496,1916,-720,-8350,6284,303
-453,1908,-634,-10789,7288,-740
-467,1894,-516,-7623,9396,-1240
-543,1895,-412,-4433,6914,180
-578,1850,-335,-493,7497,1003
-619,1811,-335,907,5632,939
-596,1812,-359,-3877,8445,64
-662,1829,-399,-8669,7441,-942
-711,1846,-358,-13074,5742,-1750
-641,1767,-247,-14994,4960,-2082
-466,1637,-71,-10201,5111,-2045
-399,1549,107,-206,9155,-1116
-503,1604,161,10243,4750,1255
-384,1658,22,20955,2349,1308
-138,1701,-362,19204,6477,-102
-117,1789,-784,8150,3582,-722
-58,1969,-975,2427,4777,-1909
-6,2089,-1059,3711,3946,-2056
82,2116,-1126,7677,4307,-2235
163,2114,-1216,10709,3928,-3444
249,2159,-1294,11104,5321,-5586
279,2243,-1392,11478,5021,-6397
292,2296,-1574,6194,3978,-5280
179,2215,-1717,-6292,7703,-4263
-204,1988,-1621,-10423,6601,-2359
-497,1751,-1378,-6286,1384,815
-545,1566,-1091,1738,-723,3274
-410,1476,-877,11716,-1657,3490
-154,1553,-817,18800,-423,2243
81,1667,-1013,18157,1210,715
29,1752,-1317,8377,786,430
-125,1802,-1469,-1027,177,852
-309,1812,-1435,-4420,-426,1864
-440,1824,-1326,-5171,-507,3522
-444,1796,-1254,-6067,-1294,4810
-371,1758,-1192,-5744,-2429,5211
-299,1758,-1140,-6096,-2992,4832
-259,1804,-1099,-7814,-3824,3856
-193,1779,-1114,-8368,-5653,3002
-88,1770,-1050,-8502,-369,1585
-134,1798,-963,-7314,336,1100
-216,1826,-878,-6085,857,1128
-298,1822,-841,-3465,-610,1549
-314,1835,-812,-1685,95,1480
-310,1866,-806,-2213,-962,1130
-250,1866,-803,-2054,-61,520
-244,1866,-799,-1289,657,285
-302,1881,-823,-1006,-203,782
-301,1888,-853,-2486,-498,663
-276,1886,-850,-3197,-628,336
-289,1884,-817,-3254,-503,193
-311,1879,-775,-2930,-1441,255
-274,1852,-732,-953,-1338,73
-261,1849,-705,569,-781,119
-257,1845,-722,1680,-1808,224
-214,1863,-755,1229,-361,86
-233,1892,-808,-284,-655,101
-234,1901,-847,-1663,-1254,231
-194,1912,-827,-2215,-303,154
-196,1904,-794,-916,-285,5
-231,1901,-776,-324,-430,350
-232,1906,-776,-385,-590,500
-209,1918,-784,-650,-6,248
-205,1928,-792,-1829,-228,252
-187,1926,-780,-2876,80,145
-187,1905,-751,-2019,-117,262
-225,1881,-721,42,-304,502
-284,1901,-704,420,-698,635
-271,1933,-710,-462,-1245,421
-191,1958,-704,-1359,673,83
-171,1959,-695,-1887,528,-46
-197,1936,-679,-1719,716,317
-236,1923,-648,-1045,247,550
-247,1918,-631,-467,61,277
-255,1916,-637,331,-82,26
-259,1935,-655,572,-496,18
-239,1956,-676,436,-399,75
-211,1970,-684,103,309,45
-223,1967,-690,-140,274,61
-246,1953,-685,-340,281,172
-257,1931,-671,306,-148,344
-248,1921,-656,795,23,363
-229,1932,-652,1099,259,226
-215,1948,-667,593,644,86
-221,1955,-683,208,692,127
-238,1955,-693,-257,613,108
-239,1955,-687,-1027,806,51
-238,1938,-671,-278,929,29
-248,1923,-670,142,936,-28
-257,1938,-676,-440,233,-67
-245,1953,-672,-715,563,-115
-245,1946,-668,-492,249,-128
-255,1931,-669,-584,-311,-143
-269,1900,-676,219,-1039,-121
-273,1887,-663,1301,-817,-152
-288,1879,-665,2680,-1475,104
-258,1891,-675,3073,-1118,177
-212,1914,-705,2820,-524,64
-184,1933,-751,1870,-289,60
-189,1945,-788,634,18,169
-219,1951,-802,-197,-373,400
-208,1956,-789,-669,-161,289
-186,1947,-762,-715,699,27
-196,1926,-744,-691,709,118
-203,1899,-738,-358,479,245
-199,1895,-726,-354,823,97
-201,1896,-721,-284,941,-54
-210,1901,-724,-311,947,34
-223,1905,-733,-40,647,164
-225,1904,-744,295,440,167
-231,1901,-764,287,276,114
-248,1899,-775,266,-283,220
-232,1903,-761,774,212,40
-227,1910,-753,1323,637,67
-229,1910,-772,1354,196,310
-219,1922,-782,690,494,322
-210,1935,-778,77,500,74
-197,1927,-764,140,1009,-51
-213,1917,-757,205,1393,-90
-253,1924,-758,199,621,76
-267,1941,-760,-109,788,289
-267,1938,-762,-344,520,79
-264,1929,-751,-571,642,27
-258,1914,-739,-619,333,-7
-260,1896,-724,243,553,-61
-281,1899,-718,946,263,107
-279,1904,-733,1298,-251,261
-242,1910,-754,795,301,52
-235,1905,-776,502,85,31
-234,1899,-783,174,199,45
-232,1887,-788,94,41,146
-237,1872,-789,747,-250,247
-224,1877,-800,665,-216,245
-212,1877,-813,536,-353,317
-207,1869,-823,435,-294,382
-208,1868,-825,366,-577,436
-205,1872,-818,924,-661,461
-187,1880,-814,1573,-267,475
-188,1882,-844,2160,-180,713
-188,1897,-883,905,-384,910
-178,1905,-900,-836,-56,831
-177,1901,-879,-1548,-120,747
-163,1885,-829,-850,135,768
-153,1870,-794,900,522,815
-167,1882,-799,1267,858,715
-190,1906,-846,175,262,622
-170,1929,-863,-1557,736,446
-161,1926,-852,-2050,1099,327
-176,1912,-832,-1694,553,397
-178,1906,-795,-1521,1443,368
-210,1900,-774,-934,744,426
-216,1904,-758,-692,1028,252
-219,1908,-759,-571,494,217
-203,1903,-766,-167,754,188
-208,1916,-771,-518,1044,109
-239,1933,-783,-1221,255,103
-235,1941,-779,-1942,318,131
-227,1923,-754,-1265,214,142
-225,1906,-730,-202,-32,162
-211,1908,-712,411,264,-28
-198,1924,-720,250,687,-110
-205,1934,-750,-640,598,-78
-206,1928,-770,-1268,341,18
-201,1928,-765,-1289,936,52
-204,1920,-784,-1340,-80,70
-169,1895,-810,-765,-396,66
-136,1886,-826,-126,321,152
-160,1889,-853,-781,-971,950
-150,1859,-878,-745,-2310,1502
-68,1823,-878,456,-1893,1414
-25,1801,-889,1552,-1836,1603
18,1785,-938,1192,-2055,1764
70,1777,-996,-534,-2323,1587
131,1755,-1027,-2613,-2706,1514
189,1729,-1012,-3005,-2191,1163
247,1729,-990,-2752,-1494,507
267,1733,-1001,-2195,-1195,63
190,1798,-1029,-3641,-1046,1359
112,1873,-1031,-3843,-3484,2021
78,1883,-1032,2725,-5875,3775
29,1884,-1133,6800,-9033,4555
130,2015,-1145,11038,-5526,4716
97,2113,-1253,14194,-8999,5872
168,2263,-1342,10093,-5490,6162
146,2418,-1449,-787,-5157,4350
14,2503,-1393,-13940,-6913,3273
-23,2474,-1151,-23007,-6228,2329
-41,2372,-759,-26565,-6017,1258
-55,2224,-311,-23297,-5489,178
-85,2076,109,-13085,-3210,-1266
-199,1932,390,749,-3636,-2622
-310,1835,486,13086,-5979,-3177
-294,1775,399,20641,-4264,-3713
-261,1786,54,17378,-4581,-4596
-203,1792,-229,11054,-995,-4360
-150,1758,-414,4266,226,-4006
-144,1736,-517,459,1108,-3174
-188,1787,-510,-1263,1644,-2841
-208,1777,-422,2118,2220,-3487
-269,1823,-497,4589,-1843,-3292
-264,1780,-515,6186,428,-3245
-361,1738,-556,8902,-2785,-3637
-471,1719,-639,8531,-3566,-4012
-559,1707,-733,5283,-4633,-3888
-611,1621,-717,6355,-3569,-3290
-726,1534,-681,7394,-6425,-2642
-795,1443,-667,10350,-6186,-1673
-816,1376,-610,17257,-4876,-723
-857,1264,-496,31399,-7799,470
-869,1156,-701,32767,-11859,679
-814,1348,-1151,27406,-9740,827
-711,1540,-1528,14516,-5944,704
-664,1602,-1706,2675,-6155,1064
-564,1537,-1679,-1114,-3929,-138
-531,1585,-1499,-4801,-3873,-137
-551,1534,-1354,4191,-1959,134
-636,1579,-1334,8727,-3850,220
-626,1645,-1458,9385,-3253,-764
-563,1707,-1664,7533,-1432,-1074
-576,1758,-1864,1110,1769,-590
-685,1724,-2005,-3729,3433,-357
-653,1773,-1952,-7394,3929,-1341
-538,1760,-1821,-5827,6544,-1760
-635,1698,-1748,-7453,7786,-8
-833,1602,-1757,-8562,2809,399
-819,1464,-1693,-7226,6519,-252
-606,1559,-1521,-7132,3393,-1859
-672,1609,-1592,-15593,5806,2122
-747,1660,-1640,-28523,4252,2243
-773,1404,-1553,-30652,3381,848
-567,1245,-1175,-22897,3758,-71
-513,1336,-773,-13422,6882,2782
-531,1406,-613,-11136,4623,2113
-519,1474,-559,-10640,4169,-1587
-665,1310,-622,7656,1077,1728
-544,1383,-693,7492,2868,1804
-457,1675,-845,-3621,7808,-427
-599,1781,-1006,-12780,3620,-1382
-689,1547,-1098,-9261,1511,1444
-543,1646,-914,-9666,7133,2738
-556,1824,-770,-12890,5257,2591
-590,1855,-638,-13057,3841,1491
-570,1756,-530,-7727,1808,1168
-464,1734,-372,-845,5010,927
-565,1798,-319,1802,5103,1777
-566,1878,-338,147,2756,499
-426,1873,-352,1344,8062,-562
-410,1877,-411,-750,8174,1038
-479,1907,-439,-1104,9790,3414
-494,2022,-445,-5066,8601,2403
-474,2086,-416,-9383,11461,1301
-530,2048,-383,-14542,8524,1042
-527,1931,-253,-20418,9050,461
-541,1740,-52,-18090,8864,-212
-596,1613,204,-12551,9361,-654
-606,1500,360,-5788,2002,-701
-460,1369,497,8054,4358,112
-429,1429,380,17287,1213,2628
-214,1603,65,23932,-7095,2127
256,1774,-223,26220,4297,-2316
372,2026,-664,19077,4118,-5969
229,2143,-1178,4914,6274,-5369
63,2150,-1420,-6540,7019,-3338
-45,1983,-1384,66,1551,-1377
298,1946,-1210,24150,-1254,-4927
593,1931,-1352,32767,5366,-7627
346,2014,-1886,32767,8042,-6159
-192,2163,-2528,13425,3922,-4518
-441,2081,-2695,-8676,-2722,-46
-361,1789,-2344,-15233,297,4650
-166,1589,-1876,-14601,3712,6366
38,1488,-1442,-9150,3244,5790
277,1426,-1102,-1591,3636,3497
381,1380,-898,6434,5412,1412
253,1417,-862,11365,5053,709
-12,1503,-994,12414,2367,1497
-185,1611,-1235,6638,311,2343
-215,1729,-1515,-5255,-1990,3047
-189,1768,-1586,-13512,-3148,3649
-124,1757,-1443,-15581,-3673,3235
-47,1706,-1253,-10067,-4892,3046
54,1705,-1079,-2930,-2098,2472
62,1747,-1050,1790,-2614,2587
108,1804,-1184,-27,-579,2344
61,1820,-1359,-6032,-723,2689
-16,1794,-1425,-11422,-1677,2868
0,1778,-1350,-14684,-726,2284
-51,1786,-1209,-16098,-1972,2129
-72,1812,-1048,-16575,-4469,2397
63,1858,-840,-16419,332,1239
48,1844,-664,-13029,-144,700
2,1835,-476,-8889,581,266
-65,1797,-344,-2784,402,-92
-176,1782,-287,3613,-223,382
-239,1804,-330,6898,-1355,930
-211,1831,-455,6478,-1073,823
-183,1892,-590,2752,-841,708
-171,1944,-683,-1529,-1322,752
-128,1992,-683,-4150,-299,332
-108,2012,-623,-4371,-152,-20
-85,1993,-537,-3169,-229,-39
1,1975,-450,-393,993,-462
40,1960,-409,2891,1775,-806
43,1953,-460,4224,2132,-830
2,1946,-587,3826,1286,-543
-25,1960,-721,1483,1178,-592
-83,2010,-779,-1242,448,-587
-122,2015,-793,-2957,-376,-590
-109,1982,-760,-2128,-608,-216
-68,1956,-697,-848,-18,-164
-41,1926,-656,1425,603,-189
-46,1933,-653,2766,2237,-387
-118,1979,-695,1484,257,139
-82,2013,-718,-650,1083,93
-55,1995,-723,75,817,128
-42,1971,-711,1273,642,148
-7,1970,-702,1118,1645,-279
-14,1957,-718,-226,1838,-522
-63,1936,-739,-1268,993,-122
-86,1907,-729,-1964,503,391
-65,1890,-679,-1514,692,137
-42,1896,-612,-88,1063,-418
-39,1902,-583,1925,1688,-755
-109,1935,-615,2953,1348,-470
-186,1974,-687,1137,59,208
-153,1948,-740,218,-62,-18
-111,1923,-738,685,748,-421
-94,1925,-723,986,500,-552
-56,1925,-719,1577,520,-417
-29,1903,-750,2323,508,-369
-63,1899,-780,1022,1047,-417
-115,1914,-790,-1286,-352,-273
-92,1920,-754,-1359,-28,-365
-80,1912,-712,191,15,-593
-98,1906,-686,2317,-271,-449
-112,1925,-697,3080,636,-342
-155,1942,-761,2187,-690,23
-131,1957,-807,128,-310,-173
-107,1959,-812,-1393,-439,-145
-80,1934,-774,-897,-786,211
-28,1897,-738,1616,-290,174
-34,1901,-740,2846,516,183
-78,1937,-793,1476,-106,169
-99,1957,-850,-1499,139,372
-84,1943,-850,-3105,113,533
-55,1931,-792,-2891,284,618
-41,1907,-728,-1176,688,510
-48,1902,-688,283,752,326
-56,1904,-694,1058,466,171
-36,1912,-736,508,1348,-182
-56,1928,-782,-1214,1078,-93
-93,1937,-789,-2383,395,232
-103,1932,-755,-2063,604,342
-98,1902,-725,156,11,295
-86,1913,-709,610,752,185
-104,1926,-731,18,-18,305
-104,1937,-747,-1407,-184,248
-115,1931,-734,-1592,-286,434
-102,1916,-704,-607,-1158,580
-47,1924,-669,287,949,369
-77,1926,-679,1343,-249,255
-84,1946,-724,246,-88,364
-84,1959,-762,-1720,-487,445
-80,1945,-745,-2035,-410,338
-91,1916,-707,-609,-841,347
-91,1900,-692,346,-482,392
-105,1905,-702,936,-1160,682
-81,1931,-703,588,-814,514
-65,1942,-710,333,-976,500
-51,1949,-712,35,-124,434
-62,1951,-712,-275,-734,510
-51,1948,-703,26,-117,498
-50,1936,-705,538,-135,416
-54,1944,-714,94,-6,331
-61,1949,-723,-540,54,276
-73,1944,-718,-540,-213,268
-57,1936,-705,-650,-203,75
-43,1933,-687,-670,128,3
-63,1917,-681,160,-165,272
-74,1911,-682,958,-300,270
-78,1922,-705,888,-469,269
-81,1936,-740,121,-606,356
-85,1942,-754,-619,-737,501
-66,1943,-742,-888,-847,513
-54,1945,-709,-61,-325,536
-69,1935,-701,1066,-629,790
-67,1927,-715,1321,-843,853
-49,1941,-731,672,-399,588
-46,1956,-743,-535,-671,505
-33,1956,-732,-1061,-358,534
-30,1948,-698,-569,-325,568
-29,1931,-672,623,155,481
-33,1930,-681,1032,-10,490
-32,1941,-713,561,178,457
-44,1949,-751,-129,-284,369
-31,1960,-762,-883,-5,166
-16,1957,-747,-955,344,-179
-16,1959,-727,-1184,591,-154
-21,1957,-704,-1437,874,-59
-37,1931,-692,-1103,607,63
-43,1918,-677,-852,963,-37
-54,1920,-676,-698,437,-143
-40,1929,-680,-143,671,-214
-60,1956,-705,-19,618,-222
-91,1975,-724,-800,422,99
-81,1980,-710,-1011,-140,-30
-56,1972,-687,-548,542,-228
-69,1954,-684,-665,211,-278
-76,1949,-684,-1505,438,-139
-72,1941,-674,-1460,461,-197
-63,1930,-671,-1297,617,-300
-55,1919,-674,-1494,602,-440
-40,1908,-680,-1496,855,-485
-12,1904,-703,-2084,1539,-599
-30,1895,-733,-2559,-73,-211
-12,1871,-736,-2147,-438,21
-16,1867,-735,-893,-1848,627
42,1860,-768,-422,-1812,754
86,1877,-854,-1153,-3341,989
146,1885,-907,-1905,-2586,1448
189,1877,-915,-1485,-1661,1693
217,1866,-922,-1068,-2947,1573
258,1857,-935,-1698,-2887,1473
286,1840,-939,-2797,-2979,1588
320,1808,-959,-3881,-2585,1076
317,1794,-937,-5365,-2188,1043
273,1832,-884,-4916,-1829,1499
126,1851,-862,-661,-2444,2692
112,1871,-841,3699,-5207,3273
231,1994,-844,6010,-5922,3326
324,2141,-889,5124,-4018,2724
314,2241,-933,4272,-3764,2513
286,2369,-909,134,-4874,1757
192,2471,-772,-6302,-2575,958
-29,2489,-556,-9710,-2613,647
-123,2435,-299,-7336,-2171,-1167
-218,2378,-62,-2171,-1426,-1244
-359,2299,59,4725,-5152,-163
-366,2231,80,10957,-5846,-879
-345,2185,-16,13192,-6317,-2389
-348,2126,-202,11325,-6766,-3511
-365,2053,-395,6739,-7609,-4085
-321,1987,-505,1257,-7928,-4375
-268,1864,-520,-270,-7194,-4104
-174,1794,-446,-3001,-5751,-3874
-88,1668,-362,-1805,-4165,-3326
-103,1601,-277,1600,-3530,-3722
-168,1600,-237,7628,-4859,-3223
-205,1592,-292,14506,-2716,-2917
-296,1616,-395,18920,-3737,-2461
-422,1614,-552,22911,-7392,-1927
-445,1640,-795,22430,-5669,-1648
-402,1724,-1053,16029,-3972,-2286
-440,1778,-1212,5376,-3441,-1850
-447,1737,-1180,-1565,-3681,-1817
-450,1617,-1031,-4042,-2817,-1260
-494,1479,-810,2507,-3197,-373
-571,1451,-626,11784,-5737,-369
-729,1421,-673,19229,-6573,-339
-773,1384,-917,21096,-7495,-540
-677,1358,-1213,15657,-6915,206
-567,1430,-1368,13342,-1873,688
-645,1638,-1451,8594,-3161,1076
-676,1728,-1526,3236,-2743,485
-653,1670,-1564,-1812,-851,287
-606,1575,-1498,-1750,-1222,265
-493,1564,-1359,5912,663,-612
-438,1585,-1348,13943,1027,-208
-472,1633,-1524,15757,1932,135
-573,1745,-1842,8828,1413,-104
-617,1792,-2159,-3357,3775,-706
-643,1716,-2238,-12468,5385,-491
-681,1582,-2066,-15280,5267,-152
-666,1471,-1784,-11241,3089,820
-612,1441,-1574,-7594,576,1652
-522,1476,-1475,-7972,1409,1718
-503,1443,-1462,-8418,1923,-622
-440,1453,-1494,-17674,5474,-3231
-484,1363,-1496,-25351,5092,-833
-440,1264,-1215,-23958,7448,-529
-538,1186,-943,-7264,6101,403
-625,1371,-819,-3715,4321,922
-680,1375,-869,-2056,6779,1159
-762,1471,-1015,-6133,2268,2427
-540,1474,-1067,-2318,2647,1349
-408,1620,-1107,-2205,8887,-189
-501,1882,-1196,-14488,6337,-361
-512,1837,-1253,-23865,5160,-1668
-543,1748,-1126,-24551,2334,-920
-460,1734,-788,-20325,5321,-449
-486,1720,-511,-13662,4516,-411
-497,1745,-313,-10853,3645,-998
-452,1678,-222,-6250,1591,-860
-383,1635,-139,1768,2402,103
-378,1724,-79,5190,7613,936
-447,1831,-172,5495,4479,1300
-401,1877,-296,5461,6613,1914
-401,1934,-423,-138,8016,2885
-495,1982,-520,-8301,5204,3511
-547,2013,-556,-19150,3687,2331
-617,1933,-452,-25006,7037,688
-771,1857,-240,-27560,1571,649
-638,1716,29,-22229,-423,654
-401,1603,378,-3380,-5617,1212
-129,1693,486,14606,-2575,184
18,1815,322,32406,-620,-1593
-89,1810,-104,32767,-1199,-42
-14,1838,-704,28636,-462,263
160,2051,-1300,7730,2267,-533
238,2163,-1594,-10349,2655,56
244,2132,-1446,-12760,3873,879
168,2151,-1134,-7090,4855,787
62,2175,-955,-2750,2035,-433
56,2136,-908,3342,1262,81
84,2142,-960,8085,873,541
97,2126,-1115,8408,-512,933
51,2078,-1253,5454,48,285
-110,2004,-1286,2721,-3022,829
-138,1918,-1221,1185,-3965,1974
-56,1899,-1132,-669,-4321,2556
103,1877,-1032,-2278,-759,2141
120,1878,-937,-4077,541,1698
84,1933,-819,-6173,1851,1387
32,1920,-729,-7318,1905,847
-9,1920,-627,-5243,1523,716
-41,1922,-559,-2913,2810,305
-138,1954,-550,-2778,2911,743
-201,1983,-546,-3098,1539,1053
-178,2009,-480,-2824,1246,1099
-123,1988,-415,-441,264,565
-71,1981,-396,859,1180,269
-80,1966,-434,962,1380,341
-140,1953,-492,413,945,680
-152,1948,-521,-993,-112,607
-108,1953,-501,-1443,247,-35
-112,1946,-480,-274,867,-256
-131,1949,-486,207,803,22
-126,1949,-500,287,-128,189
-93,1963,-507,309,130,115
-78,1971,-524,542,-359,137
-60,1968,-539,769,117,50
-87,1960,-558,1781,38,305
-135,1977,-578,2003,-732,923
-144,2003,-594,2669,-112,1104
-162,2032,-620,3224,-541,1124
-126,2048,-660,1800,-483,882
-74,2058,-691,-812,10,441
-66,2060,-676,-3510,-11,161
-63,2038,-608,-4726,177,-172
-57,1995,-517,-3945,984,-448
-97,1953,-451,-1118,555,-291
-122,1960,-432,-192,1061,-99
-132,1973,-461,-513,653,-100
-134,1986,-487,-978,878,-220
-131,2007,-498,-1810,738,-317
-91,2015,-490,-2520,1043,-607
-81,2012,-473,-1507,1984,-701
-136,2015,-475,-1092,1311,-238
-147,2009,-469,-439,1203,-102
-147,2018,-450,215,1257,-286
-149,2012,-447,630,1521,-628
-162,2004,-477,317,1251,-555
-150,2010,-501,-1294,1407,-504
-129,2008,-493,-2007,1703,-735
-120,2005,-459,-1576,1765,-906
-89,2000,-436,-821,1836,-1234
-50,1995,-434,-217,2480,-1669
-90,1984,-471,4,2060,-1313
-162,1961,-521,870,1029,-717
-210,1939,-536,2180,738,-539
-240,1928,-506,4355,-633,-268
-180,1925,-505,6527,-629,-494
-137,1937,-565,6395,172,-673
-123,1955,-643,3771,-128,-286
-115,1956,-694,1285,651,-45
-151,1953,-693,265,75,115
-161,1953,-655,808,-167,145
-126,1968,-634,1391,-58,101
-91,1987,-657,1180,350,-138
-115,1996,-713,-970,263,182
-140,1987,-719,-2572,103,481
-171,1961,-670,-1181,-349,645
-177,1947,-630,181,-536,606
-182,1938,-612,1465,-810,733
-165,1945,-619,1561,-788,653
-132,1965,-640,231,-663,470
-124,1971,-645,-720,-180,510
-120,1969,-638,-889,159,444
-124,1971,-635,-944,565,505
-133,1977,-621,-834,334,374
-137,1981,-614,-1015,-109,234
-126,1989,-613,-1742,303,-7
-141,1976,-611,-1685,204,5
-156,1961,-588,-1003,192,76
-159,1953,-569,148,40,-97
-161,1967,-561,551,-55,-86
-151,1979,-565,136,165,-137
-156,1981,-571,-243,208,-12
-153,1967,-575,-214,216,52
-155,1948,-578,533,125,121
-152,1943,-587,1924,-448,127
-126,1965,-605,2236,-134,-38
-122,1987,-647,1252,67,-175
-133,1990,-672,141,202,-42
-125,1984,-661,-631,79,118
-113,1961,-643,-747,767,166
-135,1938,-636,-149,480,406
-136,1931,-632,112,233,366
-141,1942,-619,482,311,255
-148,1955,-606,1005,173,225
-135,1961,-612,927,386,331
-132,1964,-636,-25,411,443
-142,1961,-647,-239,466,442
-154,1967,-629,-121,-107,417
-136,1977,-607,336,561,215
-130,1991,-599,666,538,46
-122,2003,-624,-317,829,16
-120,1996,-636,-1435,863,55
-141,1979,-619,-1023,921,43
-171,1971,-596,-202,719,36
-176,1982,-589,137,470,-78
-163,1997,-603,-543,308,-54
-143,1997,-620,-1349,443,-185
-133,1986,-613,-1836,493,-240
-136,1973,-593,-1995,659,-275
-155,1955,-585,-1630,277,-111
-158,1947,-571,-1093,326,39
-165,1946,-569,-302,-53,238
-167,1946,-578,103,-18,337
-168,1950,-597,53,-811,548
-152,1943,-605,1033,-792,476
-151,1959,-615,1215,-667,504
-144,1971,-645,182,-1315,563
-115,1975,-640,-213,-387,473
-100,1974,-622,-81,-315,233
-92,1968,-615,-106,28,297
-90,1959,-623,-500,11,167
-100,1964,-620,-1437,106,162
-99,1956,-612,-1579,136,82
-99,1944,-596,-1278,160,119
-99,1932,-586,-325,283,144
-104,1938,-584,689,340,112
-116,1949,-599,1060,335,72
-116,1959,-625,676,550,74
-111,1973,-640,175,670,202
-110,1979,-630,64,408,307
-96,1978,-608,207,558,254
-89,1977,-601,50,604,222
-92,1977,-604,-259,800,160
-108,1980,-604,-515,765,244
-116,1972,-593,-27,558,236
-121,1972,-588,578,541,134
-128,1984,-589,455,739,112
-129,2003,-599,-301,793,169
-122,2010,-594,-1207,842,257
-119,2002,-580,-1375,789,258
-123,1998,-564,-1459,686,219
-135,1998,-548,-959,600,185
-130,1983,-555,-786,803,166
-138,1980,-564,-1737,757,145
-131,1972,-557,-2304,848,28
-124,1969,-551,-2413,1546,106
-117,1965,-559,-2282,668,135
-88,1941,-565,-310,381,17
-59,1928,-594,1072,-291,358
-2,1926,-640,1283,-856,691
62,1916,-706,598,-702,941
87,1880,-769,275,-1850,1309
113,1831,-806,581,-2547,1935
227,1798,-845,406,-2372,1846
354,1797,-891,-545,-1351,1505
428,1773,-959,-1924,-669,1137
448,1724,-1036,-3266,350,1253
400,1681,-1023,-3516,-190,1792
291,1691,-903,1609,-917,2529
175,1751,-854,6916,-3110,3378
177,1860,-910,9797,-3219,3682
197,2069,-970,10291,-3179,3744
205,2320,-1050,6276,-3784,3554
128,2564,-1062,-1105,-4054,2894
-55,2694,-951,-8078,-4501,2567
-213,2697,-708,-13133,-6059,1345
-215,2644,-415,-12355,-4713,-697
-253,2552,-133,-6445,-5322,-1432
-280,2427,66,2826,-6614,-1958
-288,2329,142,12923,-6967,-3181
-273,2253,29,17199,-5679,-4763
-274,2182,-222,15435,-6412,-5819
-209,2115,-433,10080,-5579,-6432
-132,1993,-578,480,-2968,-5030
-87,1810,-610,-5605,-1607,-4447
-154,1631,-518,-10049,722,-3393
-257,1494,-452,-9472,-1084,-2873
-300,1507,-254,-3647,-317,-2782
-371,1508,-117,2650,-3148,-2977
-452,1454,-66,11337,-4393,-3059
-455,1393,-88,23202,-5071,-3145
-485,1406,-272,31424,-5326,-3061
-560,1404,-632,31520,-9316,-2858
-529,1423,-956,25461,-5812,-2932
-482,1410,-1208,20420,-4748,-2922
-510,1381,-1312,15361,-3743,-2878
-635,1364,-1393,11769,-6754,-2223
-687,1388,-1404,8850,-3731,-1688
-695,1391,-1382,6693,-3958,-1926
-759,1341,-1359,5763,-4544,-1591
-839,1315,-1388,6215,-6258,188
-753,1432,-1341,6905,-4514,844
-657,1570,-1352,7099,-4688,823
-606,1608,-1409,6992,-2386,182
-516,1586,-1438,9957,-864,-1222
-519,1597,-1490,11854,-663,-303
-583,1639,-1669,9597,-54,-194
-579,1674,-1891,4231,1379,-1119
-607,1643,-2078,-1067,3432,-883
-650,1622,-2133,-4053,4689,-474
-670,1623,-2090,-7919,3762,-887
-615,1555,-1970,-10774,5971,-675
-493,1362,-1861,-7145,7372,-2130
-385,1403,-1680,-7427,7807,-2958
-539,1328,-1634,-6624,8169,-738
-695,1305,-1683,-9892,5294,-36
-725,1325,-1671,-16549,5499,305
-652,1313,-1599,-18682,3741,-71
-612,1287,-1420,-18291,5103,629
-627,1357,-1293,-19117,3556,734
-616,1268,-1189,-16403,4907,34
-638,1312,-1080,-16819,4168,120
-692,1361,-978,-16778,2179,1360
-627,1397,-862,-9529,3467,1549
-615,1457,-799,-7738,2138,1573
-627,1469,-793,-8073,2814,1544
-673,1546,-765,-9662,473,1859
-648,1528,-738,-3873,16,2423
-542,1691,-651,-3958,1907,2815
-469,1692,-643,-1050,1646,2921
-437,1744,-586,2530,1528,2526
-412,1785,-559,9326,2215,1067
-441,1802,-636,12254,2293,-125
-445,1833,-770,10718,3522,-1070
-487,1910,-915,4818,3505,-798
-430,1982,-981,-4178,5861,-1697
-440,1994,-970,-9208,8445,-2115
-557,2002,-884,-10331,6775,-1564
-603,1993,-744,-12252,8160,-1213
-669,1889,-631,-13808,5816,-759
-705,1788,-463,-12900,7272,-623
-768,1739,-313,-9895,7007,-295
-770,1723,-246,-7725,445,1498
-587,1578,-251,-1651,-1360,2477
-357,1457,-332,4392,-4141,1677
-103,1563,-391,10433,-2092,-1379
-75,1819,-525,12842,1197,-3488
-147,1905,-850,8757,-5538,-1997
118,1922,-1064,-1390,494,-1273
183,1875,-1185,-9359,1076,-434
207,1819,-1123,-6154,1105,-466
167,1824,-965,11038,3908,-2245
21,1851,-977,28558,1444,-4021
-15,1814,-1272,32767,1444,-4152
82,1933,-1711,23683,1705,-3902
203,2045,-2134,3711,2572,-3186
237,2042,-2271,-13803,5428,-2856
32,1856,-2127,-19929,5467,-1651
-176,1674,-1810,-17953,2457,-937
-292,1537,-1417,-9841,2688,-397
-396,1499,-1122,-816,508,1360
-404,1535,-986,5846,-562,2212
-384,1610,-1009,7257,6,2309
-349,1733,-1121,3158,-585,2122
-241,1810,-1253,-3577,-102,1381
-110,1862,-1286,-8995,2515,392
-138,1877,-1264,-12381,3934,635
-207,1873,-1164,-13353,2298,681
-242,1832,-997,-12159,3159,585
-291,1731,-856,-7823,283,950
-214,1670,-714,-2035,1269,62
-190,1691,-625,3630,2957,-741
-380,1764,-629,6892,1490,626
-517,1800,-727,6766,-2009,2023
-400,1775,-844,5921,-1548,1241
-336,1788,-938,4370,-931,518
-329,1807,-1016,2347,-2485,1021
-254,1807,-1045,816,-1748,1044
-264,1826,-1030,239,-786,1397
-318,1865,-1019,-941,-2675,2045
-262,1856,-1003,-945,-1606,1740
-224,1841,-982,-883,-1310,1535
-216,1819,-960,-134,-1592,1615
-181,1807,-935,734,-1158,1342
-145,1801,-928,1527,-582,999
-168,1830,-931,1476,282,1470
-217,1844,-974,277,-1187,1948
-206,1830,-1001,-515,-662,1791
-211,1819,-1012,-198,-946,1490
-201,1835,-1001,-334,-319,1020
-188,1863,-992,-1668,-409,830
-138,1883,-972,-3199,440,434
-156,1896,-936,-4357,1381,606
-205,1875,-892,-4016,161,807
-201,1862,-823,-1998,937,553
-199,1859,-781,522,536,206
-168,1869,-778,1723,550,-154
-129,1883,-808,1428,1784,-626
-187,1888,-868,69,1941,-16
-265,1864,-932,-1434,568,583
-260,1857,-939,-2711,434,369
-226,1868,-908,-2914,485,43
-188,1870,-866,-2216,309,43
-142,1860,-829,-1352,630,-23
-142,1848,-805,-519,1028,37
-193,1841,-793,395,156,308
-214,1841,-788,1483,4,294
-195,1847,-797,2460,-253,62
-167,1863,-823,2679,224,-26
-159,1874,-865,1947,128,108
-164,1882,-905,733,279,154
-177,1896,-921,-250,495,63
-185,1902,-921,-693,274,-9
-160,1901,-902,-868,1105,-262
-167,1901,-887,-851,1377,-67
-189,1889,-879,-855,1251,150
-204,1880,-877,-1164,672,234
-195,1873,-858,-979,838,101
-208,1866,-848,-380,466,266
-215,1854,-853,-102,34,532
-216,1844,-867,-142,-203,737
-219,1867,-873,-969,-557,754
-197,1888,-871,-2165,-628,366
-180,1898,-854,-2707,-657,198
-178,1892,-821,-2219,-377,380
-186,1881,-787,-813,-698,619
-170,1879,-761,477,-801,626
-130,1882,-753,1489,-116,274
-115,1883,-774,1711,-80,77
-114,1883,-803,1587,255,59
-134,1888,-836,1022,553,227
-154,1891,-870,528,141,295
-156,1898,-884,-152,523,148
-154,1901,-892,-1198,296,1
-145,1894,-884,-1606,430,51
-150,1877,-864,-1474,420,180
-169,1860,-842,-632,-198,560
-159,1848,-826,504,-181,398
-161,1854,-826,1086,-34,351
-162,1868,-840,710,-488,321
-134,1872,-857,264,-184,112
-134,1878,-866,6,330,172
-171,1874,-874,469,-117,603
-181,1870,-878,830,-457,802
-159,1873,-881,1375,-392,543
-145,1888,-886,1053,-112,368
-129,1909,-896,-210,61,237
-128,1917,-896,-1727,670,179
-153,1904,-885,-2380,18,288
-149,1888,-846,-2081,432,281
-153,1878,-806,-971,255,184
-162,1872,-781,500,212,123
-161,1877,-781,1297,88,52
-162,1889,-795,1348,313,86
-161,1888,-831,1034,82,93
-156,1889,-858,152,304,22
-149,1899,-872,-877,240,-82
-151,1897,-871,-1600,495,-94
-159,1884,-860,-1654,114,-10
-143,1867,-833,-696,305,-149
-144,1860,-811,361,617,-78
-144,1854,-812,1096,123,-28
-122,1849,-823,1514,878,-224
-137,1859,-844,1500,568,-220
-156,1871,-862,972,715,-53
-162,1882,-879,66,404,65
-157,1883,-886,200,550,109
-156,1882,-887,384,290,166
-145,1883,-887,298,251,178
-142,1881,-886,-147,454,195
-159,1876,-884,-559,34,348
-160,1873,-873,-784,120,319
-160,1871,-857,-647,-18,362
-151,1868,-840,-323,-92,333
-141,1876,-824,522,413,309
-149,1894,-830,525,-294,378
-126,1899,-840,178,114,233
-114,1900,-853,98,405,0
-135,1899,-862,-117,435,110
-132,1895,-874,-425,55,-20
-135,1909,-866,-543,1390,-40
-176,1916,-874,-1261,-122,289
-149,1905,-865,-1472,530,221
-139,1903,-853,-1915,631,172
-148,1889,-842,-2007,119,252
-144,1880,-821,-1561,404,328
-121,1885,-805,-754,820,76
-137,1887,-810,-426,836,39
-141,1886,-824,-1191,200,31
-105,1881,-824,-1692,985,-319
-116,1870,-816,-1551,892,-223
-129,1859,-799,-971,605,-146
-134,1857,-776,-155,747,-93
-156,1855,-768,858,233,71
-148,1860,-765,1588,198,63
-151,1865,-778,2205,-62,169
-139,1869,-804,2463,-236,154
-132,1876,-836,2089,-262,158
-122,1884,-866,1490,-85,50
-119,1880,-887,1167,44,-57
-130,1889,-893,521,52,-1
-122,1888,-889,138,-25,-75
-113,1885,-875,-198,522,-194
-132,1880,-862,-32,314,-7
-140,1872,-847,667,328,52
-140,1863,-845,1865,247,47
-147,1866,-851,2135,475,4
-155,1877,-876,1819,448,88
-158,1877,-903,903,363,176
-152,1875,-925,-236,209,204
-139,1874,-924,-574,546,41
-146,1874,-909,-610,457,-1
-147,1875,-890,-590,445,-68
-145,1873,-875,-253,492,-68
-145,1863,-870,660,773,-132
-162,1864,-874,943,354,5
-160,1862,-887,1001,482,33
-163,1862,-905,767,584,97
-162,1868,-922,-218,160,35
-151,1865,-925,-945,424,-18
-151,1848,-917,-1057,92,10
-147,1826,-904,-109,1055,226
-176,1816,-916,365,36,799
-209,1776,-946,1563,-1396,1339
-207,1743,-973,2589,-2281,2101
-150,1725,-1015,2555,-2642,2634
-79,1716,-1072,1387,-2699,2858
-23,1711,-1128,-777,-2979,3163
48,1682,-1159,-2203,-4052,3090
126,1643,-1148,-1447,-3288,3039
190,1606,-1132,332,-3492,2699
262,1586,-1139,2161,-1523,2099
312,1557,-1226,3234,-1097,1451
343,1564,-1348,1530,157,1263
320,1570,-1501,-3093,-1068,1831
306,1544,-1598,-6057,-597,2094
252,1555,-1586,-6130,-1510,2901
176,1639,-1463,-2307,-3074,4424
174,1722,-1395,6233,-4589,5024
238,1970,-1406,9804,-3950,4530
350,2205,-1476,7531,-1201,4620
271,2517,-1505,-4686,-2129,3291
84,2621,-1395,-17311,-1718,1875
-73,2626,-1064,-26694,-2068,-111
-102,2507,-614,-27653,405,-1583
-142,2318,-175,-19270,-911,-2155
-182,2159,192,-5406,-1809,-2101
-205,2074,415,11211,-2943,-2913
-267,2022,387,21825,-4990,-3357
-246,1979,178,25540,-7024,-5238
-196,1907,-127,24016,-3131,-5844
-174,1853,-494,15647,-5115,-5436
-70,1784,-717,6433,-1141,-5125
-92,1709,-815,-3334,-839,-4534
-186,1643,-822,-6220,-2018,-4526
-277,1518,-706,-2195,-132,-4310
-431,1389,-591,7744,-2358,-3703
-563,1381,-548,16195,-5156,-3275
-674,1391,-618,21053,-11123,-2207
-683,1419,-709,25076,-5921,-2417
-769,1360,-992,21540,-11784,-1519
-711,1418,-1169,13025,-8135,-1936
-691,1431,-1334,10041,-5497,-2177
-717,1455,-1371,7037,-6018,-1632
-809,1560,-1378,3139,-7093,-17
-808,1562,-1433,1817,-6392,700
-649,1576,-1395,-4497,-3460,-22
-623,1429,-1254,-6177,-2567,208
-657,1229,-1086,-2202,-5674,1557
-583,1230,-878,3528,-5628,1062
-512,1310,-788,18254,-4327,640
-580,1486,-947,27820,-6160,2746
-530,1640,-1330,26533,-2821,1834
-480,1660,-1905,15175,-369,232
-437,1683,-2261,-421,4054,-192
-454,1640,-2368,-10325,8078,-642
-442,1597,-2196,-11643,9344,-1957
-417,1587,-1917,-6474,9040,-1655
-536,1466,-1761,-896,11673,-1367
-724,1364,-1797,1690,7188,-464
-741,1389,-1759,-883,8338,536
-521,1452,-1780,-5828,-2896,-4511
-442,1325,-1829,-14360,7143,-3650
-515,1380,-1837,-25503,3907,-2914
-524,1242,-1763,-27132,6451,-1343
-446,1220,-1468,-28129,9393,-3063
-623,1176,-1256,-22211,7975,-1718
-749,1266,-1060,-23067,855,-585
-647,1330,-855,-15570,3767,-745
-619,1361,-747,-8696,5964,-607
-745,1455,-713,-4557,2770,1017
-748,1507,-748,-4752,877,1363
-671,1682,-739,-8194,1399,118
-572,1773,-745,-10570,475,327
-426,1723,-713,-9621,1836,636
-378,1680,-633,-4040,4685,309
-473,1785,-571,-1176,2666,918
-449,1861,-548,-760,4677,36
-426,1918,-568,-3002,10070,-1127
-525,2009,-615,-7165,7203,75
-473,2031,-551,-11652,9755,1170
-445,1991,-443,-15125,9207,858
-539,1927,-279,-13394,8287,716
-680,1847,-111,-8427,5655,497
-791,1731,22,-4643,5277,314
-781,1597,56,-3785,-1305,825
-477,1503,101,-1260,-836,905
-213,1527,123,3150,3533,186
-158,1625,29,12479,776,98
-29,1746,-177,22156,1974,-360
-4,1776,-556,21843,3127,127
-2,1850,-952,14529,2514,1462
149,1926,-1299,10200,842,606
332,2008,-1555,8641,83,-1999
437,2102,-1730,8533,735,-5788
454,2162,-1809,4856,1302,-8362
356,2197,-1811,-2949,4934,-8144
51,2077,-1773,-7620,3103,-4337
-124,1893,-1648,-7985,875,-723
-150,1762,-1451,-4689,3336,742
-183,1655,-1292,1686,1886,1528
-173,1620,-1190,6737,694,1639
-127,1605,-1203,10485,-318,1730
-110,1632,-1264,11495,-281,1865
-150,1692,-1372,7683,-945,2389
-180,1725,-1485,1748,-2005,2695
-163,1786,-1511,-5371,-1795,2483
-144,1820,-1425,-9261,-1032,2575
-174,1803,-1245,-7310,-583,3139
-200,1806,-1045,-3568,-276,3362
-120,1776,-1002,-1452,2563,2628
-108,1811,-1033,-3236,-1001,1271
-114,1847,-992,-4687,3862,1052
-252,1885,-961,-6233,405,1454
-305,1855,-895,-6010,697,1700
-270,1807,-829,-4846,-147,1588
-207,1787,-769,-2820,331,1236
-189,1805,-739,-2285,130,1106
-151,1804,-750,-2277,-694,604
-136,1812,-760,-1826,-156,429
-193,1815,-770,830,-1422,973
-225,1825,-757,4361,-1479,1301
-229,1853,-820,5745,-1625,1524
-197,1879,-882,5914,-1264,1161
-167,1925,-974,3388,-684,870
-190,1944,-1042,-884,-1311,881
-166,1937,-1062,-4887,-612,487
-144,1916,-1009,-6293,-430,65
-110,1888,-905,-5320,129,-377
-82,1859,-798,-2532,627,-411
-89,1830,-730,1190,1151,-255
-161,1840,-720,3777,1364,83
-244,1885,-784,2839,-313,865
-201,1880,-885,209,-997,537
-153,1896,-930,-1966,-117,389
-171,1897,-935,-3372,-1084,563
-179,1875,-907,-3192,-1031,641
-193,1837,-867,-2341,-1439,613
-189,1822,-821,-856,-1580,594
-197,1825,-783,1212,-1146,661
-188,1834,-785,2172,-1916,899
-125,1850,-803,1920,-985,535
-108,1866,-835,669,-1044,597
-112,1860,-853,-11,-896,717
-124,1856,-844,94,-1062,635
-142,1868,-819,1185,-757,808
-133,1866,-826,2060,-1109,770
-111,1860,-846,2534,-267,752
-112,1850,-886,2793,-548,803
-112,1864,-917,2231,127,798
-136,1877,-940,1390,-235,932
-134,1877,-954,727,-654,1144
-93,1886,-939,-164,-140,863
-85,1890,-917,-196,75,694
-111,1898,-888,343,77,791
-127,1889,-882,806,-500,949
-101,1877,-885,1484,19,727
-97,1881,-897,2120,-17,701
-85,1889,-927,1436,-39,521
-65,1892,-957,102,385,31
-84,1887,-972,-895,422,37
-106,1880,-962,-1656,267,287
-89,1860,-938,-1556,555,119
-89,1851,-904,-1161,636,20
-86,1846,-880,-622,687,-17
-88,1837,-872,-356,614,54
-96,1829,-871,200,659,55
-109,1824,-881,634,390,300
-89,1827,-897,585,195,47
-83,1823,-916,777,514,4
-97,1820,-927,1137,335,-30
-105,1821,-938,1214,393,-71
-130,1826,-943,1202,184,565
-137,1815,-930,2325,-752,827
-89,1814,-926,3687,1104,424
-115,1839,-970,3326,-310,700
-104,1848,-1007,2517,-492,304
-86,1841,-1039,1577,679,42
-101,1838,-1065,124,46,93
-100,1831,-1052,-364,52,-163
-107,1816,-1023,122,1040,-263
-121,1819,-1014,-195,318,-186
-118,1810,-1006,-508,383,-262
-115,1805,-990,-487,467,-161
-124,1792,-989,-260,367,-136
-124,1788,-984,-279,252,-117
-118,1783,-983,311,220,-152
-118,1787,-990,507,317,-215
-128,1794,-1003,455,181,84
-124,1795,-1010,502,105,112
-125,1787,-1013,687,-226,124
-116,1792,-1003,1370,-219,266
-108,1797,-997,2089,-204,132
-110,1809,-1016,1950,-202,268
-106,1815,-1035,1554,-526,377
-98,1796,-1016,2921,-2432,53
-80,1771,-998,4536,1068,152
-113,1771,-1055,4173,-1671,341
-120,1754,-1082,4013,-819,633
-110,1740,-1112,3516,-1005,214
-116,1738,-1150,1990,-1034,127
-128,1724,-1168,1183,-634,363
-136,1717,-1177,796,-402,716
-136,1703,-1178,654,-480,932
-128,1693,-1154,1620,-1942,798
-124,1681,-1138,3426,-771,758
-143,1688,-1166,3657,-1299,1080
-125,1694,-1177,4358,-2790,920
-137,1675,-1185,6051,-1082,1676
-141,1657,-1242,6024,-2356,1400
-153,1665,-1269,5996,-3792,1745
-128,1642,-1284,6196,-3876,1272
-131,1637,-1296,6139,-4408,1206
-148,1584,-1324,6924,-4377,994
-159,1559,-1359,6375,-4476,888
-186,1526,-1387,6349,-3579,1049
-213,1504,-1420,5626,-3799,1201
-241,1488,-1453,4722,-3803,1523
-249,1466,-1480,3929,-3871,1394
-241,1445,-1491,3612,-3267,1470
-226,1407,-1505,4696,-3125,1578
-207,1398,-1519,5074,-2664,1677
-208,1378,-1545,4577,-2015,1269
-247,1378,-1576,3601,-2719,610
-292,1367,-1628,2812,-737,1048
-280,1368,-1658,1137,-1729,1166
-236,1362,-1656,381,-1509,793
-209,1371,-1670,-1744,-636,292
-221,1360,-1624,-1866,-483,269
-230,1350,-1591,-1935,-569,334
-233,1334,-1572,-1937,24,181
-251,1338,-1546,-1969,-389,373
-277,1330,-1525,-1531,-479,150
-293,1335,-1505,-689,-522,213
-274,1350,-1513,-369,-489,181
-261,1351,-1553,-256,27,155
-264,1366,-1560,-508,106,247
-287,1359,-1549,556,-991,617
-282,1377,-1528,1035,-1756,979
-243,1387,-1569,219,-539,868
-209,1401,-1616,-1915,-383,932
-193,1387,-1631,-2626,-706,1195
-183,1354,-1649,-1937,256,1099
-192,1342,-1657,-2105,-1264,693
-201,1315,-1670,-1912,256,822
-204,1250,-1705,-1317,26,438
-215,1210,-1704,-216,273,573
-232,1193,-1695,246,-548,1240
-234,1163,-1703,680,-1719,1918
-194,1143,-1724,998,-2057,2030
-146,1147,-1742,306,-2673,2164
-89,1161,-1777,-288,-1331,2031
-42,1219,-1808,-1444,114,708
-119,1238,-1827,-2671,1006,731
-213,1228,-1848,-2707,685,2088
-311,1224,-1875,-2238,-868,5251
-328,1270,-1887,-2244,-6119,6539
-232,1282,-1840,473,-7314,5154
-257,1317,-1743,6198,-3709,4238
-226,1469,-1716,6130,-2381,2837
-211,1607,-1706,3383,-8568,2999
-206,1665,-1632,3386,-10046,2807
-170,1675,-1537,655,-9148,2207
-199,1637,-1413,-74,-6560,2255
-236,1622,-1320,846,-3787,1216
-305,1618,-1223,2899,-4239,-159
-392,1586,-1145,5483,-4745,-1045
-474,1508,-1102,10555,-7354,-805
-515,1462,-1058,17118,-13773,-804
-527,1398,-1032,22474,-16493,-1411
-581,1258,-1120,24939,-20788,-642
-611,1104,-1205,28903,-20545,742
-642,958,-1333,31150,-21707,61
-729,848,-1438,30715,-21159,1645
-866,845,-1595,27023,-21581,2715
-984,749,-1776,20327,-16110,4349
-1041,628,-1919,13443,-13551,3354
-1031,538,-1898,8950,-9623,1275
-1056,455,-1769,9236,-5349,-1137
-1094,454,-1655,6317,-4456,-2249
-1236,403,-1588,4122,-5956,-793
-1320,337,-1520,2235,-7101,431
-1318,311,-1438,4135,-7040,338
-1343,245,-1420,6155,-7920,82
-1397,220,-1440,5053,-11042,-1056
-1431,224,-1395,4810,-14784,-2650
-1418,177,-1299,11818,-8895,-1401
-1388,127,-1334,11124,-6760,-2469
-1430,39,-1463,9524,-8727,-2965
-1468,24,-1554,8233,-6628,-3008
-1492,128,-1589,4275,-4114,-4111
-1598,180,-1573,219,-1910,-1982
-1709,183,-1586,-3114,-1239,369
-1726,179,-1581,-5925,-1575,665
-1686,144,-1505,-3808,-846,1304
-1671,127,-1445,-3181,782,1559
-1682,110,-1455,-1599,571,385
-1687,81,-1489,723,1879,-839
-1647,80,-1603,840,501,-2266
-1634,88,-1630,-1194,1134,-1493
-1657,98,-1614,-117,613,-952
-1727,88,-1578,853,2198,-1640
-1805,88,-1561,-78,2468,-1823
-1829,113,-1546,-1259,1860,-956
-1750,146,-1512,-2953,3823,-592
-1697,94,-1495,-2659,2390,601
-1617,74,-1468,-4227,3410,2614
-1589,73,-1459,-4916,5459,2835
-1678,103,-1462,-5945,6710,3809
-1750,150,-1456,-8517,7529,7491
-1681,82,-1390,-6414,3317,7474
-1414,16,-1259,3571,3302,4074
-1350,60,-1329,2067,4176,2519
-1463,160,-1491,-2729,5707,3990
-1452,271,-1554,-9117,6949,5067
-1303,161,-1444,-9055,3872,3202
-1261,-6,-1310,-1734,5879,1170
-1131,227,-1362,-5846,5893,-1532
-1261,339,-1421,-4893,5653,-627
-1327,421,-1448,-6447,2744,1577
-1287,341,-1363,-2729,2053,2698
-1198,336,-1346,1382,2178,1299
-1138,440,-1462,-133,1931,-916
-1222,421,-1567,-2367,1495,-59
-1178,388,-1588,-3834,1416,-1474
-1161,360,-1607,-4007,3529,-3614
-1196,428,-1683,-6506,4968,-4909
-1250,458,-1646,-5852,6163,-4401
-1198,524,-1585,-3753,4640,-4292
-1192,566,-1599,-2537,3685,-4304
-1205,625,-1609,-1582,3470,-2378
-1123,653,-1662,-3169,3886,-3319
-1048,692,-1687,-5758,5332,-4204
-1104,744,-1658,-7628,5383,-3601
-1158,744,-1602,-9809,4479,-2953
-1133,715,-1469,-5889,5466,-3818
-1149,663,-1397,-2565,6735,-2986
-1175,668,-1373,3215,4176,-1199
-1203,664,-1508,4445,-761,322
-1198,591,-1662,4626,-1554,820
-1177,512,-1782,2135,517,779
-1133,450,-1853,119,1090,631
-1129,401,-1844,-530,2800,-549
-1164,378,-1782,259,1904,69
-1179,330,-1684,2845,250,1538
-1160,268,-1631,5885,-2171,2659
-1090,223,-1652,6677,-2045,1991
-991,226,-1745,4444,-129,448
-944,160,-1843,2607,495,-161
-936,91,-1850,4002,474,-701
-991,68,-1852,3948,790,-1076
-1083,33,-1846,3607,606,-1196
-1131,13,-1830,3749,463,-1395
-1120,2,-1843,5226,51,-1094
-1046,-28,-1896,5928,-547,-692
-993,-119,-1947,7096,-1300,19
-951,-154,-2025,5841,-310,-1690
-991,-154,-2115,2790,1831,-2893
-1028,-121,-2088,312,2559,-2995
-1052,-100,-2010,664,2192,-1882
-1073,-84,-1904,2589,702,-514
-1055,-72,-1835,4498,-168,-14
-1022,-64,-1834,4686,83,-197
-1020,-66,-1858,4013,111,-613
-1046,-58,-1876,4160,175,-1016
-1078,-38,-1909,4414,-100,-444
-1089,-52,-1967,3151,-260,237
-1045,-46,-2002,946,269,171
-1041,5,-1954,113,-54,645
-1062,24,-1898,-144,-457,910
-1062,22,-1880,-135,-75,877
-1061,0,-1880,-105,-174,1008
-1070,-4,-1876,-471,-149,1002
-1080,-14,-1865,-1266,327,1070
-1090,-1,-1844,-1130,36,1035
-1090,7,-1823,-860,-157,1016
-1086,7,-1799,-54,-596,1002
-1084,10,-1794,344,-352,1155
-1084,15,-1807,-174,-483,1259
-1085,16,-1809,-1564,-198,963
-1097,9,-1769,-1073,44,775
-1102,4,-1729,377,-125,741
-1094,-2,-1739,892,-500,592
-1093,-1,-1770,775,-579,143
-1104,-1,-1799,363,-327,-259
-1109,-7,-1797,529,20,-63
-1084,-10,-1810,-113,-210,-108
-1091,6,-1798,-319,28,-123
-1105,11,-1769,66,-165,-115
-1102,-3,-1749,814,-477,-84
-1080,-24,-1750,1358,-400,-157
-1068,-32,-1759,1732,-100,-400
-1083,-24,-1770,1884,-160,-379
-1094,-27,-1771,2088,-63,-177
-1073,-39,-1790,1861,-134,-56
-1071,-44,-1812,1640,108,31
-1095,-43,-1807,1539,191,242
-1131,-32,-1784,2500,58,695
-1139,-38,-1778,2808,-111,991
-1133,-82,-1793,3193,-20,1427
-1093,-134,-1826,2479,223,1017
-1060,-159,-1850,1196,658,10
-1079,-168,-1828,1427,398,144
-1075,-159,-1823,1471,403,-90
-1081,-159,-1834,776,348,-332
-1071,-174,-1839,215,313,-259
-1064,-182,-1844,-569,360,-511
-1070,-187,-1836,-1230,467,-867
-1082,-191,-1821,-973,840,-1101
-1095,-176,-1813,-274,553,-1049
-1119,-157,-1819,-384,200,-696
-1124,-163,-1824,-707,147,-404
-1113,-160,-1804,-433,202,-503
-1111,-151,-1797,-100,136,-572
-1116,-152,-1798,50,51,-565
-1106,-149,-1803,8,21,-415
-1098,-142,-1803,-86,-67,-248
-1092,-136,-1794,-217,-113,-43
-1089,-130,-1795,-369,23,50
-1089,-136,-1803,-569,117,-20
-1099,-142,-1817,-814,346,-206
-1107,-142,-1814,-524,112,-294
-1100,-128,-1806,-423,82,-161
-1089,-119,-1801,-818,64,139
-1084,-112,-1782,-1019,107,285
-1090,-110,-1756,-570,-47,177
-1105,-114,-1748,-162,82,97
-1110,-123,-1754,105,-46,173
-1111,-129,-1762,24,176,225
-1114,-133,-1764,52,145,245
-1118,-128,-1771,-24,153,253
-1114,-130,-1779,-130,32,208
-1108,-148,-1776,50,116,64
-1114,-146,-1779,428,307,-223
-1135,-144,-1794,604,78,-252
-1136,-142,-1811,494,17,-53
-1123,-132,-1823,-61,146,245
-1111,-125,-1814,-344,214,327
-1111,-118,-1797,-256,60,478
-1105,-118,-1785,54,93,470
-1096,-118,-1787,55,88,481
-1093,-120,-1795,-105,-26,440
-1097,-119,-1796,-228,-119,620
-1097,-125,-1791,-220,96,430
-1111,-133,-1791,-329,241,324
-1120,-138,-1800,-296,237,244
-1124,-144,-1796,21,82,302
-1122,-141,-1801,-11,-22,538
-1111,-142,-1795,-20,-39,640
-1106,-146,-1796,-111,71,362
-1107,-149,-1789,-326,151,271
-1105,-155,-1777,-312,248,155
-1106,-153,-1769,-194,368,166
-1116,-146,-1771,-334,374,147
-1119,-149,-1765,-44,405,-29
-1114,-151,-1776,258,412,-61
-1119,-146,-1807,-105,268,88
-1116,-144,-1802,-340,388,141
-1104,-146,-1797,-316,296,101
-1101,-142,-1790,-225,345,-100
-1102,-134,-1781,-214,293,-152
-1107,-137,-1774,-220,258,-138
-1112,-137,-1768,-128,419,-317
-1114,-135,-1769,247,181,-250
-1110,-135,-1780,167,300,-180
-1105,-131,-1795,-90,313,-34
-1106,-128,-1805,-240,338,-39
-1109,-127,-1813,-486,266,-29
-1110,-132,-1805,-468,339,2
-1110,-127,-1790,-249,206,85
-1116,-122,-1784,-123,145,211
-1126,-125,-1783,67,242,291
-1136,-138,-1794,278,145,250
-1140,-151,-1812,395,195,216
-1138,-160,-1831,-98,225,387
-1131,-170,-1822,-745,406,580
-1121,-174,-1799,-899,366,513
-1115,-199,-1780,-1278,976,315
-1108,-236,-1753,-683,1485,569
-1100,-276,-1754,-102,1227,534
-1099,-306,-1777,649,1345,844
-1096,-319,-1783,1548,181,1660
-1057,-336,-1831,449,457,1623
-1028,-355,-1867,-826,662,1371
-1005,-370,-1872,-1850,875,982
-990,-374,-1864,-2002,1053,946
-993,-351,-1854,-2529,586,910
-1018,-343,-1837,-2649,898,796
-1052,-319,-1830,-2041,897,575
-1094,-296,-1831,-2242,927,717
-1082,-289,-1823,-1493,1057,969
-1062,-275,-1823,-336,709,1270
-1068,-271,-1844,-1086,430,1552
-1064,-292,-1825,-73,79,1706
-1079,-271,-1798,1856,550,1658
-1110,-226,-1839,3136,-1021,1780
-1106,-198,-1882,2416,-342,2222
-1089,-216,-1911,2912,-1787,2546
-1054,-142,-1940,1830,-1679,2149
-1089,-87,-1933,2012,-1753,2203
-1117,-24,-1921,3680,-2485,2326
-1111,73,-1954,4251,-3792,2494
-1116,145,-1940,2392,-2737,2981
-1125,193,-1881,1602,-2327,2828
-1134,249,-1764,3361,-2416,3568
-1176,251,-1666,6368,-4661,3335
-1195,201,-1602,9264,-5115,3219
-1271,162,-1565,12516,-5130,3261
-1369,103,-1625,13359,-7240,4099
-1372,29,-1649,14378,-8889,5099
-1265,-46,-1678,13291,-9889,4523
-1197,-160,-1728,9118,-8135,3372
-1204,-229,-1733,6570,-7103,3285
-1251,-227,-1641,5807,-7658,3994
-1294,-239,-1534,6613,-7811,4031
-1337,-247,-1457,7198,-8832,3059
-1378,-260,-1390,7328,-7846,880
-1466,-313,-1348,8150,-6459,1417
-1533,-372,-1313,8185,-7440,2280
-1561,-382,-1261,7635,-6905,3063
-1570,-365,-1242,4829,-6878,2528
-1624,-354,-1216,4308,-6385,2325
-1701,-370,-1213,411,-5634,4044
-1703,-314,-1206,-7784,-3246,5705
-1680,-276,-1160,-9615,30,6537
-1751,-242,-1088,-8302,2078,7637
-1803,-192,-1105,-6729,646,6454
-1762,-180,-1137,-5729,-1690,6178
-1741,-180,-1069,-6048,583,7184
-1719,-199,-1059,-4616,-2364,7377
-1673,-134,-1158,-8682,-7733,4578
-1652,-71,-1118,-10312,-6055,4748
-1604,47,-1107,-11889,-7766,-349
-1517,98,-1013,-10343,-5247,-3997
-1487,96,-978,-9351,-1532,-7024
-1507,93,-1026,-10860,-665,-11066
-1487,14,-1021,-9617,160,-14162
-1433,-131,-899,-2402,2172,-18229
-1522,-355,-804,6515,9339,-19088
-1785,-558,-853,23791,1746,-18422
-1992,-703,-995,32767,-6128,-15036
-2074,-739,-1102,32767,-8701,-13524
-2095,-627,-1187,32767,-5919,-13704
-2196,-187,-1574,16846,-2922,-2952
-2455,-359,-1899,-9757,-3192,7000
-2354,-768,-1678,-19692,-3425,1904
-2092,-934,-1217,-10233,-2331,1125
-1822,-1007,-921,-7295,-130,-750
-1658,-1032,-767,-2075,3915,-5532
-1775,-1034,-824,3910,10508,-6116
-1938,-795,-987,979,9281,-4357
-1914,-520,-1020,-7330,3938,-695
-1777,-598,-977,-9462,7637,1771
-1679,-720,-999,-8169,4273,1776
-1563,-719,-1078,-8605,421,-811
-1538,-757,-1023,-8770,7003,-3295
-1651,-787,-1015,-9219,8741,-1796
-1827,-832,-1004,-8729,2365,-1052
-1821,-769,-1005,-7793,-526,-412
-1712,-749,-961,-7245,3498,864
-1641,-779,-995,-5398,3059,-91
-1599,-766,-1049,-6318,1174,-431
-1563,-737,-1033,-6993,1913,-1335
-1501,-746,-1004,-5497,2197,-2683
-1442,-731,-1042,-5124,1515,-4216
-1462,-649,-1068,-6081,2416,-4554
-1496,-629,-1083,-5014,1812,-3643
-1492,-639,-1078,-3064,2104,-4345
-1544,-633,-1136,-112,1937,-5541
-1677,-633,-1246,-2898,4745,-4411
-1749,-580,-1260,-2510,3358,-3567
-1645,-508,-1205,-326,2080,-6134
-1574,-570,-1235,-2256,5871,-4532
-1555,-615,-1253,237,4597,-1216
-1529,-573,-1309,-1101,3354,-2583
-1546,-594,-1377,-4660,2065,-2557
-1500,-672,-1380,-8549,2777,-676
-1454,-682,-1398,-7679,-878,2273
-1478,-591,-1426,-5397,-4580,6381
-1420,-510,-1319,-4994,-40,6104
-1393,-475,-1273,-4468,2431,3583
-1385,-488,-1358,-5057,3075,1614
-1304,-491,-1420,-4043,1447,664
-1288,-453,-1491,-4521,1392,1647
-1352,-437,-1508,-5071,1172,3710
-1439,-352,-1516,-4065,827,3378
-1453,-255,-1523,-4636,2106,673
-1372,-279,-1466,-4025,4845,-1092
-1334,-244,-1520,-4936,5144,-908
-1282,-264,-1587,-5437,3995,178
-1218,-302,-1620,-5966,2859,49
-1238,-265,-1632,-3699,-1208,-128
-1321,-207,-1602,-1425,-564,-440
-1365,-208,-1556,-1419,2814,-1763
-1360,-279,-1566,483,1335,-2834
-1323,-418,-1602,1068,-270,-2225
-1362,-465,-1667,-1268,-954,-2356
-1388,-436,-1622,-4825,-1020,-5160
-1410,-398,-1508,-1450,-1461,-5430
-1461,-416,-1414,4233,889,-2042
-1374,-514,-1503,1793,2098,-1444
-1242,-636,-1621,1391,482,34
-1183,-666,-1695,1154,874,-584
-1245,-653,-1762,1383,78,-859
-1356,-661,-1751,1866,-1143,-1007
-1439,-686,-1697,1564,-1387,-810
-1434,-704,-1615,646,819,-244
-1432,-685,-1568,596,-106,-243
-1402,-684,-1487,868,426,121
-1289,-666,-1463,1491,-398,252
-1181,-630,-1458,1675,-45,160
-1140,-611,-1488,903,-106,-32
-1136,-581,-1530,-923,15,376
-1172,-550,-1567,-2597,346,101
-1231,-516,-1554,-3413,212,-639
-1275,-508,-1503,-3192,210,-2019
-1361,-503,-1538,-854,-1033,-1947
-1505,-507,-1560,1370,230,-203
-1562,-492,-1559,2018,2135,-360
-1570,-506,-1611,1516,-170,134
-1485,-501,-1636,-459,-152,-229
-1367,-456,-1613,-1477,354,-204
-1310,-423,-1556,1280,-115,782
-1238,-431,-1575,-228,601,702
-1226,-431,-1584,-423,-68,824
-1282,-398,-1568,-898,665,625
-1349,-378,-1538,-759,933,558
-1345,-385,-1486,986,1609,1076
-1270,-397,-1560,124,1740,1679
-1232,-430,-1580,124,1721,1596
-1205,-466,-1576,507,994,1298
-1145,-488,-1547,11,2015,964
-1055,-480,-1592,-654,1537,1159
-1008,-382,-1685,-2305,2028,100
-1089,-375,-1702,-1961,-1001,-838
-1234,-420,-1613,-881,-1400,-2662
-1267,-423,-1576,-367,2609,-2884
-1269,-422,-1675,293,1008,-2043
-1309,-458,-1673,280,926,-1985
-1310,-456,-1713,928,64,-1425
-1322,-431,-1692,1476,153,-1422
-1335,-423,-1661,2487,509,-1787
-1331,-454,-1679,3201,197,-1500
-1313,-487,-1717,2816,-531,-1048
-1298,-518,-1715,1400,-886,-445
-1293,-512,-1687,588,-458,-136
-1314,-502,-1630,524,409,-193
-1352,-505,-1617,1224,-282,-409
-1339,-513,-1627,332,224,-163
-1309,-531,-1617,-301,501,184
-1286,-533,-1600,-330,613,424
-1272,-510,-1602,-500,1054,733
-1263,-494,-1598,-419,1368,1001
-1265,-492,-1621,-381,1225,1299
-1278,-499,-1635,-541,956,1269
-1274,-499,-1634,-460,828,1005
-1257,-495,-1639,-787,1048,1020
-1246,-491,-1637,-515,867,947
-1245,-492,-1639,-830,1034,1001
-1243,-486,-1622,-638,848,898
-1222,-482,-1602,-448,853,711
-1192,-481,-1589,-105,816,573
-1184,-476,-1592,82,699,582
-1194,-479,-1593,319,369,418
-1204,-493,-1604,530,165,161
-1213,-506,-1615,669,120,-89
-1225,-518,-1618,645,295,-447
-1220,-528,-1635,539,413,-447
-1222,-527,-1645,606,152,-378
-1230,-525,-1662,602,-52,-422
-1241,-534,-1668,534,-131,-551
-1247,-535,-1659,538,-248,-592
-1230,-511,-1643,-175,325,-354
-1234,-518,-1631,406,-140,-461
-1227,-510,-1629,244,5,-384
-1222,-496,-1627,181,-65,-96
-1225,-497,-1610,209,-78,-15
-1235,-504,-1599,557,-162,-133
-1248,-518,-1588,660,-7,-236
-1257,-527,-1591,929,-123,-105
-1256,-529,-1602,854,155,74
-1252,-542,-1615,713,178,277
-1246,-559,-1621,562,248,464
-1254,-571,-1618,511,356,389
-1256,-585,-1623,340,592,236
-1240,-598,-1640,6,449,374
-1221,-598,-1652,-480,552,448
-1217,-585,-1657,-740,669,510
-1224,-575,-1661,-1067,913,528
-1228,-569,-1648,-933,897,624
-1213,-558,-1647,-911,706,389
-1214,-563,-1652,-1083,899,782
-1218,-546,-1644,-758,770,680
-1206,-533,-1632,-511,843,341
-1197,-540,-1633,-610,1009,607
-1187,-527,-1636,-336,831,700
-1190,-520,-1642,-538,820,608
-1174,-518,-1655,-444,700,172
-1172,-533,-1665,-793,780,267
-1167,-517,-1669,-735,541,135
-1171,-500,-1661,-641,454,-356
-1186,-519,-1666,-973,568,-146
-1181,-520,-1676,-696,396,-257
-1180,-510,-1675,-600,261,-338
-1187,-497,-1669,-623,295,-391
-1199,-491,-1662,-398,184,-405
-1207,-487,-1666,-309,178,-337
-1203,-487,-1671,-444,220,-234
-1194,-486,-1668,-510,243,-237
-1189,-480,-1662,-411,175,-215
-1190,-474,-1652,-288,21,-190
-1197,-470,-1644,-284,67,-177
-1206,-482,-1642,-133,101,-361
-1221,-503,-1646,182,-89,-240
-1220,-510,-1650,178,99,-207
-1214,-511,-1661,397,57,-305
-1207,-513,-1670,349,163,-509
-1202,-513,-1674,221,-50,-649
-1203,-505,-1662,-56,-71,-664
-1197,-499,-1655,-329,-137,-597
-1199,-497,-1643,-219,-81,-586
-1215,-504,-1634,96,-76,-393
-1226,-508,-1632,185,57,-245
-1234,-514,-1636,41,79,47
-1231,-514,-1635,-168,180,315
-1225,-515,-1636,-165,257,536
-1227,-513,-1640,-28,330,520
-1233,-517,-1645,110,465,487
-1231,-525,-1658,24,567,728
-1224,-524,-1662,-208,477,1121
-1211,-513,-1659,-350,517,1202
-1197,-504,-1664,-208,322,1133
-1187,-501,-1664,57,138,701
-1187,-506,-1658,6,385,399
