-73,1659,-1292,171,159,25
-79,1657,-1301,179,157,16
-89,1653,-1306,240,61,-1
-91,1651,-1316,272,46,21
-92,1648,-1326,323,-28,13
-85,1651,-1324,270,69,13
-87,1653,-1322,206,102,54
-100,1651,-1323,196,41,27
-107,1648,-1327,220,-26,10
-99,1647,-1330,259,-62,66
-90,1653,-1331,208,129,9
-91,1651,-1332,176,289,-37
-98,1645,-1334,271,293,-36
-100,1647,-1327,248,329,-32
-102,1649,-1326,216,316,20
-101,1655,-1314,217,356,-36
-93,1660,-1309,187,386,-5
-92,1657,-1312,307,248,-42
-86,1657,-1307,218,303,-58
-83,1652,-1310,246,279,-10
-83,1654,-1309,168,344,-7
-85,1653,-1309,159,395,-61
-87,1654,-1310,222,289,-47
-78,1658,-1306,158,380,-32
-80,1655,-1307,157,341,-61
-78,1655,-1314,127,338,-28
-81,1656,-1312,39,267,-20
-80,1651,-1319,162,321,-33
-87,1647,-1326,132,223,-31
-94,1644,-1330,205,140,-23
-94,1645,-1330,283,122,-48
-87,1649,-1330,248,78,-33
-82,1650,-1327,352,142,-14
-79,1653,-1324,311,81,-47
-78,1652,-1320,286,235,-74
-85,1652,-1322,261,255,-58
-93,1652,-1322,231,148,-76
-94,1651,-1324,237,113,-10
-96,1648,-1325,302,98,-63
-90,1651,-1325,217,82,-31
-85,1652,-1323,221,261,-46
-87,1655,-1322,175,249,-61
-85,1657,-1314,153,267,-69
-87,1653,-1317,166,232,-39
-90,1651,-1314,269,198,-84
-84,1656,-1314,203,206,0
-84,1652,-1320,220,140,-42
-88,1651,-1323,166,218,-43
-90,1654,-1318,239,225,-48
-86,1653,-1315,223,210,-20
-84,1652,-1319,267,197,-58
-83,1653,-1314,240,145,-44
-81,1654,-1312,247,208,-42
-83,1655,-1310,212,184,-27
-82,1655,-1307,226,250,-87
-84,1654,-1311,200,163,-56
-86,1652,-1315,213,272,-100
-84,1651,-1315,256,269,-114
-80,1651,-1321,160,264,-55
-82,1653,-1322,251,380,-102
-89,1654,-1320,214,252,-105
-94,1652,-1321,210,194,-88
-96,1649,-1325,200,191,-91
-91,1652,-1323,223,161,-105
-82,1651,-1322,189,183,-97
-83,1650,-1320,165,250,-119
-83,1653,-1311,154,167,-146
-80,1658,-1311,167,202,-128
-80,1656,-1314,97,343,-133
-86,1648,-1326,95,330,-126
-91,1644,-1327,215,318,-208
-84,1646,-1325,162,240,-154
-78,1652,-1323,144,298,-101
-83,1655,-1324,95,346,-126
-92,1656,-1319,14,234,-103
-99,1657,-1312,15,150,-78
-104,1653,-1319,29,50,-5
-105,1652,-1318,35,76,-63
-95,1656,-1307,32,34,-64
-83,1659,-1305,23,261,-90
-89,1659,-1310,67,350,-108
-98,1662,-1308,43,241,-96
-105,1656,-1312,121,169,-95
-105,1655,-1314,219,263,-110
-96,1657,-1311,86,88,-25
-88,1658,-1302,160,225,-28
-87,1663,-1300,153,283,-15
-92,1665,-1303,198,309,-35
-99,1666,-1303,211,176,-51
-105,1664,-1302,249,26,-56
-101,1662,-1301,275,117,-57
-94,1663,-1301,294,191,-52
-84,1662,-1302,256,333,-125
-82,1664,-1300,216,248,-131
-84,1665,-1300,166,318,-84
-94,1659,-1302,275,264,-130
-92,1658,-1305,307,317,-141
-87,1660,-1302,377,215,-113
-81,1664,-1302,285,247,-114
-82,1665,-1297,189,364,-126
-95,1661,-1304,162,275,-124
-101,1657,-1308,215,287,-137
-103,1652,-1317,317,108,-117
-93,1653,-1314,352,119,-110
-86,1654,-1314,256,206,-89
-88,1655,-1312,207,393,-140
-90,1656,-1312,226,307,-81
-95,1659,-1313,259,278,-93
-106,1656,-1314,227,132,-133
-100,1654,-1315,244,168,-119
-95,1656,-1320,283,276,-158
-90,1657,-1318,188,337,-140
-97,1654,-1322,235,310,-56
-111,1658,-1318,191,369,-144
-114,1654,-1321,278,198,-129
-110,1652,-1321,280,89,-83
-102,1656,-1310,235,155,-14
-96,1664,-1297,80,248,-53
-87,1666,-1287,42,224,-46
-84,1666,-1287,-44,307,21
-83,1663,-1287,20,220,-12
-82,1664,-1293,65,300,-52
-86,1661,-1297,74,299,-4
-93,1658,-1300,131,333,-23
-99,1667,-1296,103,405,-76
-106,1666,-1304,107,325,-35
-111,1661,-1311,232,216,-93
-106,1658,-1313,271,207,-80
-96,1657,-1319,331,267,-103
-91,1656,-1319,264,364,-51
-93,1665,-1306,197,376,-82
-104,1662,-1307,168,263,-57
-111,1659,-1307,257,267,-122
-102,1659,-1302,192,134,-38
-88,1661,-1295,225,83,-42
-77,1665,-1291,214,175,-20
-77,1664,-1289,193,162,-62
-78,1663,-1292,210,246,-86
-82,1661,-1294,188,285,-119
-84,1658,-1302,265,364,-107
-88,1658,-1304,282,290,-132
-92,1659,-1315,321,298,-115
-94,1657,-1317,290,326,-113
-97,1658,-1314,259,231,-81
-99,1658,-1310,253,186,-99
-99,1654,-1312,353,157,-49
-99,1658,-1311,294,100,-52
-96,1662,-1307,175,243,-66
-100,1661,-1304,84,288,-109
-101,1657,-1310,188,184,-82
-97,1657,-1311,198,290,-78
-98,1660,-1309,182,316,-65
-104,1664,-1298,127,226,-62
-104,1664,-1297,130,146,-38
-103,1663,-1296,171,181,-63
-99,1668,-1292,114,171,-35
-97,1667,-1288,18,215,22
-96,1665,-1286,12,85,3
-91,1669,-1287,63,169,-56
-83,1670,-1288,40,351,-88
-84,1663,-1304,98,340,-63
-93,1661,-1308,135,324,-98
-101,1659,-1314,221,244,-70
-105,1660,-1319,252,340,-124
-102,1660,-1321,156,467,-137
-105,1656,-1319,248,315,-94
-100,1662,-1308,180,285,-80
-95,1663,-1301,214,326,-80
-93,1666,-1296,165,239,-74
-92,1671,-1293,152,327,-100
-95,1669,-1295,182,186,-77
-94,1665,-1300,185,187,-23
-96,1661,-1302,216,173,-45
-90,1663,-1295,235,302,-65
-89,1666,-1296,225,265,-53
-90,1667,-1291,221,204,-68
-91,1665,-1293,177,237,-20
-93,1664,-1297,229,252,-80
-92,1664,-1300,214,187,-95
-87,1663,-1299,209,212,-63
-84,1664,-1299,163,297,-84
-88,1666,-1301,138,349,-110
-97,1667,-1303,152,302,-155
-102,1663,-1307,233,166,-78
-100,1664,-1306,222,216,-84
-97,1666,-1303,263,111,-112
-93,1668,-1300,182,185,-63
-98,1666,-1299,211,282,-147
-98,1662,-1301,193,247,-119
-97,1663,-1297,249,188,-83
-96,1666,-1298,205,336,-98
-99,1666,-1295,218,245,-98
-102,1664,-1296,240,131,-51
-101,1664,-1294,215,139,-81
-94,1663,-1299,211,232,-82
-88,1661,-1298,192,352,-92
-91,1663,-1296,176,225,-65
-96,1667,-1291,195,268,-84
-99,1666,-1293,163,222,-80
-95,1667,-1288,142,258,-69
-88,1667,-1287,173,303,-110
-84,1671,-1283,93,374,-102
-85,1674,-1281,62,398,-126
-92,1677,-1273,11,510,-140
-102,1681,-1272,-257,551,-154
-106,1673,-1279,-74,454,-154
-111,1663,-1300,179,234,-71
-111,1660,-1313,248,108,-39
-102,1657,-1323,319,224,-51
-100,1663,-1311,268,330,-59
-96,1669,-1302,225,439,-126
-98,1673,-1291,191,325,-93
-100,1674,-1286,206,121,-32
-105,1672,-1288,212,188,-33
-106,1666,-1292,294,52,-18
-97,1665,-1295,270,68,-4
-85,1667,-1292,225,298,-84
-81,1671,-1288,185,296,-105
-82,1672,-1285,187,373,-95
-93,1670,-1287,236,432,-151
-101,1667,-1294,284,168,-59
-98,1667,-1292,247,170,-46
-94,1666,-1292,289,114,-26
-89,1670,-1288,216,225,-66
-89,1671,-1286,217,239,-49
-96,1672,-1288,177,210,-59
-100,1671,-1288,214,221,-60
-102,1666,-1297,262,195,-42
-101,1664,-1302,281,149,-16
-91,1668,-1295,245,313,-53
-89,1669,-1293,250,485,-74
-95,1674,-1286,196,311,-69
-97,1677,-1281,209,298,-45
-102,1671,-1290,260,270,-87
-99,1668,-1297,271,267,-69
-93,1669,-1293,272,231,-62
-88,1674,-1289,268,324,-77
-91,1673,-1291,223,341,-101
-95,1669,-1290,307,405,-123
-96,1670,-1295,347,255,-98
-95,1666,-1303,355,122,-19
-94,1664,-1302,471,231,-127
-86,1663,-1305,460,114,-78
-81,1662,-1300,464,261,-80
-83,1664,-1299,389,387,-90
-91,1668,-1293,322,294,-71
-103,1666,-1295,299,107,-63
-107,1664,-1305,288,204,-66
-107,1657,-1305,382,-81,-31
-89,1662,-1301,349,66,3
-81,1663,-1299,320,125,-1
-83,1662,-1305,259,276,-57
-95,1661,-1299,306,264,-69
-96,1664,-1299,222,222,-53
-100,1660,-1304,283,88,-34
-98,1659,-1300,350,47,-30
-93,1661,-1301,244,128,2
-91,1665,-1300,223,246,-76
-90,1664,-1296,194,278,-83
-92,1665,-1290,237,190,-78
-94,1666,-1289,147,235,-63
-96,1663,-1301,188,410,-55
-104,1660,-1306,247,205,-44
-99,1659,-1306,264,243,-89
-91,1662,-1300,215,272,-60
-86,1664,-1294,158,289,-60
-88,1668,-1293,133,457,-86
-97,1659,-1309,210,374,-119
-102,1652,-1316,244,215,-80
-97,1653,-1313,320,236,-70
-90,1660,-1308,275,341,-77
-87,1664,-1302,271,380,-76
-86,1667,-1297,201,402,-96
-92,1662,-1295,192,272,-52
-97,1660,-1304,197,317,-51
-104,1655,-1313,319,215,-82
-100,1655,-1310,262,112,-65
-92,1660,-1305,276,212,-13
-91,1661,-1302,244,286,-30
-88,1663,-1297,163,278,-71
-88,1659,-1297,247,252,-34
-89,1654,-1301,346,172,-50
-86,1663,-1296,252,277,-45
-83,1665,-1296,232,357,-8
-88,1665,-1297,267,305,-62
-92,1668,-1297,210,309,-53
-98,1664,-1305,273,265,-87
-96,1661,-1315,284,303,-75
-93,1660,-1319,326,329,-58
-92,1657,-1317,352,335,-71
-95,1658,-1314,339,225,-22
-99,1660,-1308,279,215,-64
-96,1659,-1314,225,307,-88
-97,1655,-1314,384,250,-92
-89,1654,-1316,407,214,-67
-82,1652,-1314,418,304,-75
-82,1650,-1315,403,293,-39
-80,1656,-1307,319,502,-64
-89,1660,-1298,279,357,-70
-88,1664,-1295,301,305,-122
-90,1659,-1305,318,235,-85
-89,1655,-1310,312,281,-81
-88,1651,-1316,341,397,-67
-86,1651,-1315,355,294,-64
-83,1657,-1310,290,329,-34
-86,1660,-1306,328,311,-29
-93,1662,-1306,300,185,-44
-93,1658,-1309,298,148,-41
-89,1653,-1313,243,118,-19
-84,1654,-1314,227,195,-1
-84,1652,-1321,209,340,-2
-95,1646,-1323,266,318,2
-99,1653,-1317,269,206,-23
-96,1655,-1320,320,172,-14
-95,1655,-1320,298,109,-32
-82,1657,-1314,299,197,-34
-73,1661,-1314,178,291,-16
-79,1656,-1318,234,306,29
-89,1653,-1320,301,241,2
-92,1660,-1313,205,159,0
-90,1658,-1307,220,236,-9
-83,1655,-1313,203,129,44
-80,1658,-1309,240,207,-39
-75,1652,-1312,231,212,-1
-73,1647,-1316,224,255,-34
-73,1647,-1310,226,245,-94
-66,1642,-1327,160,230,-20
-73,1646,-1331,282,326,-92
-77,1647,-1333,301,226,-52
-80,1649,-1330,315,239,-89
-85,1653,-1328,178,225,-72
-83,1649,-1326,197,135,-57
-84,1645,-1331,202,162,-72
-88,1644,-1330,236,44,-42
-85,1643,-1331,242,155,-60
-84,1641,-1334,233,179,-85
-83,1642,-1332,226,240,-84
-84,1646,-1323,215,380,-115
-84,1649,-1320,195,428,-79
-91,1653,-1314,139,298,-67
-97,1657,-1311,158,160,-76
-93,1659,-1301,175,263,-98
-85,1659,-1303,160,219,-52
-77,1658,-1302,113,275,-37
-79,1658,-1299,179,262,-62
-81,1658,-1304,139,460,-127
-89,1652,-1318,175,293,-90
-89,1651,-1319,271,330,-147
-83,1653,-1319,291,306,-67
-83,1659,-1313,243,366,-73
-89,1662,-1313,188,396,-67
-96,1661,-1310,220,329,-93
-95,1658,-1319,239,181,-77
-86,1653,-1322,230,277,-49
-84,1653,-1327,333,268,-23
-86,1660,-1323,280,289,-58
-85,1653,-1321,273,163,5
-88,1652,-1317,308,113,-18
-85,1654,-1310,243,103,-77
-72,1650,-1309,276,183,-42
-65,1651,-1311,204,229,-9
-61,1653,-1306,181,290,-54
-66,1651,-1310,128,282,-1
-75,1653,-1311,167,261,-84
-81,1652,-1320,197,183,-79
-81,1651,-1325,236,242,-137
-76,1650,-1329,244,285,-113
-73,1650,-1328,223,334,-88
-77,1652,-1327,196,328,-70
-87,1653,-1326,157,248,-56
-99,1649,-1332,199,105,-69
-100,1649,-1332,176,69,-100
-95,1645,-1330,204,30,-32
-88,1650,-1324,198,238,-93
-84,1653,-1317,212,177,-70
-79,1656,-1311,239,224,-106
-77,1656,-1308,160,203,-30
-78,1656,-1308,149,224,-99
-81,1657,-1308,86,202,-81
-80,1654,-1312,180,231,-58
-76,1652,-1316,173,308,-141
-78,1649,-1321,180,335,-117
-80,1648,-1327,195,321,-138
-82,1648,-1325,229,329,-111
-84,1653,-1322,200,257,-99
-86,1656,-1321,235,141,-103
-88,1657,-1315,184,127,-66
-87,1653,-1316,231,130,-89
-85,1654,-1311,140,81,-67
-80,1657,-1310,118,252,-71
-86,1654,-1316,171,199,-115
-86,1653,-1318,220,316,-154
-90,1648,-1324,205,187,-100
-90,1648,-1323,221,304,-123
-86,1650,-1315,197,343,-114
-86,1653,-1314,150,273,-103
-88,1658,-1309,134,296,-140
-91,1661,-1306,142,276,-104
-92,1658,-1304,250,140,-63
-86,1657,-1303,205,132,-106
-78,1655,-1313,154,125,-69
-78,1655,-1317,110,349,-121
-83,1654,-1319,161,504,-90
-92,1652,-1320,210,435,-84
-92,1653,-1315,170,330,-85
-93,1659,-1303,169,295,-68
-90,1666,-1289,229,283,-125
-83,1668,-1289,126,224,-96
-83,1662,-1295,177,347,-112
-84,1660,-1303,218,295,-128
-84,1659,-1310,244,322,-66
-92,1655,-1321,241,315,-54
-92,1654,-1318,274,321,-88
-91,1656,-1319,217,389,-71
-94,1656,-1316,252,286,-88
-86,1659,-1313,241,259,-58
-87,1659,-1311,147,207,-41
-87,1659,-1311,183,200,-62
-84,1659,-1309,185,215,-54
-79,1661,-1306,169,283,-61
-78,1656,-1315,218,330,-90
-83,1656,-1316,185,439,-126
-81,1654,-1311,213,352,-88
-82,1648,-1323,204,302,-40
-88,1651,-1316,232,196,-58
-83,1655,-1308,268,330,-69
-82,1657,-1312,269,183,-70
-79,1662,-1311,177,165,-46
-77,1662,-1312,159,212,-63
-79,1662,-1312,90,308,-60
-84,1657,-1312,73,344,-78
-83,1651,-1318,161,173,-58
-87,1649,-1325,155,186,-40
-92,1652,-1320,173,271,-96
-86,1655,-1317,190,290,-81
-82,1654,-1314,241,285,-83
-84,1654,-1313,225,251,-83
-81,1663,-1305,260,343,-122
-82,1666,-1302,144,253,-100
-84,1656,-1309,151,338,-107
-85,1653,-1314,205,211,-87
-79,1658,-1312,170,236,-100
-81,1661,-1315,146,316,-60
-90,1657,-1315,217,159,-114
-87,1657,-1307,179,197,-109
-82,1659,-1307,120,212,-91
-80,1659,-1309,129,212,-70
-84,1660,-1305,130,216,-93
-82,1659,-1305,126,155,-36
-81,1656,-1310,154,187,-71
-79,1655,-1315,212,275,-107
-76,1655,-1319,211,410,-107
-85,1652,-1324,231,377,-109
-91,1655,-1315,235,264,-146
-90,1659,-1318,192,264,-86
-94,1657,-1312,223,166,-99
-88,1657,-1305,238,216,-36
-80,1660,-1297,175,286,-121
-79,1658,-1297,190,135,-74
-69,1663,-1283,185,390,-109
-69,1669,-1281,101,414,-95
-75,1669,-1287,43,432,-138
-85,1665,-1292,142,413,-158
-90,1664,-1304,149,473,-156
-97,1657,-1321,299,407,-156
-96,1657,-1319,293,285,-118
-89,1663,-1308,257,440,-116
-86,1668,-1300,236,489,-129
-87,1669,-1297,223,395,-132
-86,1670,-1296,179,401,-114
-92,1662,-1302,194,268,-96
-89,1660,-1305,229,399,-92
-86,1658,-1308,190,294,-109
-84,1659,-1308,219,347,-126
-78,1663,-1300,188,418,-112
-78,1665,-1298,218,294,-80
-77,1661,-1302,237,401,-99
-81,1656,-1311,214,361,-134
-85,1655,-1314,262,372,-75
-85,1657,-1311,221,239,-60
-84,1660,-1307,255,290,-58
-80,1663,-1308,175,412,-90
-87,1662,-1311,224,355,-103
-86,1660,-1308,221,284,-83
-87,1657,-1312,315,166,-52
-81,1662,-1309,247,267,-65
-81,1663,-1307,213,225,-48
-82,1665,-1303,216,248,-32
-85,1663,-1306,239,168,-51
-83,1662,-1307,267,152,-79
-77,1663,-1310,317,293,-89
-75,1659,-1310,334,303,-105
-67,1664,-1306,235,319,-83
-70,1670,-1297,186,360,-81
-75,1668,-1301,150,425,-122
-89,1663,-1311,122,332,-86
-94,1656,-1314,215,225,-87
-89,1652,-1318,340,169,-114
-73,1656,-1315,268,267,-108
-69,1657,-1311,235,433,-109
-75,1655,-1308,233,420,-115
-79,1660,-1296,190,239,-105
-79,1663,-1303,101,195,-53
-86,1663,-1305,132,48,-56
-83,1662,-1309,110,179,-71
-85,1652,-1325,225,117,-57
-83,1648,-1327,233,192,-105
-73,1654,-1319,206,329,-68
-73,1660,-1315,94,470,-95
-86,1661,-1311,76,321,-80
-91,1665,-1295,86,196,-89
-83,1664,-1291,71,58,-44
-76,1665,-1289,-93,103,-6
-72,1669,-1280,-141,349,-121
-67,1673,-1283,-151,441,-80
-71,1671,-1283,-224,446,-110
-73,1665,-1288,-44,455,-86
-81,1663,-1299,93,512,-160
-81,1668,-1298,110,530,-165
-78,1668,-1294,107,454,-112
-73,1674,-1285,44,481,-157
-75,1675,-1283,73,525,-178
-78,1672,-1291,168,434,-140
-81,1670,-1299,151,460,-88
-84,1668,-1303,137,332,-116
-77,1674,-1300,180,456,-103
-78,1671,-1299,163,625,-19
-80,1661,-1308,309,697,-118
-69,1659,-1308,369,852,-104
-70,1645,-1301,662,1006,-248
-54,1623,-1291,1151,1290,-487
-7,1596,-1266,1619,1967,-898
81,1595,-1240,2276,2811,-1502
184,1598,-1194,2703,4098,-1969
260,1621,-1177,3154,5714,-2421
248,1636,-1152,3116,6321,-2750
159,1635,-1130,3431,5608,-2935
25,1637,-1114,3419,3002,-2526
-82,1632,-1102,4103,-798,-2203
-91,1711,-1105,3882,-3793,-1820
-55,1832,-1031,3234,-6110,-1602
64,1906,-990,3573,-7852,-1663
320,2080,-952,3366,-7491,-2333
604,2541,-925,425,-1553,-3872
707,2814,-799,-2216,1865,-5236
550,2946,-787,-4121,3546,-5338
197,3053,-703,-6347,4485,-6187
-25,3214,-530,-13946,2271,-5529
-18,3208,-290,-21108,-58,-3547
140,3202,-21,-27099,-1744,-1556
581,3335,48,-31830,2879,60
884,3494,-458,-32768,7418,2563
755,3774,-897,-32768,17685,2208
391,3960,-994,-32768,22953,318
71,4152,-959,-32768,14745,2463
-215,4301,-932,-32768,16743,450
-587,4484,-1055,-32768,17643,-4786
-820,4504,-1063,-32768,7635,-5137
-775,4400,-938,-32768,123,-3676
-674,4064,-857,-32768,-3587,-2745
-539,3698,-946,-32768,-7284,193
-216,3478,-1022,-32768,-738,2466
-53,3144,-1090,-32768,2087,2883
61,2590,-1195,-32768,4741,3019
94,1919,-1212,-32768,7799,2430
136,1321,-1164,-32768,12954,1611
-53,638,-1159,-29779,13298,866
-521,223,-998,-24700,11073,2062
-963,-142,-771,-16845,4140,2987
-1084,-464,-664,-10339,799,1739
-902,-699,-492,-4330,-1204,1116
-706,-827,-269,2298,-2746,1295
-562,-855,-186,8334,-892,1879
-400,-774,-86,13967,-1569,3079
-337,-654,-128,19192,146,3231
-441,-523,-145,25111,-1417,3647
-587,-367,-175,30273,-2107,2760
-680,29,-215,32767,-5031,2915
-612,466,-200,32767,-5778,2760
-518,773,-327,32767,-6108,1347
-483,1170,-371,32767,-9432,3395
-401,1784,-179,32767,-10990,4318
-23,2302,-172,32767,-3555,2916
-28,2466,-431,32767,-3882,1664
-392,2579,-423,32767,-6874,-1544
-513,3073,-231,32767,-14036,-2317
-294,3490,-202,32767,-15110,-3330
-94,3634,-400,32767,-12516,-5395
-134,3861,-768,32767,-9604,-7534
-280,3970,-852,32767,-8329,-7224
-390,3993,-616,32767,-20164,-1714
-287,3854,-555,32767,-25996,1247
40,3559,-816,27115,-19498,-568
485,3246,-994,24317,-3425,-2875
676,2928,-841,23618,3206,-1078
498,2699,-628,21711,3326,-673
184,2451,-695,22023,660,-1902
-57,2145,-1004,21360,742,-1921
-131,2052,-1059,20126,3235,-1491
-87,2057,-866,15082,4049,2345
-85,2106,-469,8822,4370,4842
-30,2433,60,-4286,3100,7087
-365,2341,-127,6378,2106,5856
-744,1891,-1656,6420,-6525,2326
-940,1737,-2135,6051,-23207,-304
-69,2051,-1791,6597,-4894,717
699,2053,-1583,2321,5649,9337
668,2263,-1432,-581,4380,7472
393,2675,-1260,1110,11688,-121
30,3310,-1290,-3937,12075,-2843
-327,2995,-1153,-4868,5624,-721
-221,2148,-1244,-3970,2641,-267
90,1550,-1481,-4251,3555,2870
38,1224,-1557,-2786,-1740,5017
-2,1141,-1623,-1717,-2082,4599
21,1228,-1541,-1330,107,3648
24,1374,-1386,-972,1306,3206
10,1516,-1230,-869,743,2471
5,1641,-1107,-1023,613,1753
-42,1683,-1074,-1186,-1126,1832
30,1709,-1078,-1330,-2542,2470
114,1745,-1157,-1465,-2258,2281
111,1683,-1238,-1052,-2239,1380
109,1653,-1283,-1007,-2105,441
144,1656,-1279,-848,-169,47
142,1638,-1349,-1257,1233,14
74,1569,-1467,-823,65,97
-1,1500,-1527,-375,-1192,-62
-3,1478,-1541,-96,-939,78
-5,1481,-1494,-190,-2094,516
51,1529,-1424,-475,-1302,75
100,1538,-1410,-825,-755,115
95,1507,-1418,-689,59,-29
72,1468,-1460,-118,-139,-15
38,1495,-1477,-110,-81,40
-20,1554,-1460,80,-480,144
-51,1597,-1432,-200,-994,377
-52,1619,-1403,-74,-853,120
-24,1629,-1403,-133,-370,-274
0,1612,-1412,-158,-188,-457
16,1583,-1424,67,330,-517
18,1561,-1423,114,772,-463
-11,1566,-1401,235,905,-650
-46,1581,-1394,28,1028,-843
-67,1577,-1415,327,936,-817
-63,1572,-1432,140,645,-538
-62,1550,-1453,147,714,-298
-71,1561,-1446,177,553,-409
-75,1587,-1452,126,292,-382
-74,1605,-1449,113,239,-279
-83,1595,-1445,299,150,-260
-75,1584,-1424,302,143,-336
-49,1584,-1409,132,-76,-189
-30,1588,-1393,-84,-10,-4
-37,1585,-1397,-45,140,-80
-38,1571,-1402,109,60,-137
-37,1559,-1412,264,64,-137
-33,1565,-1405,208,161,-94
-35,1583,-1401,163,522,-153
-50,1594,-1390,154,318,-154
-48,1611,-1375,-22,540,-187
-47,1614,-1368,9,695,-274
-35,1605,-1395,194,818,-307
-32,1592,-1414,405,717,-243
-38,1585,-1420,414,1130,-159
-52,1592,-1401,309,977,-101
-74,1617,-1381,290,628,-157
-95,1637,-1368,117,470,-422
-95,1630,-1375,148,333,-366
-73,1600,-1386,356,202,-117
-48,1592,-1390,347,166,-63
-29,1602,-1393,191,384,-2
-41,1600,-1400,223,539,-70
-62,1595,-1407,389,479,-187
-64,1591,-1427,428,638,-117
-76,1589,-1425,493,567,-154
-69,1594,-1406,429,366,-75
-59,1598,-1398,273,251,90
-62,1598,-1385,195,165,-39
-49,1604,-1374,192,270,-101
-29,1613,-1375,181,344,-138
-32,1605,-1388,169,325,-142
-35,1600,-1392,171,589,-197
-35,1592,-1398,142,679,-45
-47,1590,-1395,214,582,-126
-44,1602,-1384,200,467,-146
-41,1609,-1378,193,280,-40
-42,1608,-1387,236,171,-103
-29,1601,-1393,226,101,-115
-14,1594,-1399,242,199,-26
-20,1594,-1412,171,395,-28
-39,1589,-1420,236,150,-71
-47,1582,-1438,381,-96,-66
-50,1583,-1433,324,-30,-67
-44,1584,-1436,224,262,-40
-52,1578,-1432,310,134,-39
-52,1571,-1433,241,115,-35
-52,1572,-1421,265,112,-90
-42,1586,-1397,217,179,-74
-37,1597,-1383,129,133,-78
-33,1603,-1378,86,356,-194
-26,1600,-1375,28,330,-171
-17,1597,-1375,64,247,-107
-15,1599,-1384,5,413,-86
-34,1589,-1403,117,301,-91
-48,1590,-1406,147,344,-175
-53,1591,-1414,139,228,-122
-53,1589,-1421,174,241,-114
-48,1589,-1422,150,280,-62
-50,1591,-1416,122,307,-52
-61,1591,-1413,135,105,-59
-59,1589,-1405,178,126,-119
-40,1593,-1399,107,210,-44
-37,1597,-1403,106,452,-63
-50,1595,-1404,137,200,-62
-48,1597,-1391,143,284,-106
-43,1596,-1397,45,486,-78
-48,1592,-1395,17,515,-116
-43,1595,-1374,174,295,-59
-31,1608,-1360,0,439,-14
-27,1617,-1353,-86,512,-21
-35,1615,-1358,-4,388,-149
-28,1616,-1372,36,441,-157
-38,1606,-1389,67,513,-53
-50,1595,-1405,156,430,-146
-46,1599,-1403,140,496,-138
-50,1603,-1408,173,460,-77
-54,1599,-1400,325,209,-106
-41,1602,-1391,320,413,-137
-35,1610,-1390,140,553,-62
-43,1609,-1386,184,340,-115
-37,1609,-1377,133,355,-36
-41,1607,-1378,277,279,-64
-39,1607,-1387,250,245,-60
-42,1595,-1394,374,79,-36
-28,1606,-1388,300,282,-11
-32,1609,-1383,310,359,-117
-27,1608,-1383,241,342,-122
-26,1605,-1382,330,194,-27
-38,1603,-1387,277,155,21
-50,1601,-1393,354,-172,-24
-33,1605,-1385,287,70,-60
-18,1607,-1385,137,277,-33
-24,1596,-1399,183,240,-48
-42,1588,-1416,324,125,-82
-47,1587,-1418,415,192,-120
-40,1592,-1409,264,92,7
-37,1596,-1401,205,271,-82
-36,1595,-1398,325,254,-116
-33,1592,-1400,279,188,-102
-34,1592,-1400,363,146,-126
-33,1598,-1397,305,268,-101
-31,1598,-1394,286,219,-64
-26,1600,-1385,170,327,-41
-31,1597,-1387,119,273,-54
-36,1588,-1399,223,287,-108
-41,1577,-1411,309,241,-94
-38,1558,-1423,472,332,-138
-20,1548,-1417,610,897,-233
-8,1530,-1407,1082,1694,-350
-22,1509,-1422,1721,2256,-933
-1,1487,-1434,2214,2790,-1342
36,1521,-1379,2678,3362,-1621
71,1614,-1253,2705,3864,-2248
90,1647,-1136,2829,3306,-2347
78,1679,-1028,2823,1573,-2308
73,1734,-973,2366,-1164,-1844
42,1694,-1025,2770,-4940,-967
42,1605,-1150,4105,-7191,-1226
192,1623,-1231,4591,-8416,-1795
475,1748,-1217,4295,-6043,-2371
663,1978,-1109,2470,-2702,-1892
590,2408,-1038,879,-2643,-2873
445,2933,-781,-3757,-2212,-3968
334,3360,-469,-10771,-248,-4280
182,3645,-211,-19431,2381,-5828
18,3652,-76,-25295,-1359,-6093
59,3530,44,-30901,-3770,-3759
553,3417,49,-32768,3056,1563
1036,3577,-541,-32768,7181,8040
995,3992,-1187,-32768,19629,6897
481,4085,-1494,-32768,25751,2296
-24,4175,-1492,-32768,18576,563
-77,4297,-1197,-32768,17662,1556
-118,4433,-1065,-32768,18542,1153
-267,4465,-1220,-32768,18485,-146
-530,4281,-1160,-32768,14240,-2622
-748,3915,-959,-32768,5573,-4642
-754,3417,-913,-32768,-1509,-2423
-646,3056,-927,-32768,-4630,471
-375,2754,-804,-32768,-1829,1637
-105,2442,-734,-32768,2774,1500
184,1967,-723,-32768,8010,17
316,1467,-795,-32768,10314,-1813
205,1002,-725,-32768,14612,-3465
-163,713,-591,-29964,10771,-1888
-570,468,-493,-25290,7210,-373
-873,71,-454,-20737,2565,77
-905,-316,-428,-14621,-1228,-42
-820,-488,-334,-8914,-3986,666
-692,-616,-255,-2268,-4518,1392
-526,-746,-218,4014,-2224,1660
-409,-801,-163,10618,-1840,1981
-388,-795,-200,17052,-1741,1688
-411,-730,-236,23168,-1023,1574
-521,-519,-187,30156,-3865,2480
-584,-107,-143,32767,-3812,2435
-615,235,-269,32767,-5069,1882
-592,587,-401,32767,-7073,1975
-542,1040,-407,32767,-9000,2405
-345,1627,-359,32767,-9428,2957
-115,2043,-455,32767,-6596,2926
-129,2330,-588,32767,-7030,2228
-274,2767,-532,32767,-9452,-3180
48,3170,-337,32767,-4574,-3906
-70,3452,-634,32767,-7858,-4717
-268,3736,-910,32767,-9379,-6806
-365,4158,-939,32767,-8178,-6439
-478,4397,-835,32767,-17081,-3454
-199,4410,-649,32767,-26944,4250
206,3979,-959,32767,-22699,5993
693,3464,-1362,32763,-3402,420
849,3255,-1150,29926,4175,-1568
675,3107,-765,29309,2995,-2246
564,2824,-777,28942,11871,-2464
155,2654,-742,23292,12926,-3007
-500,2798,-457,15194,11193,-3593
-1191,2766,174,13769,-2105,-1401
-1247,2799,-300,11566,-24349,4083
-505,2694,-855,6720,-32768,12751
744,2550,-749,3656,-13178,8820
1336,2152,-1106,7234,14296,2623
1082,2110,-1617,4939,5018,7897
784,3124,-1818,2225,17004,-23
-205,3573,-1537,-757,19827,-7936
-570,2793,-1081,-1303,8359,-10213
309,2198,-1024,-4756,9268,-1733
410,1785,-1159,-6218,3718,5802
29,1630,-1364,-6861,-2790,6892
-287,1523,-1602,-6511,-6495,6408
-492,1331,-1728,-3962,-8541,4189
-366,1214,-1751,-2376,-8535,1698
-1,1133,-1703,-336,-4001,153
301,1137,-1608,461,-183,561
370,1276,-1496,247,1759,1257
216,1439,-1415,-202,1292,1296
-34,1577,-1359,-368,-768,629
-214,1659,-1321,-448,-2620,387
-222,1678,-1290,-543,-3368,547
-117,1647,-1307,-744,-3080,704
0,1598,-1377,-1149,-1374,862
41,1545,-1421,-1262,-272,766
9,1502,-1469,-671,197,286
-34,1482,-1493,-192,-528,-88
-4,1479,-1499,-78,-467,148
14,1487,-1474,-272,-215,311
-4,1509,-1444,-631,69,254
-48,1532,-1433,-608,65,155
-82,1554,-1448,-796,169,156
-123,1521,-1495,-464,-383,184
-120,1501,-1520,-273,-422,42
-84,1494,-1535,51,-189,154
-74,1503,-1529,94,375,159
-95,1524,-1481,233,102,-29
-83,1545,-1443,299,467,-153
-83,1550,-1427,263,329,-303
-59,1545,-1405,-109,767,-216
-54,1530,-1417,108,1084,-250
-71,1519,-1453,134,1558,-315
-96,1504,-1465,399,1220,-313
-103,1539,-1479,570,1293,-374
-122,1561,-1485,539,1089,-315
-146,1582,-1471,256,399,-431
-127,1598,-1445,122,574,-344
-106,1586,-1450,280,395,-315
-83,1572,-1467,159,249,-69
-85,1548,-1488,357,420,-74
-95,1534,-1504,319,191,-67
-92,1531,-1498,364,444,-99
-93,1537,-1495,338,631,-151
-110,1537,-1489,404,329,-109
-113,1549,-1467,454,384,-178
-114,1555,-1466,390,173,-80
-119,1548,-1466,412,-227,-76
-95,1550,-1457,179,-24,-44
-80,1548,-1460,184,-30,-8
-74,1545,-1463,87,-18,50
-80,1536,-1471,105,249,12
-85,1534,-1463,105,112,18
-81,1543,-1460,37,166,-6
-86,1545,-1464,-26,-236,119
-83,1547,-1459,-13,-4,78
-75,1542,-1459,-110,-108,117
-62,1537,-1466,-64,28,97
-47,1534,-1472,-40,378,97
-60,1528,-1481,55,646,40
-83,1534,-1478,146,633,-172
-89,1541,-1472,52,623,-115
-97,1540,-1473,220,673,-157
-92,1547,-1452,350,612,-192
-66,1564,-1432,313,587,-180
-56,1579,-1417,43,612,-143
-59,1581,-1407,-5,571,-223
-55,1586,-1414,-181,587,-157
-71,1566,-1427,-58,279,-120
-66,1556,-1444,92,-6,-108
-58,1551,-1454,-33,165,-6
-62,1537,-1471,102,-64,-20
-60,1534,-1470,110,50,-37
-59,1536,-1470,152,143,-88
-64,1535,-1471,189,203,-112
-59,1543,-1466,185,231,-172
-60,1542,-1472,22,217,-40
-79,1538,-1475,157,253,-179
-85,1534,-1473,300,179,-200
-77,1542,-1478,157,207,-124
-90,1549,-1465,-42,237,-29
-92,1558,-1439,-148,254,-27
-76,1573,-1416,-277,457,-26
-71,1571,-1426,-261,490,-52
-81,1556,-1436,-48,296,-110
-68,1550,-1440,95,388,-204
-54,1552,-1440,132,465,-12
-69,1568,-1426,122,494,-80
-78,1586,-1422,-5,752,-182
-103,1582,-1422,22,255,-138
-100,1585,-1422,180,176,-163
-92,1576,-1432,122,-122,-52
-81,1567,-1444,58,-38,12
-73,1564,-1442,94,336,-70
-74,1565,-1447,163,368,-95
-87,1563,-1447,95,444,-163
-91,1567,-1450,228,280,-151
-92,1557,-1464,240,63,-62
-90,1553,-1466,403,273,-207
-79,1549,-1468,368,197,-168
-66,1558,-1457,258,403,-162
-61,1566,-1441,167,558,-102
-75,1575,-1435,40,435,-79
-96,1577,-1442,84,325,-72
-111,1564,-1451,171,-7,-93
-97,1553,-1459,160,131,-138
-78,1545,-1456,268,555,-134
-65,1547,-1454,224,653,-146
-61,1561,-1440,140,652,-159
-73,1567,-1430,223,694,-190
-80,1570,-1423,142,352,-178
-71,1571,-1423,21,408,-112
-67,1569,-1421,-28,453,-29
-67,1571,-1415,12,492,-58
-69,1569,-1408,-77,500,-89
-68,1552,-1424,199,348,-117
-56,1549,-1428,416,372,-73
-48,1560,-1427,358,700,44
-62,1577,-1414,361,718,24
-77,1591,-1400,161,631,-115
-70,1602,-1388,132,621,-190
-62,1599,-1409,25,694,-143
-77,1584,-1426,100,238,-112
-77,1569,-1437,183,241,-70
-62,1569,-1435,121,419,-89
-53,1568,-1437,160,590,-79
-54,1575,-1425,157,348,-132
-54,1575,-1411,179,239,-140
-46,1586,-1402,36,325,-117
-51,1587,-1407,96,90,-103
-56,1583,-1416,-26,209,-123
-63,1568,-1436,143,244,-113
-67,1552,-1450,332,148,-204
-57,1554,-1456,306,589,-247
-58,1559,-1452,268,483,-163
-67,1565,-1443,251,464,-135
-76,1567,-1440,286,350,-123
-81,1568,-1440,279,306,-80
-80,1570,-1432,247,174,-112
-70,1576,-1429,186,169,-28
-65,1578,-1425,94,333,-4
-71,1572,-1428,151,499,-81
-77,1569,-1430,239,376,-29
-75,1571,-1421,232,149,40
-64,1574,-1412,120,457,49
-65,1581,-1399,66,409,-4
-50,1593,-1397,62,435,-51
-59,1585,-1406,94,270,-22
-62,1584,-1408,154,444,-134
-58,1580,-1416,324,374,-55
-63,1572,-1438,491,288,-7
-70,1571,-1448,599,227,-133
-63,1574,-1450,618,302,-87
-73,1571,-1454,652,18,-51
-71,1569,-1446,713,196,-146
-66,1572,-1445,601,-111,13
-62,1582,-1434,392,-188,20
-61,1586,-1423,115,-55,60
-78,1579,-1420,48,-275,63
-80,1575,-1427,66,-486,115
-81,1556,-1447,307,-291,65
-78,1547,-1456,409,-542,72
-43,1549,-1445,418,-139,78
-21,1552,-1438,425,113,108
-20,1560,-1424,223,388,-74
-31,1566,-1422,149,725,-46
-68,1566,-1426,208,224,-70
-77,1567,-1429,188,-13,7
-73,1568,-1432,139,27,12
-64,1565,-1431,175,6,-54
-43,1571,-1429,191,387,-83
-42,1570,-1431,99,409,-114
-47,1573,-1428,198,573,-173
-57,1575,-1432,134,386,-104
-70,1571,-1438,160,230,-44
-80,1568,-1440,118,331,-75
-81,1566,-1441,195,322,-113
-71,1562,-1440,243,231,-84
-63,1564,-1440,283,383,-105
-58,1565,-1438,173,389,-104
-58,1554,-1428,237,577,-94
-61,1535,-1428,567,633,-212
-57,1502,-1427,1121,682,-606
-6,1503,-1416,1533,1184,-1240
72,1516,-1377,2050,2062,-1890
144,1533,-1305,2415,3516,-2456
172,1547,-1218,2847,4303,-2801
150,1567,-1170,3375,3925,-2974
111,1600,-1154,3914,2301,-2904
78,1614,-1170,4130,558,-2728
60,1617,-1195,3990,-1724,-2434
39,1708,-1154,3366,-4131,-2432
81,1848,-1091,2573,-6003,-2510
234,2065,-983,338,-7251,-1781
414,2348,-805,-4174,-6550,-571
497,2902,-683,-10233,-3850,-644
398,3413,-488,-17888,-403,-1267
130,3669,-226,-25268,2007,-3054
-175,3599,-28,-29156,1190,-5853
-118,3459,-22,-32557,1035,-4600
393,3413,-353,-32768,1294,2218
770,3623,-866,-32768,4418,7210
724,3898,-1188,-32768,16795,5335
354,3917,-1314,-32768,23513,1732
67,4043,-1306,-32768,25323,-9
-86,4112,-1118,-32768,27015,-2569
-462,4109,-920,-32768,18149,-6159
-833,4089,-895,-32768,2076,-5225
-848,3934,-784,-32768,-412,-2962
-773,3681,-644,-32768,-5722,720
-440,3321,-547,-32768,-3931,3203
-143,3051,-512,-32768,-3212,3090
70,2842,-497,-32768,3589,918
129,2477,-487,-32768,7184,-210
82,2009,-469,-32768,9416,-1236
-16,1539,-482,-32768,7840,-2140
-136,1152,-475,-32768,8204,-1978
-280,841,-441,-31344,7884,-1234
-358,503,-385,-26432,6350,-426
-499,131,-407,-21767,3889,1
-643,-234,-402,-16639,3894,136
-645,-535,-304,-9366,121,1664
-606,-722,-259,-3064,-371,2377
-616,-904,-256,3233,319,2390
-658,-993,-237,9612,-547,1733
-681,-957,-175,16566,-3370,2385
-655,-750,-50,21281,-4557,3171
-601,-536,-55,26222,-1852,2549
-630,-337,-86,30894,-3443,1937
-685,-99,-40,32767,-6791,1494
-577,447,63,32767,-6278,1552
-344,1029,62,32767,-6202,2577
-245,1346,-137,32767,-5688,2860
-388,1549,-210,32767,-5608,2975
-285,1894,118,32767,-5379,3541
1,2365,69,32767,-8867,2190
131,2495,-324,32767,-2049,188
-159,2586,-482,32767,-3427,-503
-484,3139,-231,32767,-10901,-3897
-197,3737,-60,32767,-9590,-5584
10,3616,-353,32767,-6360,-4067
-230,3388,-912,32767,-5940,-2105
-581,3641,-977,32767,-10070,-2061
-563,3939,-569,32767,-23245,1868
-277,3673,-613,32429,-30182,5020
202,3179,-1197,28210,-24706,3108
863,2831,-1298,30132,-5045,-70
1047,2612,-1105,30072,-765,-2665
961,2557,-1040,28208,6166,-1520
717,2530,-957,24653,17925,-1887
313,2783,-437,15202,21944,-2229
-550,3027,200,10773,8235,166
-1281,2988,-125,15120,-9050,1177
-1350,2714,-1169,7157,-32768,8757
-253,2713,-1003,3523,-32418,10558
675,2571,-651,3425,1412,5243
853,2194,-1461,3976,6184,4803
1062,2672,-1761,907,4452,5572
716,3317,-1305,-3694,21381,-3068
196,2890,-1110,-4559,18127,-4634
-53,1992,-1228,-4212,8936,-447
-170,1619,-1314,-5452,483,4417
-309,1442,-1463,-3761,-1937,4935
-454,1410,-1626,-3523,-6784,4915
-488,1413,-1620,-2279,-9663,4310
-259,1414,-1522,-1505,-8958,3229
78,1419,-1429,-607,-5721,2082
309,1442,-1366,137,-67,515
387,1496,-1331,295,2336,319
303,1549,-1303,582,2199,841
105,1625,-1289,481,1448,496
-82,1651,-1291,64,100,-2
-162,1642,-1290,146,-1566,-94
-104,1634,-1352,-13,-1612,181
-39,1588,-1411,-239,-1791,352
42,1545,-1464,-279,-814,362
60,1514,-1503,-228,-634,361
5,1477,-1508,-63,-249,-2
-17,1464,-1477,268,-422,-242
5,1478,-1456,154,-401,-236
-2,1510,-1419,220,-242,-360
5,1556,-1360,126,11,-473
19,1597,-1357,-211,-348,42
-23,1607,-1377,-538,-19,198
-104,1600,-1406,-389,32,-188
-142,1569,-1452,-37,-244,-368
-132,1549,-1474,286,-301,-302
-101,1537,-1471,519,283,-438
-82,1534,-1462,591,552,-333
-88,1545,-1434,677,1114,-511
-105,1558,-1412,404,828,-474
-106,1561,-1406,231,651,-320
-110,1551,-1409,303,859,-240
-112,1561,-1418,215,640,-235
-125,1565,-1443,-19,883,-274
-139,1554,-1472,256,1263,-484
-129,1533,-1505,304,1549,-462
-128,1522,-1508,669,1060,-285
-121,1552,-1473,426,871,-73
-130,1592,-1437,427,754,-76
-136,1609,-1421,138,779,-196
-118,1587,-1414,61,399,-200
-65,1561,-1435,-41,225,-17
-43,1530,-1466,122,869,29
-57,1508,-1481,436,668,22
-51,1520,-1466,451,731,14
-63,1558,-1446,185,499,37
-86,1587,-1422,-7,754,-127
-89,1593,-1414,-70,408,-28
-81,1589,-1415,25,47,60
-70,1576,-1425,21,-148,30
-55,1564,-1456,29,-4,17
-57,1549,-1466,193,159,-52
-56,1550,-1469,245,503,-6
-78,1544,-1468,395,428,-116
-86,1549,-1461,335,568,-132
-94,1554,-1455,304,526,-56
-101,1557,-1450,289,6,87
-103,1562,-1437,300,-392,161
-87,1569,-1434,386,-351,68
-68,1575,-1439,173,-30,14
-61,1572,-1439,122,246,11
-61,1568,-1447,114,251,51
-80,1549,-1459,242,267,23
-91,1544,-1460,339,167,8
-87,1549,-1452,427,235,-44
-77,1565,-1444,479,19,-59
-59,1581,-1430,198,185,-67
-51,1585,-1429,114,306,-29
-60,1567,-1435,53,308,-34
-66,1551,-1453,165,129,27
-78,1543,-1471,287,379,-75
-88,1538,-1475,247,285,-103
-86,1541,-1463,303,55,-45
-71,1556,-1451,329,282,-3
-76,1567,-1449,89,190,-24
-77,1561,-1449,219,207,-61
-72,1556,-1452,187,21,44
-70,1548,-1452,228,134,10
-70,1547,-1446,222,191,-48
-60,1557,-1440,251,263,-58
-63,1564,-1438,259,231,-79
-61,1563,-1429,105,250,-59
-60,1558,-1434,90,303,-79
-61,1554,-1436,169,395,-106
-59,1553,-1439,175,153,-100
-52,1558,-1436,278,139,-4
-61,1563,-1430,227,373,-186
-57,1567,-1423,58,478,-199
-57,1565,-1426,131,338,-132
-54,1577,-1426,128,433,-177
-65,1568,-1442,69,216,-112
-68,1563,-1445,6,339,-95
-77,1555,-1452,79,405,-138
-86,1549,-1469,168,263,-175
-78,1553,-1458,233,362,-144
-76,1556,-1457,173,383,-111
-80,1559,-1446,150,480,-195
-80,1558,-1453,96,253,-169
-76,1557,-1446,145,262,-139
-72,1556,-1455,142,262,-61
-76,1553,-1450,262,354,-176
-66,1555,-1440,279,378,-188
-55,1564,-1429,90,476,-165
-60,1570,-1428,155,375,-147
-59,1571,-1429,67,525,-188
-63,1566,-1431,170,524,-209
-65,1560,-1437,182,501,-214
-71,1552,-1457,191,443,-147
-82,1554,-1455,263,314,-157
-82,1560,-1448,242,163,-124
-86,1565,-1442,257,296,-193
-79,1574,-1431,123,353,-184
-72,1580,-1427,118,160,-89
-72,1573,-1436,91,32,-41
-79,1566,-1443,146,168,-91
-83,1564,-1446,183,332,-90
-85,1566,-1444,143,149,-68
-84,1564,-1444,125,93,-84
-79,1563,-1439,185,58,-114
-67,1567,-1432,85,161,-99
-58,1570,-1424,107,252,-66
-59,1575,-1426,-57,379,-84
-68,1571,-1430,-69,268,-126
-70,1554,-1443,141,302,-165
-72,1551,-1452,208,378,-153
-77,1553,-1448,225,509,-209
-74,1562,-1441,173,320,-204
-71,1563,-1441,178,242,-105
-73,1560,-1438,178,232,-83
-74,1558,-1439,134,454,-118
-78,1549,-1449,-22,419,-46
-76,1541,-1459,106,620,-85
-72,1544,-1453,-75,729,35
-75,1555,-1433,37,618,32
-77,1577,-1412,55,455,-15
-71,1594,-1397,-25,405,6
-72,1606,-1384,3,231,-43
-57,1617,-1372,-119,310,-48
-59,1619,-1374,-269,307,0
-75,1605,-1385,-199,317,-63
-78,1594,-1403,-96,283,-142
-76,1577,-1432,104,205,-152
-74,1563,-1457,233,310,-89
-86,1553,-1464,449,116,-191
-67,1572,-1439,281,257,-108
-61,1585,-1421,173,128,-57
-66,1594,-1409,284,111,-165
-75,1593,-1406,202,2,-79
-70,1586,-1410,127,-65,-62
-66,1578,-1416,142,-51,-7
-68,1576,-1428,140,135,-98
-72,1572,-1434,272,351,-209
-68,1568,-1436,321,338,-179
-72,1564,-1436,409,584,-225
-76,1561,-1431,484,325,-159
-69,1564,-1424,402,171,-50
-66,1577,-1414,184,44,49
-72,1583,-1406,153,39,16
-76,1583,-1409,169,87,-68
-67,1577,-1420,190,84,-19
-64,1577,-1430,164,135,-33
-66,1572,-1431,226,280,-106
-69,1570,-1435,246,209,-50
-75,1578,-1435,287,335,-119
-89,1580,-1433,197,170,-57
-95,1580,-1422,249,145,-143
-78,1575,-1423,174,177,-60
-69,1570,-1430,161,279,-102
-64,1569,-1429,188,397,-126
-67,1574,-1425,213,408,-117
-79,1573,-1429,233,318,-123
-83,1578,-1422,241,318,-153
-77,1580,-1415,256,290,-95
-73,1583,-1412,196,319,-78
-70,1570,-1421,218,365,-104
-72,1537,-1439,621,283,-170
-67,1514,-1452,954,697,-416
-82,1491,-1452,1303,877,-753
-91,1487,-1438,2165,826,-1493
-35,1515,-1399,2685,1382,-2314
73,1531,-1305,3104,2550,-2742
155,1541,-1218,3504,2739,-2729
167,1584,-1142,3660,1593,-2607
154,1638,-1084,3378,-144,-2146
135,1705,-1044,2972,-1534,-1769
112,1741,-1071,2644,-3383,-1695
115,1778,-1124,2204,-3932,-2345
136,1816,-1183,2044,-4534,-2763
198,1850,-1207,1850,-5505,-2870
322,2115,-1192,605,-5023,-2463
365,2558,-957,-4105,-2997,-2604
361,3006,-658,-9655,-2393,-2689
316,3450,-381,-18539,2983,-3117
45,3600,-132,-26773,4316,-4438
-205,3490,38,-32467,70,-4485
-28,3394,32,-32768,2179,-2140
461,3566,-544,-32768,1834,5699
690,3890,-1097,-32768,13159,8166
371,3900,-1410,-32768,23344,4463
-131,3904,-1416,-32768,15912,1608
-124,4053,-1118,-32768,17619,2081
-49,4242,-880,-32768,17070,2795
-193,4326,-888,-32768,11450,2635
-224,4218,-827,-32768,9760,1755
-228,3895,-690,-32768,7436,1759
-234,3546,-696,-32768,6798,2515
-283,3205,-665,-32768,6341,2035
-296,2883,-587,-32768,5093,174
-170,2454,-537,-32768,5853,-795
-48,2066,-544,-32768,7320,-1017
92,1676,-547,-32768,9723,-1528
172,1335,-541,-32768,12331,-1877
25,1011,-539,-31252,12621,-1265
-309,729,-507,-28462,11896,-171
-607,369,-393,-23143,7676,108
-750,-29,-316,-17519,4265,-818
-862,-302,-284,-12819,784,-1373
-887,-489,-162,-7365,-1092,-1007
-818,-610,-136,-3233,-761,-958
-744,-774,-108,3294,-893,-814
-750,-840,-46,9278,-1608,-1061
-715,-803,-7,16250,-3899,-2
-629,-614,32,20499,-4153,1084
-574,-465,8,25550,-3703,1552
-576,-306,-1,30441,-4154,1564
-578,25,48,32767,-5968,2191
-477,447,80,32767,-5598,2381
-357,829,-5,32767,-5129,2738
-424,1177,-58,32767,-5733,3225
-464,1520,26,32767,-6847,3404
-344,2056,-2,32767,-6304,2716
-220,2380,-73,32767,-4504,2695
-464,2458,-143,32767,-9184,1640
-643,2750,-67,32767,-14283,-1159
-424,3091,-31,32767,-13378,-2501
-201,3096,-246,32767,-14729,-3708
-146,3318,-674,32767,-17476,-6438
33,3990,-772,32767,-16017,-5375
116,3962,-555,32767,-14042,95
216,3528,-680,32767,-9225,723
463,3156,-998,31111,-114,-3394
524,2909,-995,32323,894,-4053
325,2847,-900,30369,-2472,-2189
123,2698,-1140,31643,1668,-1104
-183,2514,-1503,32282,-1954,814
-324,2605,-1325,30376,1480,-105
-124,2985,-691,19020,5696,485
-202,3230,-84,14020,2993,3803
-601,3162,-73,14273,-9708,5937
-670,2920,-623,8388,-25110,8249
29,2721,-716,6607,-27172,8600
919,2447,-743,4155,667,5577
994,2412,-1201,5092,7887,5131
889,3366,-1577,-415,13314,3260
68,3385,-1238,-1742,18991,-5757
-160,2440,-1032,-2067,11566,-9538
345,1872,-1177,-4194,12552,-701
280,1679,-1200,-5514,2342,5737
-8,1674,-1289,-6204,-1743,6524
-404,1621,-1457,-6091,-5314,5395
-617,1429,-1518,-3362,-9589,3051
-313,1322,-1548,-1641,-9269,1339
156,1256,-1545,-416,-4427,591
409,1311,-1472,275,418,578
450,1435,-1418,-265,2166,1426
258,1545,-1385,-571,2192,1058
-41,1594,-1345,-616,639,-64
-190,1612,-1329,-266,-1861,-191
-165,1614,-1350,-356,-3342,586
-100,1597,-1397,-511,-2613,1001
-53,1559,-1444,-983,-1393,814
-15,1504,-1471,-534,-853,510
7,1473,-1501,-147,-170,-38
4,1465,-1511,271,711,-492
-1,1479,-1508,307,1052,-589
-34,1485,-1489,658,1299,-278
-94,1504,-1466,777,950,-475
-90,1531,-1443,392,1071,-236
-97,1566,-1427,96,990,325
-121,1609,-1401,-760,877,506
-122,1599,-1394,-595,544,874
-116,1607,-1403,-960,226,904
-84,1604,-1378,-835,648,915
-55,1602,-1375,-585,1874,984
-105,1582,-1389,-154,1736,740
-126,1588,-1378,-84,1317,430
-114,1576,-1370,170,1046,648
-74,1592,-1364,107,1198,368
-34,1594,-1374,155,1372,357
-33,1584,-1394,314,1423,-48
-30,1558,-1429,434,1556,-127
-31,1553,-1450,415,1562,-254
-38,1563,-1447,488,1379,-406
-27,1593,-1430,562,1037,-652
49,1603,-1398,323,1089,-453
88,1600,-1404,382,1469,-382
21,1575,-1445,524,501,-509
-58,1584,-1479,81,-966,-496
-89,1585,-1461,-81,-1866,-408
-60,1605,-1424,-528,-1911,-202
-25,1607,-1383,-965,-1987,-39
23,1586,-1384,-810,-1146,31
37,1553,-1430,-773,-74,58
12,1506,-1494,-337,-16,50
-12,1497,-1514,124,-312,-194
6,1535,-1475,-9,-51,-356
31,1595,-1401,-159,602,-216
3,1622,-1379,-270,1387,-325
-68,1600,-1402,-275,695,-483
-91,1590,-1410,-286,120,-464
-88,1564,-1440,30,-27,4
-81,1569,-1437,-18,-449,27
-43,1603,-1413,-295,208,65
-44,1620,-1383,-685,772,17
-65,1610,-1387,-663,765,-113
-78,1598,-1400,-397,682,-30
-89,1594,-1432,-409,372,144
-103,1580,-1461,-144,-134,256
-90,1584,-1467,95,-731,274
-57,1590,-1451,96,-395,216
-25,1599,-1435,189,339,-33
-20,1598,-1441,182,422,-51
-45,1585,-1447,338,29,-16
-55,1586,-1430,233,-148,-26
-42,1586,-1417,36,-523,216
-31,1575,-1407,181,-510,186
2,1586,-1386,249,-401,192
19,1594,-1362,158,132,264
-9,1605,-1347,313,560,20
-26,1620,-1330,192,438,72
-39,1622,-1335,178,454,105
-57,1609,-1350,335,0,223
-50,1620,-1332,319,-138,137
-33,1646,-1317,173,-186,97
-26,1652,-1318,-128,52,19
-44,1627,-1346,-72,-75,45
-52,1607,-1361,125,60,45
-57,1596,-1386,221,27,119
-59,1597,-1394,227,-30,114
-51,1613,-1380,142,-37,39
-29,1619,-1362,106,85,-19
-15,1624,-1352,129,140,46
-13,1627,-1350,98,235,-9
-23,1616,-1359,51,13,122
-37,1618,-1365,43,82,11
-41,1615,-1374,140,-166,27
-41,1605,-1395,238,117,70
-52,1597,-1391,398,-107,-66
-30,1601,-1396,339,222,-35
-26,1605,-1382,283,219,-58
-24,1610,-1375,331,274,-15
-30,1619,-1371,223,93,26
-41,1623,-1371,123,-184,71
-52,1629,-1368,-14,-282,63
-53,1623,-1374,-112,-219,15
-49,1606,-1390,-14,-203,26
-40,1605,-1392,-64,-105,97
-51,1601,-1400,-119,132,-27
-60,1592,-1398,46,315,-126
-55,1589,-1396,208,117,-61
-45,1598,-1398,170,352,-15
-48,1608,-1389,246,351,-123
-41,1611,-1378,331,177,-54
-33,1624,-1371,240,246,-16
-38,1623,-1361,252,160,8
-42,1619,-1378,248,151,20
-46,1613,-1389,89,147,-64
-46,1596,-1409,220,184,20
-50,1588,-1414,411,269,-60
-49,1585,-1410,448,207,-75
-41,1602,-1389,400,299,-19
-48,1618,-1362,365,123,-63
-41,1639,-1342,89,160,-61
-42,1642,-1340,-51,23,-65
-46,1626,-1364,38,21,-83
-46,1606,-1375,202,-61,-50
-32,1603,-1387,176,39,-63
-22,1609,-1386,202,361,-126
-33,1604,-1390,221,515,-234
-37,1603,-1386,171,494,-218
-40,1601,-1391,257,498,-206
-47,1597,-1396,305,396,-224
-53,1599,-1401,138,365,-103
-67,1601,-1389,13,202,-27
-79,1606,-1380,-76,335,-66
-77,1610,-1377,-288,807,-195
-58,1612,-1365,-291,652,-63
-40,1616,-1353,-291,822,-29
-37,1618,-1355,-52,714,45
-36,1633,-1330,2,370,61
-32,1660,-1301,-289,455,97
-43,1664,-1292,-358,609,19
-47,1658,-1311,-15,420,-181
-37,1630,-1363,321,281,-88
-46,1610,-1386,561,212,-114
-33,1628,-1369,422,449,-106
-29,1637,-1356,221,300,23
-42,1646,-1336,163,414,-188
-40,1652,-1323,118,407,-178
-47,1629,-1357,158,110,93
-59,1615,-1365,353,-88,-36
-44,1620,-1376,342,-124,-6
-36,1616,-1379,394,162,41
-41,1617,-1368,409,195,-101
-25,1630,-1354,329,360,-138
-25,1642,-1345,145,474,-179
-41,1634,-1360,240,311,-148
-53,1617,-1370,405,-181,-44
-50,1612,-1378,423,-140,45
-47,1608,-1384,462,3,2
-38,1612,-1368,354,4,-15
-20,1617,-1372,191,399,-37
-40,1610,-1374,228,150,-11
-51,1613,-1369,342,-7,-19
-47,1616,-1367,302,-176,22
-41,1619,-1371,203,25,70
-49,1615,-1363,275,103,-73
-29,1622,-1346,255,283,-73
-22,1629,-1344,264,356,-69
-24,1628,-1347,324,493,-175
-26,1615,-1361,296,524,-170
-33,1602,-1368,270,559,-210
-24,1600,-1373,554,542,-184
-19,1591,-1375,635,720,-264
-20,1567,-1368,976,761,-430
6,1563,-1343,1433,1221,-841
42,1574,-1319,1800,1703,-1288
70,1586,-1270,2047,2230,-1747
107,1601,-1195,2144,2606,-2056
139,1634,-1112,2313,2518,-2409
180,1648,-1102,2877,2502,-2618
183,1594,-1156,3608,955,-2365
186,1545,-1220,4442,-12,-2031
171,1568,-1248,4426,-590,-2174
104,1641,-1218,4329,-1675,-2650
55,1761,-1136,3417,-3029,-3115
102,1906,-1024,2410,-4439,-3122
207,2102,-913,742,-4995,-3144
345,2488,-773,-2027,-5833,-3169
534,3029,-542,-9263,-1454,-3379
591,3414,-299,-16819,1607,-3283
439,3544,-97,-22104,4380,-4700
309,3500,124,-27492,7468,-6213
469,3382,69,-32018,9356,-4302
768,3422,-399,-32768,6990,1722
877,3757,-890,-32768,14118,4063
612,3966,-1286,-32768,26178,1155
-19,4024,-1542,-32768,23694,-1318
-269,4141,-1361,-32768,17557,-336
-231,4260,-976,-32768,14559,490
-200,4468,-836,-32768,10079,1313
-240,4536,-919,-32768,6174,2908
-300,4394,-847,-32768,6562,1408
-147,3929,-786,-32768,6137,1607
-43,3536,-804,-32768,4963,2802
-48,3186,-745,-32768,9262,1371
-133,2748,-695,-32768,8284,-717
-99,2236,-723,-32768,8040,-1842
3,1812,-739,-32768,9271,-2908
60,1406,-715,-32768,10259,-3348
-18,1102,-706,-32768,11771,-2925
-253,770,-668,-30165,11054,-2479
-529,376,-614,-25049,7620,-1875
-796,-20,-569,-19477,2630,-1143
-924,-423,-491,-12994,-1200,-593
-872,-668,-410,-6516,-4300,-468
-690,-845,-375,-599,-2785,-944
-574,-972,-352,6092,-2313,-843
-499,-1014,-289,13658,-2324,-128
-499,-933,-277,20498,-3164,239
-538,-779,-327,25839,-2792,311
-615,-566,-342,32767,-5407,929
-629,-272,-358,32767,-5170,165
-600,103,-502,32767,-6323,-289
-615,517,-706,32767,-8348,-417
-737,933,-847,32767,-8748,-1190
-730,1362,-880,32767,-9860,-2782
-568,2055,-1018,32767,-13170,-2698
-280,2949,-1087,32767,-9096,-4059
-115,3665,-1011,32767,-8489,-5503
-31,3746,-893,32767,-7816,-5583
-126,4022,-1086,32767,-14166,-7108
92,4843,-1069,32767,-13270,-4293
92,4821,-777,32767,-11957,1580
138,4278,-708,32767,-8955,257
309,3813,-1028,32767,-12359,-1721
550,3731,-1261,32767,-4631,-2032
533,3571,-1224,32767,2502,-533
378,3409,-1481,32767,6011,3484
24,3650,-1082,28810,17171,2931
-463,3930,-284,20342,10163,210
-1081,4097,265,9396,3640,-2041
-1450,3693,625,17967,-12874,-1243
-924,3209,-304,5669,-32768,9799
1023,2854,-656,-1476,-14505,14573
1564,2539,-744,6178,14696,6925
1071,2969,-1383,-4507,16597,6535
561,2965,-973,-4810,17750,510
109,2332,-804,-3242,17244,-5064
-163,1865,-998,-3300,7999,-2637
-211,1673,-1221,-4067,400,1864
-128,1566,-1286,-2919,-4723,5240
-97,1522,-1341,-2205,-8105,5396
-87,1523,-1367,-1257,-9126,3289
48,1533,-1327,-994,-8399,1707
241,1529,-1268,-176,-5170,1025
423,1509,-1303,250,-555,882
485,1497,-1365,-34,1639,947
400,1532,-1384,-252,2499,555
221,1529,-1411,39,2172,407
30,1513,-1405,798,-209,606
-38,1569,-1332,385,-1814,1029
-32,1600,-1309,341,-2573,1215
23,1619,-1268,-330,-2692,1075
128,1633,-1244,-1024,-1320,1180
175,1664,-1190,-1562,-827,1147
192,1676,-1203,-1866,-57,1026
125,1633,-1297,-1182,393,486
28,1566,-1402,-482,3,28
-24,1526,-1450,401,-311,-110
-28,1564,-1442,340,565,-269
-51,1608,-1422,278,502,-511
-53,1649,-1403,673,-60,-684
-51,1644,-1396,907,-518,-522
-42,1636,-1392,606,-285,-619
-28,1617,-1388,310,-24,-404
-9,1600,-1381,492,535,-373
2,1587,-1418,460,505,-203
-27,1571,-1433,490,227,9
-65,1567,-1424,601,-137,-69
-60,1587,-1401,872,-173,-200
-32,1618,-1409,742,270,-204
-42,1615,-1420,979,-83,-293
-45,1613,-1412,745,-279,-237
-42,1600,-1412,464,-155,-27
-40,1595,-1417,565,193,-55
-50,1584,-1426,630,-156,-39
-56,1603,-1435,682,-306,-142
-60,1581,-1424,985,-605,-273
-25,1570,-1423,1073,-243,-537
21,1584,-1408,699,252,-388
31,1578,-1421,502,1083,-273
7,1571,-1427,399,1265,-294
-24,1570,-1424,454,628,-212
-52,1574,-1432,472,12,-174
-66,1576,-1444,311,-30,-76
-66,1586,-1442,403,-40,-212
-48,1578,-1450,258,198,-173
-24,1565,-1439,193,-14,-211
6,1552,-1441,201,-71,-177
26,1550,-1454,37,243,-96
12,1552,-1452,-64,641,0
-15,1556,-1434,-94,448,108
-37,1559,-1427,180,30,38
-34,1570,-1410,63,-399,137
-13,1590,-1385,150,-337,97
1,1616,-1387,-42,-483,58
-2,1616,-1396,-174,-11,-2
-19,1598,-1398,-133,565,-96
-40,1574,-1410,48,59,-36
-55,1565,-1421,160,17,-60
-58,1559,-1441,298,-51,-71
-56,1566,-1447,143,262,-116
-52,1576,-1430,176,488,-115
-44,1577,-1432,-32,735,-112
-43,1567,-1435,28,901,-46
-47,1566,-1439,-160,1412,-62
-62,1576,-1430,-30,987,-117
-56,1584,-1434,50,736,40
-68,1571,-1451,248,605,74
-69,1575,-1432,256,252,-62
-21,1594,-1405,93,860,-15
-7,1600,-1398,-87,1028,-74
-11,1606,-1401,-167,986,-64
-26,1600,-1398,128,741,-100
-35,1594,-1402,379,56,8
-21,1604,-1386,439,-114,-61
2,1615,-1374,308,189,-74
14,1615,-1371,136,518,-61
14,1615,-1363,-15,558,10
-5,1616,-1369,-31,340,36
-31,1619,-1373,-173,-19,85
-45,1600,-1382,90,-501,138
-33,1592,-1394,107,-436,63
-6,1587,-1418,11,184,1
2,1568,-1438,54,256,12
2,1566,-1425,238,561,-35
-17,1571,-1421,230,441,-6
-39,1574,-1430,517,257,-46
-46,1591,-1418,517,63,-98
-27,1596,-1407,375,35,-42
-10,1594,-1405,300,75,48
6,1598,-1396,250,173,-6
11,1600,-1397,192,60,20
8,1592,-1411,202,259,14
-5,1589,-1417,287,254,-12
-14,1591,-1420,228,52,-39
-14,1584,-1421,215,38,-32
-14,1585,-1424,127,126,-39
-15,1579,-1430,136,284,-86
-15,1567,-1423,283,6,2
-5,1563,-1418,360,204,33
-4,1566,-1414,425,77,-17
-1,1573,-1413,403,90,-39
-9,1581,-1409,439,67,-68
-4,1595,-1395,310,185,-113
-1,1603,-1385,123,195,-55
4,1605,-1381,19,268,-79
-4,1596,-1401,147,43,1
-18,1586,-1411,208,77,-30
-22,1579,-1417,311,310,-112
-19,1581,-1414,172,265,-98
-16,1585,-1416,171,398,-112
-26,1590,-1412,247,363,-184
-28,1590,-1417,215,464,-174
-33,1585,-1416,269,175,-110
-28,1592,-1403,232,152,-113
-21,1590,-1409,132,242,-62
-22,1587,-1412,169,350,-50
-22,1590,-1406,145,433,-100
-20,1588,-1411,146,410,-120
-20,1584,-1410,81,266,-40
-14,1584,-1398,97,516,-87
-9,1588,-1398,140,723,-138
-8,1592,-1401,190,724,-102
-19,1595,-1394,212,406,-119
-18,1602,-1386,84,461,-184
-11,1603,-1385,122,499,-196
-2,1602,-1393,118,517,-134
6,1602,-1399,-29,680,-128
-10,1591,-1419,49,667,-66
-32,1588,-1413,107,316,-108
-31,1584,-1409,229,207,-91
-17,1591,-1408,252,315,-116
-6,1593,-1409,217,242,-38
-1,1598,-1392,223,322,-80
-2,1603,-1393,87,325,-6
-16,1606,-1391,52,138,-10
-19,1606,-1392,-19,150,2
-18,1595,-1398,177,78,-4
-13,1589,-1401,256,10,-18
-4,1600,-1401,176,167,-22
-6,1600,-1404,146,130,-19
-9,1598,-1400,87,227,-42
-10,1597,-1392,197,122,-76
-9,1610,-1393,49,139,-61
-9,1606,-1392,53,230,-96
-4,1605,-1386,-15,327,-33
-1,1604,-1387,1,205,-15
-6,1600,-1403,-78,190,19
-18,1592,-1401,18,132,-43
-15,1589,-1401,57,78,-90
-12,1585,-1411,136,178,-109
-10,1585,-1418,166,347,-107
-15,1581,-1409,276,423,-176
-10,1583,-1404,346,240,-80
-11,1591,-1403,256,218,-69
-14,1597,-1393,150,269,-102
-12,1596,-1393,207,320,-193
-4,1593,-1403,295,307,-137
2,1595,-1396,359,390,-213
6,1593,-1392,392,360,-223
2,1594,-1389,391,439,-219
7,1600,-1380,440,545,-273
13,1603,-1390,374,717,-390
10,1602,-1394,402,847,-401
0,1608,-1393,231,807,-319
-20,1611,-1395,183,696,-278
-37,1601,-1407,251,320,-224
-43,1595,-1421,249,325,-242
-36,1586,-1425,281,301,-203
-24,1570,-1442,361,471,-227
-17,1568,-1429,446,413,-281
3,1563,-1430,602,543,-267
-7,1551,-1447,909,798,-385
-24,1539,-1447,1188,903,-483
-22,1515,-1427,1629,779,-600
-1,1513,-1396,1978,593,-827
34,1514,-1356,2459,675,-1336
106,1531,-1297,2953,1744,-2247
205,1552,-1241,3291,2930,-2887
241,1591,-1190,3303,2861,-3157
226,1657,-1115,3380,2389,-3475
206,1734,-1038,2720,763,-3258
201,1812,-960,2100,-1214,-2797
181,1875,-891,1510,-3010,-2509
191,1884,-938,758,-3644,-2491
233,1918,-960,-41,-4092,-2623
306,1993,-987,-1512,-3120,-2564
343,2126,-1003,-3033,-3287,-2839
416,2505,-938,-6933,-1148,-3614
428,2845,-753,-11824,49,-3249
345,3110,-545,-17104,1099,-2795
189,3277,-269,-23929,4675,-3966
217,3380,138,-30722,10461,-4729
416,3374,50,-32768,6732,-1969
613,3506,-429,-32768,2106,3291
704,3818,-874,-32768,8520,6088
488,4041,-1237,-32768,21381,3922
-37,4107,-1370,-32768,21701,1087
-116,4233,-1151,-32768,20247,1376
-11,4334,-753,-32768,20464,1257
-164,4395,-741,-32768,10025,463
-341,4288,-776,-32768,6074,963
-388,3967,-664,-32768,8288,1080
-344,3552,-662,-32768,1548,3546
-108,3184,-583,-32768,5493,4205
-12,2896,-541,-32768,6569,2141
53,2564,-555,-32768,8552,545
94,2233,-628,-32768,10714,-1017
89,1898,-695,-32768,12519,-2293
-37,1547,-708,-32768,11098,-1783
-265,1112,-697,-31146,9430,-1303
-456,615,-718,-25782,8927,-1160
-589,143,-695,-19590,5596,-657
-644,-240,-599,-12408,2307,-98
-656,-587,-631,-5350,71,50
-627,-876,-704,1900,-1252,78
-597,-1016,-649,10084,-2372,772
-550,-1002,-581,17815,-2293,1220
-529,-900,-601,25144,-2116,1512
-558,-662,-588,31254,-2930,1950
-614,-309,-537,32767,-3578,1818
-644,121,-517,32767,-4789,1207
-624,589,-535,32767,-5711,749
-534,1217,-499,32767,-7305,1115
-375,1830,-473,32767,-5724,1434
-293,2243,-455,32767,-5017,1874
-429,2562,-361,32767,-7667,972
-417,2969,-204,32767,-11749,-522
-137,3242,-205,32767,-9711,539
-248,3459,-472,32767,-13447,-18
-418,3621,-616,32767,-18209,-1531
-389,4044,-644,32767,-23290,-3467
-94,4276,-539,32767,-26572,-1152
236,4099,-614,32767,-24405,2607
451,3666,-966,32767,-13335,-561
574,3364,-1257,31732,-6922,-6876
760,3212,-1059,30120,2398,-7968
557,3021,-1005,29769,-3505,-3236
409,2857,-1158,29271,1449,62
506,2971,-919,21059,14942,-104
387,3063,-254,14567,18663,845
-295,3013,-72,11627,8122,2915
-1135,2846,-165,14851,-6831,2077
-1106,2785,-792,8137,-20637,4110
-296,2732,-691,3268,-16068,5218
212,2448,-751,2760,-500,3524
367,2176,-1262,2544,-2218,5075
607,2003,-1559,428,-2400,7030
530,2089,-1444,252,4323,3167
191,2209,-1489,-798,10221,-993
-101,2107,-1464,564,7278,-868
-134,1917,-1269,145,4543,728
-132,1754,-1169,-859,132,2048
-127,1668,-1179,-1488,-3422,2598
6,1634,-1222,-1777,-5012,3290
205,1600,-1271,-1696,-4813,3943
300,1610,-1287,-1879,-2816,3052
284,1588,-1319,-1349,-513,1460
255,1550,-1371,-1119,1377,407
196,1477,-1400,-706,1186,68
164,1426,-1487,-354,1568,299
130,1411,-1575,138,1820,884
73,1458,-1600,833,2390,1224
11,1503,-1553,741,2472,1648
-93,1532,-1482,-861,1539,1431
-189,1556,-1415,-1236,1670,351
-216,1605,-1307,-1998,-1281,154
-97,1650,-1293,-2540,-1185,981
-66,1621,-1336,-2972,-1130,1487
-103,1589,-1339,-3017,-1523,1226
-95,1543,-1399,-2421,-1100,874
-109,1466,-1478,-1205,-1608,483
-74,1434,-1545,102,-717,39
-34,1443,-1576,1032,364,-384
-28,1473,-1571,1797,726,-759
-31,1545,-1512,1748,734,-1117
-25,1582,-1448,1446,1321,-1021
-35,1603,-1427,1030,1036,-600
-64,1601,-1449,601,441,-419
-91,1561,-1486,615,-324,-314
-77,1539,-1508,541,-647,-247
-44,1514,-1529,781,-398,-396
7,1506,-1552,453,377,-393
26,1495,-1561,320,1583,-503
-8,1474,-1557,602,1174,-451
-41,1471,-1535,771,627,-354
-72,1502,-1509,686,66,-190
-90,1540,-1478,330,-383,-129
-77,1553,-1442,201,-505,-50
-42,1558,-1411,197,-238,-82
-5,1553,-1430,83,358,-59
-10,1534,-1446,160,240,-87
-14,1536,-1445,196,857,-301
-37,1531,-1469,219,458,-260
-64,1546,-1464,111,323,-222
-81,1562,-1459,98,523,-169
-92,1560,-1470,-31,251,-46
-97,1553,-1466,-225,-87,126
-99,1544,-1455,-290,-262,245
-94,1536,-1468,-196,-699,256
-80,1529,-1470,-157,-676,368
-59,1532,-1468,-88,52,341
-51,1528,-1462,-99,487,313
-51,1532,-1459,79,448,175
-59,1544,-1482,294,304,141
-95,1543,-1501,382,226,30
-113,1547,-1486,575,495,-145
-105,1550,-1473,471,286,-107
-86,1550,-1481,288,258,66
-79,1553,-1478,105,288,164
-71,1551,-1474,227,203,177
-72,1537,-1489,201,-220,227
-63,1530,-1485,237,-113,131
-40,1530,-1481,243,41,118
-15,1527,-1472,269,332,116
-4,1535,-1461,209,257,71
-1,1543,-1458,134,422,-29
-6,1549,-1459,30,434,-13
-10,1557,-1449,-84,567,-51
-16,1556,-1445,-52,450,-19
-23,1555,-1447,-87,437,-31
-27,1549,-1453,-60,447,-91
-23,1546,-1457,-23,442,-139
-20,1544,-1457,-99,675,-173
-26,1542,-1461,-125,808,-173
-36,1540,-1460,-115,967,-182
-46,1541,-1450,-216,987,-178
-45,1554,-1433,-217,795,-120
-40,1569,-1427,-261,667,-1
-51,1565,-1443,-168,629,71
-69,1555,-1454,-56,348,4
-61,1547,-1465,115,338,7
-50,1541,-1481,94,220,61
-43,1545,-1469,124,304,-36
-31,1559,-1450,241,177,-98
-28,1561,-1446,304,363,-168
-36,1563,-1443,294,174,-175
-34,1569,-1435,216,-59,-59
-36,1569,-1433,133,-80,-32
-33,1565,-1445,173,120,-85
-41,1551,-1467,233,-271,105
-51,1544,-1465,388,5,-80
-44,1548,-1455,370,72,-101
-31,1556,-1453,379,-4,-67
-29,1563,-1445,266,188,-76
-34,1561,-1444,247,68,-48
-46,1558,-1443,244,-15,-23
-49,1563,-1442,110,-135,-63
-46,1556,-1450,122,-155,-9
-34,1556,-1444,206,138,-47
-25,1553,-1446,253,161,-39
-31,1554,-1454,211,-37,20
-37,1553,-1466,320,176,-45
-45,1552,-1455,255,111,-42
-35,1550,-1450,239,168,-7
-38,1547,-1450,260,28,29
-29,1559,-1429,162,175,9
-24,1572,-1424,117,67,-20
-25,1573,-1432,81,361,-98
-30,1557,-1450,23,574,-150
-33,1550,-1448,171,381,-140
-29,1548,-1451,174,491,-95
-41,1551,-1450,209,343,-69
-54,1561,-1441,192,252,-137
-58,1570,-1437,124,195,-155
-52,1571,-1440,22,285,-101
-45,1564,-1448,128,123,-41
-35,1556,-1446,130,423,-21
-40,1546,-1459,204,333,-13
-47,1545,-1457,255,351,-34
-54,1553,-1450,218,186,-54
-51,1566,-1438,218,314,-126
-42,1571,-1433,256,272,-102
-38,1565,-1439,244,309,-52
-33,1567,-1437,146,275,-59
-37,1560,-1447,130,188,23
-48,1559,-1446,228,214,-81
-46,1561,-1442,185,297,-131
-39,1560,-1447,214,182,-122
-33,1560,-1448,185,473,-137
-34,1563,-1442,165,400,-103
-40,1573,-1437,52,213,-51
-47,1576,-1438,30,-54,-29
-40,1575,-1433,106,12,-33
-37,1582,-1435,-72,78,-46
-32,1575,-1437,-58,342,-68
-30,1561,-1441,2,290,-17
-32,1555,-1436,2,242,-75
-29,1557,-1438,45,224,-78
-35,1557,-1447,15,75,3
-41,1557,-1438,80,179,-88
-32,1553,-1444,138,272,-104
-34,1549,-1457,81,256,-115
-36,1547,-1459,111,283,-49
-38,1552,-1459,203,364,-78
-42,1552,-1466,148,215,-61
-44,1554,-1456,151,365,-120
-42,1557,-1442,147,343,-153
-37,1562,-1432,98,459,-152
-39,1579,-1416,-89,412,-82
-43,1588,-1412,-113,330,-54
-46,1594,-1399,-186,295,-84
-39,1599,-1394,-243,228,-22
-41,1586,-1412,-178,306,-140
-36,1579,-1422,-57,313,-129
-32,1567,-1432,31,471,-143
-39,1558,-1450,225,444,-200
-42,1564,-1450,173,545,-219
-38,1565,-1440,237,609,-179
-41,1571,-1432,148,447,-166
-43,1582,-1423,106,201,-155
-44,1589,-1417,50,119,-142
-41,1584,-1415,156,-109,-115
-27,1587,-1411,97,70,-107
-30,1585,-1418,9,147,-89
-40,1576,-1427,95,447,-128
-53,1569,-1431,200,336,-134
-50,1568,-1434,249,172,-109
-50,1574,-1425,156,128,-120
-45,1580,-1418,175,259,-125
-41,1583,-1415,75,346,-85
-43,1582,-1420,-32,204,46
-48,1579,-1419,-5,600,17
-45,1576,-1427,-78,999,-15
-38,1576,-1416,-72,912,-37
-26,1574,-1425,74,975,-15
-35,1561,-1429,471,573,-80
-32,1566,-1415,529,497,-244
-23,1573,-1415,514,433,-180
-24,1572,-1421,573,1097,-199
-45,1553,-1431,691,830,-282
-29,1538,-1405,1051,1218,-477
-14,1510,-1398,1443,1344,-879
40,1508,-1367,2124,2019,-1582
116,1526,-1323,2395,3275,-2003
140,1546,-1262,2752,3949,-2338
127,1598,-1188,3123,3419,-2772
118,1659,-1132,3219,1839,-2610
101,1716,-1086,3038,-84,-2432
95,1772,-1037,2456,-2195,-2259
111,1804,-982,1375,-4084,-2049
149,1828,-967,495,-4346,-1776
189,1821,-1002,-243,-5077,-1541
273,1869,-969,-1089,-4814,-1635
369,2010,-902,-2875,-4200,-1782
451,2305,-820,-5273,-2664,-2655
537,2728,-794,-10163,761,-3744
558,2999,-750,-13974,3540,-2537
284,3151,-420,-17163,8352,-5278
46,3258,-205,-23523,7374,-7304
66,3306,-85,-29527,8480,-6142
328,3353,-118,-32768,4711,-1399
545,3512,-435,-32768,6686,2562
522,3783,-933,-32768,14411,2474
171,4037,-1273,-32768,17312,172
-183,4169,-1295,-32768,13278,80
-69,4331,-1026,-32768,12303,3869
35,4537,-750,-32768,13311,4285
-46,4680,-900,-32768,6781,4315
-41,4458,-854,-32768,9287,3803
-5,4012,-811,-32768,10121,3459
37,3509,-838,-32768,10163,4010
-24,3084,-826,-32768,10357,2534
-149,2646,-734,-32768,8855,721
-180,2199,-697,-32768,9070,-149
-157,1864,-758,-32768,9582,-1269
-138,1469,-793,-32768,11308,-2270
-268,1032,-760,-31680,8707,-2132
-406,607,-696,-27634,9770,-1781
-557,225,-647,-21776,6964,-1164
-747,-88,-526,-16158,2785,-684
-843,-379,-421,-10392,290,-970
-770,-580,-318,-4119,-2282,-452
-668,-686,-236,1562,-3352,-187
-622,-743,-154,6902,-2650,532
-602,-704,-32,12350,-3457,1413
-570,-626,38,17705,-3802,1408
-553,-512,34,23020,-4291,1159
-588,-317,33,27639,-5185,945
-610,5,63,31343,-5908,846
-545,378,96,32767,-8198,1343
-341,664,-8,32767,-9291,1502
-281,997,-193,32767,-10685,3065
-202,1519,-126,32767,-8955,4884
46,1892,-104,32767,-10646,6155
155,2161,-331,32767,-7497,3318
-49,2406,-404,32767,-6088,-1915
-147,2740,-372,32767,-11234,-5445
-65,3214,-520,32767,-11709,-6593
-184,3868,-748,32767,-11862,-7347
-397,4078,-651,32767,-9522,-4617
-625,4032,-647,32767,-23311,-960
-418,3930,-869,32767,-30781,-844
130,3697,-1095,32202,-21365,-3519
583,3342,-1160,28018,-12906,-5248
861,3005,-1059,27176,-3918,-5796
809,2740,-992,30060,-5159,-6159
798,2672,-1132,29241,-5826,-1337
899,2689,-1018,24029,15108,1308
582,2968,-431,18585,14686,2292
-222,3168,-128,18068,-187,3311
-727,3062,-463,16729,-13739,3318
-174,2924,-627,10634,-22070,6477
804,2824,-425,4555,-642,5725
705,2492,-798,4027,5085,3086
606,2206,-1332,2933,6740,3202
559,2544,-1579,2653,9109,2077
146,2871,-1569,-245,13024,750
-437,2629,-1279,-1013,5919,-320
-477,2199,-972,-1589,2903,-747
-187,1985,-901,-3221,-2576,1989
96,1853,-975,-4260,-7214,4945
263,1747,-1070,-4720,-7611,5728
286,1648,-1119,-4109,-4538,4443
223,1579,-1180,-3345,-3562,2869
188,1505,-1303,-3005,-1956,1809
123,1416,-1433,-2187,-472,1177
57,1364,-1517,-1092,-1015,1550
-12,1356,-1602,-431,-461,1617
-95,1413,-1573,155,-1641,824
-73,1491,-1500,166,-1296,430
-3,1586,-1396,-257,-748,608
20,1604,-1317,-604,-1204,1182
58,1644,-1256,-616,-1427,1102
86,1651,-1257,-1362,-433,1071
35,1616,-1291,-1181,-724,670
19,1586,-1337,-950,-669,328
35,1551,-1401,-437,422,222
19,1535,-1458,-290,973,-149
9,1534,-1477,-190,2397,-462
-30,1547,-1485,340,2054,-586
-72,1558,-1497,516,1495,-513
-106,1576,-1488,768,625,-650
-87,1579,-1478,732,172,-498
-67,1571,-1472,718,-95,-335
-43,1578,-1442,689,-39,-231
-19,1597,-1418,635,-38,-117
-35,1584,-1427,527,-786,-126
-28,1580,-1409,696,-466,-438
14,1590,-1401,220,48,-363
13,1564,-1437,88,722,-240
-15,1550,-1455,268,377,-339
-37,1545,-1458,230,-30,-183
-76,1535,-1494,489,-656,-152
-92,1525,-1499,505,-313,-218
-75,1527,-1489,698,-384,-201
-37,1535,-1465,654,1,-234
-11,1551,-1446,615,394,-207
-3,1572,-1421,387,715,-316
-13,1582,-1406,303,776,-258
-34,1585,-1395,188,745,-263
-56,1588,-1391,-60,574,-40
-79,1597,-1390,-232,366,-35
-89,1603,-1384,-339,-8,82
-81,1612,-1367,-425,-128,148
-80,1606,-1379,-182,-307,125
-77,1591,-1404,56,-460,46
-55,1575,-1426,238,-323,64
-47,1566,-1437,384,-174,46
-41,1570,-1442,375,609,-68
-52,1567,-1446,404,665,-109
-56,1564,-1443,366,394,-22
-56,1566,-1438,260,259,-36
-62,1567,-1446,113,317,-48
-61,1558,-1453,237,59,-44
-50,1557,-1451,210,23,9
-46,1562,-1451,276,-71,-128
-36,1574,-1438,129,17,-190
-27,1576,-1424,139,221,-121
-28,1570,-1438,80,596,-69
-48,1556,-1438,243,142,-173
-35,1563,-1419,334,70,-230
-25,1581,-1412,147,148,-182
-32,1586,-1404,-4,269,-191
-28,1588,-1390,9,326,-190
-24,1593,-1390,-198,382,-115
-35,1586,-1414,-364,599,-48
-70,1571,-1428,-236,131,59
-81,1563,-1438,-200,226,-40
-84,1546,-1461,-78,127,-40
-77,1535,-1471,220,238,-181
-55,1544,-1464,213,537,-143
-55,1555,-1449,190,844,-133
-64,1576,-1419,186,630,-187
-53,1594,-1399,136,755,-95
-61,1599,-1410,254,688,-130
-73,1596,-1404,242,237,-87
-63,1593,-1408,306,-27,5
-58,1586,-1427,218,79,21
-57,1571,-1438,381,144,-42
-41,1571,-1422,410,302,-87
-25,1584,-1407,445,231,-89
-28,1597,-1403,293,157,-51
-47,1598,-1403,317,-163,-72
-55,1597,-1395,295,-132,-48
-48,1597,-1410,77,-272,31
-61,1571,-1435,189,-300,-31
-49,1564,-1428,263,-6,-101
-27,1562,-1429,192,195,-59
-28,1566,-1427,191,282,-20
-37,1574,-1409,200,451,-121
-45,1576,-1413,153,384,-90
-65,1574,-1417,205,228,-104
-57,1581,-1403,175,312,-106
-44,1584,-1394,165,198,-30
-38,1590,-1401,-71,707,-52
-47,1593,-1400,-165,614,-104
-48,1585,-1411,-221,786,-25
-68,1567,-1428,2,684,-42
-66,1565,-1436,-43,1107,-124
-57,1564,-1430,27,870,-10
-39,1579,-1413,122,654,-31
-37,1597,-1404,322,738,-118
-50,1604,-1397,383,530,-228
-54,1611,-1395,357,147,-118
-63,1613,-1390,339,-18,-135
-53,1619,-1386,256,57,-67
-44,1611,-1386,209,-42,10
-49,1611,-1391,206,-297,-33
-40,1614,-1375,54,-220,-59
-33,1590,-1411,-106,257,-37
-35,1560,-1436,69,334,-116
-28,1551,-1440,160,157,-29
-30,1552,-1450,334,276,-64
-42,1561,-1461,393,152,-35
-52,1564,-1465,540,325,-91
-50,1558,-1461,621,457,-153
-45,1555,-1464,729,577,-204
-44,1556,-1453,901,777,-198
-42,1576,-1441,734,865,-223
-47,1601,-1432,511,1231,-157
-78,1595,-1421,401,1021,-183
-97,1588,-1408,301,570,-224
-94,1564,-1397,531,386,-51
-75,1556,-1392,864,419,-44
-14,1576,-1367,735,33,-220
91,1606,-1326,415,222,36
153,1639,-1292,5,677,133
175,1674,-1292,-860,1255,-226
130,1656,-1331,-1419,1487,174
-36,1593,-1376,-927,478,259
-190,1556,-1434,-263,-1190,-120
-191,1540,-1490,121,-2176,-92
-105,1537,-1497,339,-1616,-118
-5,1544,-1490,349,-298,-305
49,1555,-1466,351,621,-438
45,1561,-1443,355,1081,-511
-14,1572,-1437,366,724,-326
-109,1581,-1433,374,-221,-53
-183,1598,-1428,199,-1432,193
-190,1601,-1435,64,-1948,395
-147,1601,-1442,-20,-1723,300
-84,1591,-1451,177,-949,122
-35,1583,-1447,307,-56,-175
-9,1577,-1437,277,536,-160
-25,1576,-1416,170,1024,-131
-72,1583,-1406,114,691,-85
-117,1591,-1401,64,-92,53
-120,1601,-1395,-69,-556,160
-94,1602,-1380,-93,-559,218
-51,1601,-1383,-107,-151,83
-18,1596,-1401,-124,428,-15
-18,1582,-1416,19,820,-156
-30,1573,-1422,134,920,-87
-54,1571,-1418,231,715,-88
-64,1584,-1406,54,511,-45
-72,1589,-1405,155,313,-114
-61,1598,-1390,42,245,-142
-40,1599,-1381,-5,453,-155
-23,1595,-1379,-171,676,-118
-15,1593,-1384,-267,979,-187
-14,1597,-1397,-286,1127,-280
-41,1569,-1425,-121,1050,-301
-69,1527,-1439,319,1011,-453
-77,1491,-1449,834,1207,-696
-74,1482,-1453,1662,1619,-1379
-11,1493,-1432,2395,2299,-2123
88,1504,-1388,2814,3466,-2562
158,1547,-1308,3213,4498,-3134
195,1602,-1226,3363,4156,-3219
160,1648,-1172,3418,2709,-2875
33,1661,-1139,3658,47,-2691
-82,1691,-1137,3850,-3342,-2750
-77,1720,-1128,3771,-5664,-2919
121,1744,-1147,3558,-5533,-2912
368,1838,-1113,2693,-4517,-2290
482,2034,-997,507,-3112,-2366
474,2370,-869,-1942,-1828,-3071
387,2743,-692,-5510,-1250,-3635
283,3082,-544,-10698,-1528,-4196
230,3333,-358,-17110,482,-4643
148,3428,-125,-23560,2835,-5244
126,3427,154,-30286,3355,-4484
454,3321,178,-32768,4489,-603
845,3431,-422,-32768,3533,6257
861,3772,-1022,-32768,14189,7346
464,3894,-1402,-32768,23037,3988
-10,3964,-1433,-32768,17802,2296
26,4103,-1129,-32768,16527,4229
204,4278,-902,-32768,17460,5161
212,4413,-978,-32768,19501,4527
-99,4402,-1032,-32768,18503,1135
-260,4243,-790,-32768,16344,-2176
-245,3797,-656,-32768,9722,-1788
-326,3375,-815,-32768,7197,-1299
-435,3069,-772,-32768,6818,-2534
-510,2759,-675,-32768,4157,-3820
-416,2454,-764,-32768,5011,-3318
-328,2058,-941,-32768,4578,-3005
-225,1657,-992,-32768,7769,-3139
-197,1017,-885,-32059,9590,-3548
-312,452,-885,-25711,8519,-3131
-541,59,-903,-21034,8014,-3151
-708,-440,-790,-13000,2428,-2629
-764,-877,-619,-4881,-2783,-2496
-622,-1042,-484,2545,-1813,-1734
-443,-937,-330,8883,-1937,388
-353,-780,-213,13558,-1322,2584
-371,-616,-93,18457,-1793,3877
-408,-458,-13,22930,-4,3643
-489,-283,-7,28125,-1956,3525
-592,-1,-24,31108,-3742,2830
-625,318,-43,32767,-5527,3040
-573,678,-59,32767,-8221,3867
-486,1036,-107,32767,-9081,4183
-324,1421,-126,32767,-9442,5233
-131,1791,-166,32767,-9727,5566
-65,2099,-273,32767,-10651,5534
-82,2382,-334,32767,-8927,3329
-97,2619,-347,32767,-9290,118
-108,2927,-469,32767,-11300,-4483
-50,3458,-654,32767,-10410,-9121
-23,3870,-739,32767,-9021,-10792
-100,4037,-824,32767,-6269,-8203
-171,3942,-931,32767,-4961,-1920
-392,3789,-966,32767,-14429,2547
-426,3563,-1087,32767,-18089,245
-80,3244,-1236,32543,-14877,-876
306,3063,-1246,30750,-12350,-730
629,2910,-1094,30110,1028,-2503
566,2702,-1116,26781,3443,-1083
287,2595,-930,23989,7947,590
-58,2627,-570,17282,5483,2392
-100,2760,26,6782,5514,4353
-212,2942,565,-3850,2287,6950
-690,2705,-148,2667,-11124,6553
-1043,2038,-1622,2022,-15785,5174
-1000,1827,-2076,6035,-32768,4871
155,2033,-1964,8281,-8780,5665
904,1872,-2052,8218,4959,7310
943,2688,-2063,5828,10891,-177
645,3447,-1564,-1848,19369,-5405
156,2976,-827,-2811,18347,-4263
-76,2470,-645,-4596,9725,-1299
-72,2241,-748,-8872,1689,2892
-138,1942,-1029,-9396,-2825,5744
-319,1664,-1271,-9387,-6935,6774
-422,1409,-1433,-6741,-9399,5684
-252,1198,-1541,-3655,-8197,3616
110,1138,-1542,-1767,-3181,972
429,1134,-1492,-458,2542,-231
498,1221,-1461,44,4863,374
325,1356,-1414,281,5184,841
51,1507,-1367,468,3450,654
-186,1672,-1295,335,823,231
-296,1792,-1225,-536,-1415,220
-239,1797,-1217,-1034,-2528,723
-88,1729,-1259,-1196,-2523,1076
71,1646,-1354,-996,-1156,1094
120,1569,-1422,-478,185,646
93,1530,-1445,-109,697,231
31,1532,-1445,250,436,109
-33,1563,-1433,153,-100,29
-59,1564,-1409,208,-86,-251
-46,1577,-1412,-42,-300,-118
-56,1574,-1409,-14,-410,-9
-56,1564,-1421,32,-653,130
-50,1590,-1412,-157,-923,190
-52,1621,-1409,-555,-732,123
-64,1605,-1404,-350,-495,-83
-50,1588,-1406,-149,-764,-23
-41,1599,-1405,-77,-824,171
-64,1615,-1398,-103,-1058,131
-77,1603,-1390,39,-1211,33
-69,1592,-1388,-32,-368,-163
-87,1591,-1395,-41,-27,-418
-101,1589,-1390,171,396,-651
-100,1589,-1386,190,548,-634
-93,1589,-1397,524,611,-475
-107,1597,-1412,488,319,-465
-116,1607,-1407,438,292,-459
-117,1616,-1392,329,145,-282
-120,1624,-1360,179,76,-328
-102,1628,-1347,-44,406,-413
-90,1610,-1366,32,438,-216
-105,1587,-1390,232,184,-59
-121,1588,-1407,238,269,-107
-147,1579,-1413,312,99,-22
-172,1563,-1414,481,-202,20
-159,1564,-1371,122,-282,24
-127,1590,-1324,-208,-308,213
-119,1613,-1311,-505,229,79
-110,1616,-1316,-305,-125,89
-79,1624,-1361,-22,555,129
-82,1593,-1402,553,579,180
-58,1591,-1415,667,1185,133
-34,1611,-1409,766,1779,229
-57,1636,-1386,615,1770,-21
-70,1661,-1360,486,1755,-57
-84,1671,-1343,377,2050,-136
-113,1660,-1331,286,1394,-36
-120,1659,-1313,89,1218,6
-114,1646,-1326,-159,647,311
-122,1627,-1356,-181,288,299
-115,1617,-1363,107,-119,205
-82,1619,-1357,185,-127,268
-55,1622,-1347,78,233,124
-42,1631,-1338,-128,621,-21
-43,1643,-1333,-17,545,-73
-53,1642,-1346,-12,595,-91
-76,1622,-1368,139,-32,-73
-65,1629,-1354,13,-299,108
-54,1639,-1354,84,-280,182
-62,1635,-1361,-120,-549,136
-57,1643,-1350,-138,-562,18
-42,1650,-1328,-609,-599,44
-38,1617,-1373,-586,-5,38
-74,1575,-1406,-239,-503,-61
-64,1555,-1432,193,-509,-107
-39,1553,-1442,388,-293,35
-39,1570,-1428,473,-75,35
-53,1600,-1398,411,39,-160
-68,1619,-1376,430,54,-284
-75,1626,-1371,433,187,-319
-87,1627,-1368,323,250,-304
-104,1616,-1379,121,296,-220
-121,1604,-1389,293,-76,-180
-120,1603,-1392,519,-229,-179
-116,1603,-1395,683,42,-211
-110,1602,-1396,734,64,-159
-103,1605,-1382,716,270,-201
-94,1605,-1373,780,232,-132
-96,1618,-1353,526,-25,-93
-84,1639,-1327,380,237,-51
-86,1649,-1314,180,-58,59
-87,1664,-1303,-30,-102,27
-79,1657,-1312,-112,-91,66
-84,1640,-1338,-169,43,13
-91,1619,-1364,-32,298,-31
-92,1598,-1395,226,228,-48
-88,1591,-1408,362,505,-57
-86,1595,-1409,292,740,-111
-89,1594,-1401,404,921,-146
-95,1601,-1397,520,604,-109
-95,1604,-1380,483,622,-118
-95,1609,-1374,528,344,-89
-82,1622,-1348,509,302,-59
-67,1634,-1330,245,291,43
-61,1643,-1319,150,547,-31
-60,1633,-1314,118,316,-16
-42,1642,-1301,-128,819,-63
-46,1637,-1310,-23,743,-35
-53,1636,-1318,47,850,-206
-57,1633,-1331,128,942,-199
-76,1629,-1348,115,808,-203
-90,1625,-1359,235,556,-251
-85,1636,-1355,85,383,-169
-88,1640,-1361,262,442,-125
-94,1631,-1382,104,159,-110
-98,1609,-1400,109,242,-106
-103,1591,-1417,282,-11,-34
-104,1582,-1434,291,30,-35
-98,1584,-1434,433,-123,61
-83,1598,-1410,357,120,-18
-76,1623,-1380,233,316,-86
-81,1625,-1373,109,211,-45
-97,1627,-1362,149,95,-199
-86,1627,-1360,-5,103,-110
-79,1605,-1381,99,-28,-117
-64,1599,-1378,108,-78,-91
-41,1606,-1365,157,431,-99
-41,1614,-1366,68,590,-123
-53,1619,-1352,158,694,-194
-62,1630,-1347,36,519,-212
-73,1628,-1363,92,406,-175
-78,1615,-1377,167,452,-193
-76,1612,-1379,172,180,-48
-75,1611,-1386,180,338,-71
-86,1606,-1397,148,229,-41
-94,1601,-1396,250,196,-93
-88,1608,-1377,288,203,-114
-77,1617,-1371,273,164,20
-75,1622,-1363,140,300,-73
-74,1612,-1368,151,233,-48
-77,1614,-1366,176,282,-114
-76,1623,-1355,150,225,-55
-76,1640,-1339,124,266,-58
-81,1645,-1341,62,265,-41
-90,1628,-1360,71,28,-55
-81,1613,-1370,293,135,-179
-53,1616,-1368,188,303,-101
-48,1623,-1364,27,496,-52
-62,1630,-1361,129,568,-125
-84,1627,-1354,188,211,-108
-88,1620,-1364,223,144,-70
-84,1617,-1379,197,-9,-45
-80,1616,-1380,232,119,-195
-64,1616,-1384,236,280,-92
-64,1622,-1373,245,288,-121
-72,1622,-1369,123,307,-123
-83,1619,-1370,125,174,-133
-84,1608,-1379,96,268,-142
-82,1598,-1384,229,226,-169
-63,1595,-1386,260,86,-123
-49,1592,-1394,380,621,-184
-53,1593,-1408,217,988,-184
-84,1573,-1431,688,1037,-422
-87,1560,-1451,1025,917,-257
-95,1551,-1436,1176,959,-145
-94,1551,-1413,1288,1490,-400
-56,1559,-1388,1434,1618,-651
21,1586,-1350,1438,2473,-777
63,1598,-1294,1533,4060,-948
29,1603,-1270,1827,3853,-1364
9,1611,-1233,2311,3660,-1956
41,1604,-1209,3101,2929,-2473
135,1622,-1186,3457,3192,-2807
201,1609,-1161,3801,3051,-2650
168,1612,-1131,4003,2101,-2644
79,1627,-1106,4270,-453,-2607
-9,1673,-1062,4189,-4110,-2597
12,1775,-960,3544,-6983,-2637
135,1866,-885,2254,-7381,-1848
229,1958,-923,670,-5633,-1499
273,2101,-946,-648,-5635,-2460
407,2488,-973,-2300,-4634,-3805
453,2921,-858,-8411,-529,-4898
386,3173,-703,-13138,3293,-6206
305,3174,-564,-16307,5678,-6547
240,3155,-439,-22248,4583,-4972
305,3153,-158,-28763,9592,-3103
408,3232,-246,-32245,10066,-233
371,3431,-575,-32768,9702,1981
184,3660,-995,-32768,14077,1679
-78,3724,-1281,-32768,14169,1135
-224,3848,-1269,-32768,9055,2347
-56,3956,-1069,-32768,10645,5621
31,4095,-994,-32768,16490,5771
-212,4193,-1052,-32768,15879,3663
-416,4121,-873,-32768,10016,1670
-316,3916,-599,-32768,6069,1082
-185,3538,-577,-32768,3569,2004
-121,3171,-649,-32768,6614,1909
-95,2853,-587,-32768,8014,819
-123,2558,-534,-32768,8114,-895
-207,2223,-523,-32768,9043,-2236
-406,1953,-505,-32768,6572,-2702
-432,1576,-431,-32768,4747,-2580
-429,1237,-376,-32523,4490,-1816
-421,882,-238,-29509,5147,-956
-476,589,-142,-25336,4166,-741
-494,307,-49,-23104,4009,-1679
-528,-40,-19,-18883,1084,-2089
-616,-297,88,-14747,-1406,-593
-568,-505,254,-8663,-3597,1304
-324,-652,259,-3970,-282,1962
-255,-793,163,977,1691,1875
-331,-910,95,6960,-144,2090
-413,-954,36,13017,-1552,1874
-471,-859,19,19349,-3337,2054
-480,-669,-52,24164,-2825,2533
-498,-477,-109,30012,-5996,3802
-465,-214,-118,32767,-5335,3076
-376,106,-156,32767,-6459,2685
-225,547,-205,32767,-5401,1946
-105,1042,-356,32767,-2079,1410
-83,1535,-416,32767,-997,2497
-104,1962,-382,32767,772,1916
-224,2355,-412,32767,144,1055
-342,2693,-368,32767,-807,545
-576,3009,-367,32767,-7455,-1003
-561,3296,-498,32767,-10781,-2689
-489,3688,-722,32767,-14786,-1700
-466,4209,-812,32767,-16452,-1464
-382,4258,-739,32767,-17429,817
-262,4173,-743,32767,-23271,4753
-72,3775,-980,32767,-26302,5197
456,3440,-1256,32767,-15266,-387
1129,3197,-1249,28965,2212,-2435
1433,2997,-856,28636,11939,-3071
1191,2826,-883,27152,19578,-1995
374,2878,-991,22076,22850,-1284
-666,3132,-699,17111,13096,-1067
-1562,3678,-18,7915,4539,-143
-2120,3435,-49,15760,-25250,1775
-1380,2826,-1051,12794,-32768,8328
1222,2721,-784,2137,-26551,13146
2335,2285,-546,6496,18849,4692
1758,1984,-1548,5299,13120,5186
973,2150,-1715,3938,11477,1654
80,2505,-1594,2478,17358,-4305
-694,2557,-1230,886,8973,-3311
-980,2358,-909,-1142,-397,-3927
-586,2050,-892,-1283,-5172,-1209
14,1809,-1141,-866,-8224,3800
432,1690,-1254,-2996,-8469,6645
568,1577,-1286,-2781,-5264,5855
430,1504,-1291,-1734,-3085,4485
154,1490,-1297,-1199,-2431,2278
56,1503,-1337,-790,-1271,912
97,1510,-1367,-668,384,773
155,1486,-1441,-460,489,1354
169,1478,-1476,-394,611,1883
88,1507,-1422,-1152,403,1752
-35,1546,-1368,-1062,-1017,1077
-118,1558,-1397,-574,-3061,738
-120,1547,-1471,-190,-3549,544
-42,1536,-1473,-249,-2420,326
48,1526,-1448,-619,-1092,-69
123,1475,-1529,-125,524,8
111,1464,-1552,-432,1006,77
61,1482,-1524,-396,1473,191
-30,1501,-1557,-84,1143,249
-109,1517,-1549,-141,626,134
-130,1523,-1493,-141,-284,113
-108,1513,-1491,174,-794,-85
-68,1517,-1503,155,-808,-184
-25,1522,-1492,-28,-327,-91
-19,1520,-1495,56,76,-72
-60,1517,-1501,60,92,-258
-101,1515,-1521,219,-115,-367
-121,1526,-1503,271,-54,-519
-112,1541,-1487,60,-234,-458
-86,1537,-1502,104,-261,-197
-72,1531,-1502,-41,-361,87
-63,1528,-1489,-116,-5,13
-57,1523,-1489,-166,96,72
-79,1512,-1510,-68,478,-3
-104,1505,-1531,50,1060,-229
-109,1494,-1523,346,1072,-313
-91,1493,-1505,258,1340,-315
-64,1511,-1465,-73,1616,-283
-41,1542,-1421,-385,1735,-38
-48,1573,-1382,-779,1617,155
-62,1590,-1376,-964,1028,288
-58,1601,-1395,-979,948,227
-77,1561,-1458,-347,561,174
-83,1537,-1475,26,372,-123
-42,1537,-1473,-127,492,81
-17,1556,-1449,-143,1018,-66
-6,1583,-1427,-139,1251,-148
-14,1605,-1407,-77,953,-81
-28,1612,-1406,-152,702,-42
-44,1602,-1412,-346,356,-51
-41,1595,-1415,-238,-373,85
-35,1591,-1423,-242,-262,164
-45,1580,-1434,-113,-310,11
-31,1584,-1433,-165,-190,-8
-23,1581,-1436,-140,-504,64
-19,1565,-1452,33,166,-112
-30,1552,-1473,-61,189,-118
-44,1541,-1489,10,340,-155
-54,1528,-1505,264,-217,57
-61,1539,-1483,227,-137,49
-48,1551,-1459,63,-143,126
-36,1566,-1445,-173,125,176
-30,1572,-1432,-216,168,230
-37,1571,-1433,-99,107,274
-51,1575,-1429,-190,-53,301
-57,1579,-1414,-49,-280,341
-41,1596,-1395,-150,-215,288
-30,1609,-1377,-322,-340,285
-17,1618,-1368,-441,335,220
-22,1612,-1377,-323,103,302
-37,1600,-1391,-366,178,309
-47,1587,-1397,-235,14,255
-37,1579,-1410,-157,-192,293
-31,1578,-1412,-29,-44,290
-18,1585,-1406,-47,338,197
-18,1587,-1406,32,80,202
-9,1599,-1396,-32,91,140
-11,1605,-1387,-17,155,141
-22,1602,-1380,44,-67,109
-12,1598,-1392,83,-21,87
-4,1592,-1394,189,-119,53
6,1600,-1387,192,32,48
3,1612,-1385,106,175,-75
-9,1601,-1409,200,120,-36
-23,1589,-1396,328,12,-123
-9,1590,-1388,327,298,-136
-5,1586,-1406,286,564,-107
-16,1588,-1400,202,444,-111
-13,1589,-1391,288,289,-11
-15,1593,-1386,216,175,-40
-17,1602,-1384,200,293,-112
-19,1608,-1382,229,282,-91
-28,1613,-1380,48,369,-122
-37,1605,-1385,54,239,-80
-29,1600,-1385,92,448,-136
-23,1594,-1388,200,308,-90
-23,1597,-1389,250,386,-52
-20,1606,-1377,214,362,-128
-18,1611,-1380,244,391,-145
-28,1606,-1388,188,270,-112
-25,1605,-1380,177,323,-125
-17,1606,-1382,123,330,-68
-21,1601,-1396,202,369,-56
-29,1592,-1411,246,346,-96
-30,1589,-1416,260,261,-82
-33,1590,-1418,350,307,-104
-32,1599,-1405,251,213,-80
-29,1607,-1390,176,143,-28
-27,1612,-1385,148,363,-88
-31,1606,-1389,53,199,-94
-24,1600,-1388,165,131,-77
-18,1595,-1393,318,-11,11
-20,1594,-1394,357,131,-58
-11,1602,-1381,309,138,-119
-6,1608,-1379,367,248,-121
-10,1608,-1387,219,316,-190
-14,1603,-1392,271,261,-249
-10,1594,-1396,285,392,-158
-14,1591,-1410,203,499,-175
-23,1586,-1405,320,370,-203
-19,1591,-1396,192,355,-71
-27,1605,-1386,150,284,-100
-37,1611,-1387,71,341,-152
-44,1603,-1395,80,255,-132
-34,1590,-1391,191,184,-162
-12,1592,-1398,127,432,-140
-14,1598,-1400,161,349,-157
-21,1605,-1392,123,622,-162
-38,1604,-1393,135,507,-162
-43,1601,-1394,134,485,-175
-39,1595,-1405,253,601,-183
-30,1590,-1408,398,245,-221
-12,1601,-1399,297,658,-207
-17,1601,-1401,226,769,-134
-27,1599,-1400,67,789,-223
-29,1599,-1394,126,617,-176
-27,1599,-1390,72,475,-63
-20,1603,-1392,-66,605,-29
-12,1600,-1391,15,697,-66
-13,1601,-1384,96,624,-163
-8,1601,-1394,195,544,-129
-11,1612,-1390,24,927,-133
-25,1612,-1380,-6,618,-76
-29,1611,-1371,-21,643,-32
-33,1613,-1369,-22,447,24
-29,1616,-1371,91,186,47
-25,1616,-1372,195,-29,-51
-11,1619,-1366,160,-105,-4
5,1626,-1361,115,140,-19
10,1619,-1358,140,-1,-21
19,1616,-1363,186,253,-76
13,1612,-1368,108,260,-23
-8,1605,-1388,73,463,-50
-22,1598,-1395,257,337,-163
-14,1599,-1397,390,345,-160
-11,1605,-1402,292,379,-142
-19,1612,-1389,228,441,-160
-26,1613,-1380,219,292,-154
-24,1615,-1377,202,257,-123
-17,1609,-1384,235,375,-108
-15,1598,-1394,255,276,-115
-9,1591,-1389,404,480,-148
-6,1597,-1392,524,766,-211
-19,1569,-1403,805,794,-262
-28,1532,-1401,1387,1106,-627
11,1512,-1376,2102,1685,-1192
104,1530,-1347,2379,3092,-1910
202,1541,-1290,2749,5004,-2439
237,1567,-1224,2881,6006,-2824
225,1606,-1129,3145,5707,-2924
187,1646,-1079,3091,4567,-2675
109,1676,-1050,3202,1958,-2457
87,1671,-1073,3457,-664,-2199
99,1640,-1121,3562,-2906,-1916
104,1640,-1157,3515,-4453,-2245
177,1712,-1112,3201,-6765,-2520
296,1865,-954,1764,-7822,-2240
358,2044,-836,204,-6882,-1646
396,2300,-859,-3231,-3582,-1857
384,2692,-959,-6211,-3868,-1967
259,2956,-878,-11087,-1854,-2725
51,3062,-739,-13636,1294,-5392
-103,3083,-660,-16881,1605,-7685
-75,3168,-569,-22976,-1782,-6518
317,3215,-330,-28392,3761,-2104
733,3266,-343,-32608,6206,3554
750,3439,-700,-32768,8260,5542
519,3638,-1119,-32768,17453,4007
29,3758,-1330,-32768,20525,1162
-292,3809,-1262,-32768,13165,1788
-147,3871,-980,-32768,12803,4141
-36,3992,-752,-32768,15320,4093
-150,4120,-773,-32768,14743,1711
-339,4051,-837,-32768,14535,-2156
-368,3776,-689,-32768,12392,-4385
-387,3411,-609,-32768,5414,-3254
-461,3073,-697,-32768,4971,-3962
-494,2762,-627,-32768,4243,-4616
-395,2450,-519,-32768,2143,-5076
-225,2118,-550,-32768,3202,-5299
-89,1814,-630,-32768,4480,-5242
-34,1418,-629,-32768,7477,-5004
-167,1071,-594,-30729,4425,-3347
-271,711,-565,-26402,5400,-1781
-384,324,-520,-21469,3565,-454
-494,-44,-428,-15744,261,324
-576,-430,-397,-8943,-2410,1023
-558,-781,-377,-1702,-4268,1741
-458,-990,-335,6258,-3581,2676
-452,-1018,-293,13095,-3739,3356
-494,-957,-289,19591,-2762,2869
-545,-794,-283,25334,-2990,2399
-585,-491,-261,30958,-3524,1878
-627,-144,-222,32767,-3769,587
-653,263,-164,32767,-4257,326
-579,688,-190,32767,-1939,-1999
-459,1049,-416,32767,-735,-4162
-427,1562,-454,32767,259,-2843
-460,2127,-325,32767,-2395,-448
-490,2702,-337,32767,-4046,823
-362,2919,-287,32767,-3526,1527
-339,3006,-398,32767,-6732,210
-204,3206,-479,32767,-6766,169
-166,3562,-553,32767,-10734,811
-111,4086,-547,32767,-12409,2211
-85,4033,-487,32767,-9866,4153
-119,3814,-687,32767,-7879,2220
-231,3741,-1063,32767,-6613,-660
-434,3535,-1066,32767,-9795,-1600
-560,3201,-1184,31500,-19006,2297
-404,2855,-1399,30789,-21049,3907
237,2961,-1115,26230,-3750,1236
1120,3409,-264,15065,16849,-1536
850,3180,-38,19941,12394,-728
19,2967,-333,17971,-5517,4552
-441,2874,-391,13473,-16214,6755
-32,2865,-369,2571,-21744,8415
523,2654,-111,3323,6010,4704
226,2468,-465,2309,11626,299
16,2647,-1204,-739,-106,758
72,2710,-1405,-19,2605,36
140,2470,-1298,561,6959,-5
95,2024,-1130,-99,9638,142
20,1784,-1076,-655,3700,1788
-25,1713,-1096,-1686,-459,3569
-77,1678,-1144,-2092,-3035,3936
-76,1664,-1167,-2374,-3670,3307
-37,1633,-1191,-1731,-4327,3013
50,1644,-1219,-1619,-3060,3117
131,1668,-1219,-2174,-1640,3006
248,1692,-1265,-2906,1090,3476
301,1710,-1243,-5443,2738,4465
181,1716,-1124,-7264,3645,3759
2,1647,-1145,-5729,848,2236
-71,1537,-1302,-3979,-22,1772
-147,1493,-1446,-2147,-1831,792
-146,1463,-1530,-486,-2886,366
-78,1484,-1540,706,-2242,-118
57,1542,-1484,599,-785,-89
143,1617,-1378,127,283,-83
150,1662,-1309,-322,1630,-175
90,1640,-1326,-352,914,-7
3,1602,-1389,147,615,-47
-96,1577,-1437,793,-648,-100
-107,1579,-1482,840,-1145,247
-110,1566,-1489,1333,-1176,91
-45,1585,-1455,1310,-708,-232
31,1600,-1409,1473,147,-200
64,1624,-1335,1442,1411,-555
78,1647,-1284,1252,1809,-714
64,1672,-1241,982,2000,-782
30,1702,-1195,456,1889,-604
-19,1725,-1199,471,1053,-443
-70,1694,-1251,400,-391,-302
-102,1644,-1316,1124,-457,-671
-70,1617,-1360,1264,-479,-818
2,1600,-1392,1469,463,-847
43,1611,-1388,1417,1123,-1003
49,1617,-1383,1265,1947,-970
-5,1631,-1379,938,1509,-774
-70,1634,-1368,590,1052,-544
-107,1627,-1370,388,-12,-274
-108,1613,-1381,324,-706,-103
-70,1600,-1389,229,-514,-64
-29,1602,-1393,370,-200,-133
4,1605,-1411,401,231,-169
-12,1604,-1418,251,713,-309
-41,1601,-1415,86,1083,-315
-68,1596,-1409,266,899,-260
-79,1600,-1400,260,469,-153
-69,1611,-1384,152,332,-115
-51,1620,-1374,-10,301,0
-44,1621,-1356,-62,193,75
-31,1625,-1346,-33,421,-31
-19,1629,-1350,-65,327,21
-19,1624,-1372,-87,633,-14
-39,1616,-1387,-6,502,-43
-60,1596,-1412,181,286,31
-73,1590,-1412,474,12,-13
-53,1601,-1402,436,139,-3
-29,1612,-1386,339,200,27
-19,1615,-1376,373,-9,25
-16,1618,-1367,480,-3,-26
-24,1609,-1389,467,52,-10
-37,1602,-1395,475,-26,-35
-30,1606,-1392,524,-147,-38
-23,1606,-1399,426,-69,-81
-29,1601,-1397,322,-152,-56
-23,1602,-1393,321,155,-63
-30,1600,-1394,265,25,-101
-29,1591,-1396,361,-46,-210
-16,1588,-1400,419,24,-270
-13,1586,-1406,458,191,-246
-16,1589,-1404,456,433,-323
-15,1593,-1406,495,760,-345
-27,1592,-1406,334,675,-265
-32,1601,-1394,401,995,-388
-38,1610,-1389,238,783,-293
-51,1613,-1376,273,516,-216
-51,1619,-1369,131,344,-121
-54,1613,-1374,-7,293,-64
-52,1606,-1376,123,315,-59
-40,1606,-1370,38,277,-14
-28,1605,-1378,-94,368,62
-32,1609,-1368,-254,380,76
-23,1617,-1366,-328,754,49
-32,1609,-1381,-129,521,97
-35,1599,-1381,87,223,91
-30,1596,-1387,224,51,71
-35,1607,-1378,224,-151,1
-23,1627,-1363,142,51,32
-24,1630,-1369,169,-45,-13
-43,1613,-1394,294,-133,-36
-54,1600,-1402,467,-323,-122
-38,1601,-1398,352,-266,-11
-32,1595,-1408,286,-224,27
-28,1600,-1402,294,143,-50
-28,1602,-1396,131,185,-100
-39,1593,-1412,217,248,-111
-43,1592,-1403,300,256,-196
-27,1588,-1404,426,214,-177
-22,1584,-1412,598,341,-215
-29,1581,-1423,623,404,-262
-36,1586,-1406,682,401,-328
-30,1599,-1385,549,253,-240
-24,1614,-1376,411,151,-118
-27,1621,-1365,254,89,-161
-22,1625,-1361,83,88,-148
-26,1612,-1375,153,78,-112
-31,1601,-1386,237,70,-157
-32,1590,-1404,223,41,-61
-39,1589,-1405,251,190,-135
-48,1592,-1412,83,176,-136
-57,1590,-1410,192,395,-242
-51,1594,-1396,213,209,-121
-40,1594,-1402,304,325,-34
-48,1597,-1398,179,173,-85
-44,1602,-1390,7,296,-102
-52,1601,-1392,-26,375,-75
-56,1602,-1384,-72,644,-140
-49,1604,-1380,-84,574,-13
-47,1607,-1384,-96,910,-1
-46,1616,-1373,-249,917,-83
-44,1613,-1380,-135,901,-80
-57,1597,-1395,127,781,-90
-60,1596,-1390,221,576,-128
-45,1606,-1381,179,751,-123
-44,1611,-1380,147,504,-70
-42,1623,-1362,177,507,-152
-37,1618,-1368,267,438,-69
-41,1614,-1375,285,354,-88
-39,1612,-1372,241,171,-90
-29,1615,-1369,156,183,-86
-27,1617,-1368,109,142,-28
-27,1617,-1372,98,307,-38
-29,1604,-1386,141,300,-56
-29,1593,-1393,290,187,-29
-22,1593,-1397,444,367,-122
-19,1598,-1394,365,200,-67
-16,1605,-1385,370,269,-91
-20,1610,-1380,365,230,-118
-32,1603,-1394,275,51,-53
-34,1598,-1397,334,247,-134
-37,1595,-1405,355,106,-105
-32,1595,-1403,442,137,-94
-26,1602,-1391,456,174,-159
-21,1611,-1383,355,306,-132
-28,1616,-1375,308,112,-100
-32,1611,-1379,157,163,-44
-41,1600,-1390,274,67,-96
-35,1599,-1390,250,153,-133
-31,1600,-1385,303,44,-96
-27,1607,-1375,282,87,-135
-24,1616,-1363,136,168,-66
-31,1622,-1354,31,106,-93
-30,1627,-1348,-116,92,-65
-28,1624,-1361,-199,324,-11
-36,1616,-1369,-218,192,-35
-33,1607,-1375,-158,195,-35
-38,1596,-1397,28,179,-16
-45,1585,-1418,109,281,-104
-49,1582,-1423,283,440,-197
-43,1587,-1420,362,606,-218
-38,1595,-1408,289,686,-232
-39,1603,-1395,267,625,-189
-45,1613,-1382,252,540,-151
-52,1619,-1370,176,232,-56
-54,1623,-1371,5,174,-39
-53,1625,-1364,-42,81,-4
-37,1627,-1361,-138,223,0
-32,1616,-1372,-74,210,48
-28,1611,-1375,-13,353,-34
-25,1602,-1393,129,458,-51
-33,1594,-1402,223,548,-103
-38,1592,-1410,256,495,-77
-37,1599,-1392,343,429,-187
-24,1609,-1383,213,398,-54
-23,1609,-1384,231,625,-63
-29,1604,-1388,189,551,-81
-28,1593,-1395,176,393,-81
-22,1575,-1403,380,839,-142
-27,1555,-1404,843,1030,-288
-36,1546,-1391,1388,1307,-777
-24,1542,-1364,1902,1394,-1357
16,1539,-1333,2516,1808,-2046
105,1538,-1275,3129,2785,-2685
184,1570,-1225,3499,3159,-3153
239,1607,-1190,3808,3079,-3489
241,1639,-1159,3952,2250,-3417
173,1689,-1098,3537,351,-3093
83,1761,-1075,2718,-2035,-2843
14,1841,-1054,1597,-3779,-2726
38,1843,-1039,1056,-4498,-2638
175,1851,-1028,829,-4985,-2473
372,1979,-948,-450,-4215,-2220
486,2183,-859,-2802,-2643,-2111
468,2544,-807,-6431,-1066,-3526
478,2907,-681,-10134,987,-4546
447,3140,-544,-14859,1483,-3061
324,3297,-313,-21858,2921,-1691
211,3331,208,-29422,15863,-5131
163,3272,152,-32398,9158,-4225
289,3377,-443,-32768,1121,1603
287,3655,-930,-32768,4217,5310
14,3746,-1250,-32768,13527,3568
-433,3710,-1354,-32768,9415,995
-281,3787,-1119,-32768,8326,2829
128,3940,-823,-32768,13723,5569
158,4049,-873,-32768,16438,3971
-112,3979,-994,-32768,14049,1201
-334,3759,-719,-32768,15392,-1968
-493,3420,-489,-32768,4499,-1997
-408,3064,-487,-32768,3511,-562
-390,2868,-502,-32768,2178,-299
-251,2728,-364,-32768,3305,212
-69,2406,-324,-32768,5871,253
29,2059,-339,-32768,7738,-444
42,1742,-311,-32768,7501,-601
38,1407,-262,-30420,9441,705
-101,1069,-310,-27280,10000,1169
-274,748,-396,-23952,10932,491
-484,400,-408,-20337,7833,-10
-635,-11,-397,-14365,5000,-272
-733,-423,-388,-8105,3323,-586
-736,-695,-346,-690,1105,129
-741,-823,-330,6030,-1461,867
-712,-851,-321,12326,-1682,1119
-693,-773,-264,18433,-3095,1480
-672,-617,-177,23766,-4591,1677
-668,-371,-127,27972,-4165,1176
-655,-53,-90,31601,-5539,1056
-592,285,-68,32767,-4995,375
-558,694,-47,32767,-6286,723
-467,1162,27,32767,-7172,1322
-279,1740,41,32767,-5017,1336
-82,2131,29,32767,-2853,661
-89,2345,-36,32767,-4870,1152
-146,2605,39,32767,-3336,2790
-267,2752,18,32767,-6806,3807
-335,2873,-91,32767,-8068,3440
-454,2927,-229,32767,-11258,1365
-561,3042,-347,32767,-16007,-1240
-511,3423,-444,32767,-19854,-3981
-306,3721,-480,32767,-19754,-3048
-131,3622,-625,32767,-19346,129
26,3456,-949,32767,-21555,984
417,3226,-1153,31062,-10220,-1606
732,2964,-1207,28735,665,-2291
796,2748,-1004,27061,-294,-1085
760,2674,-948,26995,7019,-596
598,2830,-847,24117,16349,-867
205,3058,-507,16896,14898,1284
-487,3222,-15,13766,2494,4223
-1006,3150,45,11739,-9624,5615
-1125,2863,-551,8001,-31618,7514
-65,2806,-533,1219,-18900,5616
720,2681,-478,1310,3914,1509
892,2507,-1097,167,1088,6070
976,2361,-1493,783,4079,6118
590,2267,-1371,-1417,12518,789
21,1948,-1305,312,8871,-749
-299,1811,-1206,449,3278,-443
-319,1768,-1155,223,-2524,1673
-167,1783,-1119,-833,-2693,2098
64,1767,-1121,-2132,-1307,2079
244,1710,-1119,-2735,-1879,2636
283,1655,-1177,-2386,-1201,2582
150,1583,-1269,-1555,-1938,1667
66,1548,-1343,-938,-1867,1213
31,1538,-1383,-853,-1982,1124
31,1547,-1419,-916,-973,945
18,1542,-1472,-958,122,869
-20,1540,-1467,-677,1,833
-30,1538,-1466,-282,221,976
-68,1549,-1416,-281,-445,1003
-71,1593,-1361,-215,-934,831
-62,1619,-1356,-108,-1376,645
-69,1611,-1369,305,-1622,291
-53,1615,-1364,271,-1548,144
-14,1614,-1361,201,-776,149
8,1616,-1395,357,-460,0
-9,1615,-1448,289,-644,4
-45,1585,-1489,278,-444,-6
-74,1569,-1483,216,38,-225
-64,1553,-1468,355,-34,-463
6,1554,-1459,32,-260,-239
69,1568,-1435,-52,731,120
78,1590,-1396,-109,1076,59
52,1592,-1377,-351,853,118
9,1588,-1367,-726,1177,-319
-16,1578,-1345,-852,1089,-227
-53,1574,-1360,-795,766,-191
-83,1553,-1399,-352,349,-166
-86,1522,-1451,258,399,-223
-92,1506,-1476,388,47,-139
-100,1530,-1434,564,261,-186
-89,1592,-1387,306,898,-316
-101,1631,-1355,15,786,-364
-104,1641,-1352,315,281,-390
-93,1625,-1377,657,-449,-88
-90,1619,-1408,645,-507,44
-76,1618,-1402,442,-415,-65
-33,1623,-1392,341,276,-239
-16,1632,-1387,237,1106,-369
-36,1619,-1406,117,1534,-364
-75,1594,-1423,201,1367,-254
-107,1576,-1431,402,823,-199
-119,1573,-1445,541,150,-97
-108,1585,-1434,493,-216,-77
-78,1597,-1413,553,-375,-45
-40,1600,-1397,363,227,-77
-16,1599,-1392,265,477,-156
-12,1593,-1407,50,563,-96
-37,1582,-1428,94,390,-26
-57,1578,-1438,94,511,-59
-62,1574,-1439,194,9,3
-52,1580,-1428,151,-8,83
-54,1586,-1427,79,-167,91
-64,1584,-1423,135,-128,47
-59,1580,-1413,213,-90,-26
-46,1580,-1408,140,-84,6
-37,1583,-1399,204,65,-10
-23,1592,-1373,289,94,-20
-8,1602,-1371,253,440,-76
-21,1602,-1379,200,399,-118
-31,1609,-1372,241,559,-235
-38,1603,-1386,313,714,-210
-64,1585,-1401,592,378,-207
-66,1587,-1399,598,404,-281
-60,1584,-1414,684,620,-249
-64,1584,-1418,551,514,-236
-67,1591,-1407,572,178,-219
-68,1598,-1397,546,390,-213
-67,1598,-1412,321,615,-170
-74,1589,-1414,379,521,-155
-67,1584,-1400,374,428,-96
-64,1585,-1400,422,365,-68
-68,1595,-1398,268,283,-70
-74,1597,-1406,401,302,4
-76,1604,-1385,390,-129,-19
-59,1615,-1368,282,-355,51
-54,1616,-1370,206,-337,65
-48,1612,-1375,192,168,-24
-43,1606,-1381,139,5,-2
