4,1719,-1169,-461,333,135
2,1716,-1173,-441,35,181
0,1713,-1170,-273,121,162
-1,1712,-1171,-320,609,34
-10,1714,-1170,-329,275,87
-11,1718,-1161,-51,87,175
-5,1726,-1162,-216,2,77
1,1726,-1163,-422,-9,5
2,1721,-1156,-387,83,-50
-8,1715,-1151,-160,-15,3
-17,1713,-1151,-120,-40,69
-19,1717,-1148,-15,-178,131
-9,1725,-1150,-171,19,43
-6,1729,-1154,-315,-56,-37
-8,1727,-1150,-266,-259,-49
-8,1721,-1151,-279,-165,-58
-11,1715,-1150,-198,-82,-15
-16,1718,-1147,49,-19,72
-13,1727,-1150,60,-37,61
-10,1729,-1154,-179,-75,39
-12,1726,-1152,-172,-77,44
-13,1724,-1149,-165,79,24
-13,1724,-1150,-226,72,-8
-15,1725,-1151,-246,94,-13
-19,1721,-1151,-137,-83,42
-22,1721,-1149,-179,-71,47
-24,1720,-1146,-120,98,55
-27,1723,-1150,-100,111,83
-30,1725,-1154,-142,107,77
-30,1726,-1154,-149,64,57
-30,1724,-1154,-155,-5,100
-29,1722,-1151,-76,85,85
-26,1726,-1148,-73,186,89
-29,1729,-1146,-28,130,67
-31,1731,-1144,-34,9,114
-22,1733,-1144,-84,229,75
-23,1732,-1147,-229,176,18
-22,1732,-1143,-339,347,-1
-27,1730,-1146,-249,229,-16
-31,1727,-1143,-133,190,37
-38,1723,-1141,5,303,4
-43,1720,-1140,62,260,7
-46,1721,-1140,8,94,77
-36,1722,-1138,82,292,65
-30,1724,-1140,122,348,4
-29,1725,-1144,125,266,-4
-30,1723,-1149,141,231,28
-35,1723,-1150,103,156,93
-34,1721,-1146,246,129,103
-37,1723,-1146,255,89,122
-37,1723,-1151,167,174,56
-43,1721,-1155,100,91,66
-47,1721,-1156,285,-78,132
-42,1722,-1159,305,0,124
-39,1724,-1164,298,32,95
-37,1726,-1164,236,35,87
-36,1723,-1165,135,2,115
-34,1718,-1166,94,139,93
-37,1717,-1168,44,155,107
-39,1717,-1169,33,128,91
-39,1713,-1173,57,126,101
-37,1711,-1175,2,205,90
-41,1709,-1174,2,257,99
-42,1706,-1173,-11,307,87
-43,1707,-1173,86,249,127
-38,1712,-1177,166,335,94
-32,1712,-1179,-77,430,63
-32,1711,-1174,-13,445,64
-35,1713,-1172,86,331,110
-33,1712,-1174,-16,371,52
-37,1709,-1172,-6,289,106
-40,1710,-1172,31,227,170
-34,1714,-1175,-135,516,59
-33,1714,-1175,-198,480,13
-33,1712,-1173,-114,437,12
-35,1711,-1175,-126,296,78
-41,1711,-1172,68,234,181
-39,1717,-1171,50,326,127
-36,1719,-1176,-188,425,85
-33,1713,-1172,-237,427,67
-33,1706,-1174,-111,186,161
-26,1709,-1181,-153,344,73
-23,1713,-1177,-242,528,-45
-32,1710,-1167,59,272,35
-36,1709,-1168,157,204,78
-37,1709,-1174,-65,189,18
-36,1709,-1172,-46,188,54
-27,1708,-1173,-18,303,6
-26,1705,-1172,90,385,-51
-30,1704,-1173,239,318,13
-31,1706,-1174,192,358,27
-31,1706,-1174,212,298,33
-28,1708,-1170,289,421,48
-29,1708,-1176,262,281,13
-28,1703,-1180,213,197,32
-24,1701,-1178,291,361,33
-28,1704,-1176,344,426,47
-31,1708,-1180,349,383,17
-32,1708,-1182,257,284,6
-30,1704,-1186,131,344,-8
-28,1699,-1186,177,424,21
-24,1698,-1190,202,507,28
-26,1699,-1194,200,432,26
-29,1698,-1201,240,248,44
-29,1701,-1202,200,280,49
-24,1703,-1202,29,347,18
-20,1699,-1201,30,398,-58
-19,1693,-1199,78,516,-7
-26,1686,-1205,123,330,96
-29,1684,-1208,141,169,159
-27,1687,-1206,226,283,82
-29,1694,-1209,145,237,72
-25,1695,-1212,-138,348,27
-29,1687,-1211,-139,283,74
-38,1681,-1205,120,53,166
-39,1680,-1207,145,-48,196
-36,1683,-1208,91,17,204
-34,1689,-1208,98,-38,214
-29,1693,-1203,-87,-14,140
-24,1690,-1198,-108,365,10
-34,1686,-1205,-190,332,7
-45,1683,-1205,-185,130,144
-45,1687,-1207,-170,228,186
-45,1695,-1204,-140,80,120
-38,1697,-1201,26,-121,116
-26,1698,-1199,-166,45,60
-22,1692,-1200,-194,64,120
-21,1686,-1196,-68,53,136
-21,1685,-1196,17,211,95
-27,1687,-1201,-135,269,62
-34,1683,-1203,-98,260,88
-33,1683,-1208,-237,304,49
-28,1683,-1211,-387,365,-30
-31,1678,-1207,-174,375,13
-35,1678,-1206,-84,396,64
-37,1680,-1212,-8,310,105
-41,1682,-1215,164,25,247
-36,1693,-1215,234,-88,256
-26,1701,-1220,52,-85,170
-22,1700,-1223,-94,-175,81
-22,1698,-1218,-228,-100,69
-28,1698,-1210,-168,24,19
-35,1697,-1209,-35,-33,35
-37,1700,-1214,-177,-320,68
-30,1702,-1211,-564,-146,-9
-25,1694,-1205,-731,243,-153
-37,1683,-1198,-607,224,-143
-58,1679,-1196,-375,-178,29
-61,1682,-1193,-350,-93,146
-56,1688,-1189,-248,-94,134
-45,1696,-1192,-377,-13,73
-35,1699,-1200,-543,141,-19
-35,1699,-1198,-615,248,10
-41,1698,-1190,-416,348,27
-49,1696,-1189,-231,283,100
-51,1701,-1182,-169,88,220
-41,1710,-1179,-238,5,225
-29,1714,-1179,-396,169,86
-24,1711,-1177,-524,396,25
-28,1707,-1180,-647,677,-84
-38,1704,-1179,-652,631,-3
-46,1705,-1170,-63,437,102
-41,1716,-1172,-135,555,37
-38,1718,-1178,-338,588,-94
-38,1714,-1175,-212,358,-29
-36,1713,-1174,-226,364,-39
-35,1708,-1171,-182,438,-55
-42,1705,-1169,-115,359,-10
-45,1705,-1168,-133,272,36
-43,1705,-1170,-170,245,36
-38,1707,-1169,-220,295,-18
-38,1706,-1169,-205,222,-37
-45,1704,-1169,-99,254,-11
-53,1703,-1173,-25,220,35
-57,1704,-1178,-83,198,87
-55,1711,-1175,28,202,107
-49,1718,-1177,-24,127,112
-42,1721,-1181,-242,-63,71
-35,1716,-1179,-325,166,33
-39,1711,-1170,-201,203,46
-43,1711,-1169,-77,372,41
-49,1716,-1169,-136,349,56
-51,1715,-1167,-182,244,14
-51,1711,-1168,-131,175,20
-50,1712,-1168,-174,160,8
-51,1712,-1169,-108,185,17
-50,1715,-1170,-191,220,22
-50,1713,-1170,-90,194,58
-49,1713,-1172,-96,184,24
-54,1716,-1174,-49,-91,110
-51,1719,-1165,66,26,61
-47,1715,-1166,-31,141,-14
-51,1708,-1172,-138,9,5
-54,1704,-1169,-51,31,118
-58,1705,-1168,-41,-9,162
-59,1708,-1167,48,150,139
-61,1711,-1169,19,114,116
-62,1712,-1171,21,-13,159
-60,1712,-1171,57,-108,211
-55,1714,-1165,53,-10,235
-47,1716,-1164,56,143,176
-44,1717,-1171,-213,257,115
-49,1712,-1170,-126,156,152
-52,1713,-1172,-136,353,185
-60,1714,-1174,-84,195,205
-60,1715,-1174,-128,33,220
-54,1711,-1175,-218,84,155
-49,1706,-1172,-224,266,167
-48,1702,-1171,-103,435,168
-55,1704,-1172,42,281,222
-53,1708,-1168,181,275,250
-47,1711,-1169,76,202,228
-43,1709,-1170,-114,153,211
-43,1708,-1172,-132,101,214
-39,1706,-1173,-36,201,201
-41,1709,-1172,78,215,173
-45,1715,-1172,188,356,204
-48,1719,-1174,88,297,197
-44,1720,-1176,-94,224,152
-42,1714,-1176,-205,214,105
-42,1711,-1172,-97,258,87
-46,1710,-1173,25,207,167
-47,1714,-1174,-9,121,219
-38,1717,-1175,-2,500,126
-36,1716,-1181,-232,442,31
-36,1712,-1179,-338,392,-13
-38,1705,-1177,-252,421,47
-49,1702,-1172,47,286,158
-54,1705,-1174,189,246,207
-49,1711,-1179,148,159,208
-36,1712,-1180,-8,273,170
-28,1710,-1176,-128,361,88
-29,1706,-1171,-25,392,96
-30,1706,-1170,-1,438,135
-31,1707,-1171,18,492,110
-33,1705,-1174,78,454,118
-41,1706,-1177,107,251,194
-40,1709,-1177,50,166,192
-34,1710,-1184,-283,414,106
-36,1708,-1180,-142,425,100
-38,1708,-1178,29,241,159
-36,1708,-1184,-122,246,100
-38,1705,-1181,10,193,203
-35,1708,-1174,35,215,243
-28,1711,-1177,-68,326,122
-28,1710,-1179,-100,136,116
-28,1708,-1181,-82,231,111
-30,1704,-1180,-117,340,159
-33,1705,-1179,17,307,182
-30,1709,-1179,1,266,182
-25,1709,-1179,-106,333,137
-26,1708,-1177,-134,263,134
-25,1707,-1177,-156,244,160
-18,1707,-1178,-195,348,116
-15,1704,-1178,-255,426,71
-21,1703,-1177,-171,227,156
-22,1703,-1179,10,333,172
-26,1705,-1179,-27,347,147
-28,1708,-1180,-2,341,139
-22,1709,-1183,-163,279,96
-16,1708,-1184,-207,195,106
-11,1707,-1183,-156,412,66
-16,1707,-1179,-53,402,118
-16,1710,-1177,-7,494,93
-16,1713,-1181,-111,271,131
-16,1715,-1176,-47,99,155
-18,1713,-1174,-124,30,123
-21,1703,-1171,-192,184,42
-27,1700,-1168,-92,215,144
-29,1700,-1172,113,168,186
-27,1702,-1179,88,139,139
-26,1705,-1177,149,279,93
-27,1707,-1177,251,283,73
-27,1708,-1177,218,264,125
-23,1708,-1176,228,130,131
-17,1711,-1175,240,79,106
-10,1706,-1182,79,133,50
-6,1703,-1182,113,432,-17
-16,1706,-1180,167,328,36
-21,1706,-1185,90,182,46
-21,1701,-1186,12,227,-4
-23,1699,-1185,40,242,19
-26,1698,-1187,77,82,114
-24,1698,-1188,97,145,117
-24,1699,-1186,44,52,125
-24,1697,-1186,33,-4,142
-24,1693,-1190,125,85,127
-32,1693,-1191,131,139,132
-34,1696,-1193,293,-52,238
-27,1704,-1198,112,-140,232
-15,1703,-1198,-72,-5,128
-13,1696,-1201,-100,17,90
-11,1692,-1200,-230,390,46
-24,1690,-1194,-48,205,156
-28,1696,-1193,124,104,238
-16,1703,-1202,-147,290,139
-5,1702,-1203,-358,479,-2
-9,1699,-1198,-447,490,-10
-10,1693,-1192,-483,638,-14
-18,1688,-1188,-382,456,108
-18,1689,-1186,-273,471,151
-19,1694,-1182,-197,278,190
-11,1702,-1184,-172,153,239
-2,1710,-1188,-257,305,111
-3,1713,-1189,-293,233,73
-10,1710,-1184,-240,175,77
-13,1701,-1183,-320,375,79
-22,1696,-1179,-104,285,154
-24,1700,-1172,29,293,179
-20,1702,-1170,-128,313,69
-25,1693,-1170,-224,177,-1
-33,1686,-1175,-138,115,66
-40,1686,-1178,125,159,144
-46,1692,-1181,262,-42,212
-45,1697,-1187,336,-38,183
-48,1696,-1193,299,15,174
-50,1697,-1197,376,-184,245
-44,1701,-1201,345,-333,263
-33,1702,-1204,293,-316,241
-22,1705,-1204,318,-454,271
-12,1709,-1204,133,-347,193
-6,1705,-1206,-190,-36,68
-13,1696,-1206,-224,151,58
-27,1690,-1206,-100,78,121
-30,1690,-1205,21,37,236
-21,1695,-1207,13,184,186
-12,1699,-1212,-154,326,89
-11,1701,-1215,-399,304,20
-11,1694,-1213,-564,332,-22
-16,1686,-1203,-322,355,92
-17,1688,-1196,-82,282,201
-11,1695,-1200,-123,265,167
-8,1700,-1198,-209,379,134
-9,1700,-1193,-181,236,144
-6,1700,-1191,-349,366,104
-4,1698,-1192,-368,496,80
-5,1699,-1188,-291,500,87
-5,1703,-1188,-311,632,70
-4,1707,-1186,-597,704,54
-5,1707,-1174,-492,777,45
-4,1705,-1175,-535,787,14
-6,1705,-1186,-785,659,-36
-11,1702,-1186,-684,468,99
-19,1706,-1174,-336,294,179
-26,1712,-1173,-399,231,159
-28,1714,-1176,-647,53,137
-24,1710,-1171,-586,-79,142
-18,1710,-1167,-612,-37,124
-15,1711,-1163,-483,118,155
-17,1714,-1158,-389,116,108
-17,1714,-1160,-568,10,80
-18,1712,-1156,-539,-2,102
-14,1714,-1151,-424,241,120
-7,1718,-1156,-543,489,50
-12,1723,-1157,-588,487,48
-18,1723,-1154,-345,193,132
-19,1725,-1152,-342,207,152
-20,1725,-1153,-487,149,172
-19,1724,-1148,-470,208,187
-19,1726,-1147,-482,168,170
-20,1725,-1144,-406,100,164
-23,1724,-1138,-364,56,212
-23,1724,-1138,-296,-7,225
-18,1724,-1138,-336,8,194
-16,1725,-1140,-359,31,185
-18,1727,-1142,-282,26,157
-20,1731,-1143,-245,-16,217
-22,1735,-1144,-91,-30,232
-20,1738,-1148,-129,-111,177
-16,1740,-1147,-199,28,170
-13,1742,-1145,-179,137,122
-10,1746,-1144,-343,133,42
-7,1743,-1139,-402,183,-11
-10,1737,-1138,-344,182,-13
-19,1730,-1135,-333,92,32
-24,1727,-1133,-193,167,99
-22,1732,-1131,-141,224,63
-22,1735,-1133,-159,240,14
-24,1734,-1138,-340,146,19
-24,1732,-1139,-351,122,39
-28,1733,-1131,-50,69,153
-26,1739,-1126,27,253,87
-24,1739,-1129,-36,237,40
-20,1737,-1129,-82,58,99
-17,1738,-1124,-10,121,139
-14,1744,-1126,-47,268,117
-12,1746,-1126,-169,393,22
-16,1746,-1125,-153,273,23
-15,1744,-1125,-163,206,18
-14,1738,-1121,-215,347,-9
-22,1736,-1118,-10,199,97
-20,1739,-1122,-79,358,84
-20,1740,-1122,-121,375,35
-27,1735,-1121,71,172,111
-23,1734,-1121,58,275,113
-18,1737,-1123,-76,463,62
-16,1736,-1120,-24,521,52
-17,1737,-1124,-20,353,61
-16,1738,-1126,-32,319,69
-16,1736,-1124,40,356,113
-18,1736,-1125,74,321,112
-19,1737,-1125,134,339,130
-16,1741,-1129,85,291,118
-15,1741,-1129,37,247,131
-11,1738,-1129,-75,386,108
-17,1734,-1129,34,288,130
-20,1733,-1128,144,251,122
-23,1735,-1130,188,116,208
-18,1739,-1131,138,95,209
-8,1742,-1133,36,232,110
-7,1740,-1134,-129,199,64
-7,1734,-1134,-210,378,14
-16,1728,-1135,-1,368,59
-23,1727,-1134,204,253,129
-22,1733,-1137,235,329,151
-14,1736,-1140,172,248,96
-5,1737,-1148,-127,224,12
0,1735,-1145,-141,153,19
-2,1732,-1138,197,218,67
-10,1731,-1137,264,321,98
-18,1728,-1142,256,281,138
-19,1730,-1139,233,268,151
-15,1733,-1141,96,242,115
-7,1737,-1147,-42,267,34
-2,1734,-1148,-191,323,-18
-6,1729,-1143,-41,312,59
-15,1727,-1143,87,280,109
-22,1726,-1144,7,71,188
-17,1728,-1142,13,172,116
-13,1725,-1146,-79,334,52
-15,1724,-1144,13,320,95
-17,1728,-1149,89,190,132
-11,1734,-1153,-52,195,91
-4,1735,-1150,-60,205,62
-3,1732,-1149,-147,357,27
-12,1722,-1150,-114,311,68
-17,1718,-1149,-49,361,120
-18,1723,-1149,-98,414,139
-19,1727,-1146,51,237,197
-14,1732,-1149,-34,168,135
-3,1731,-1153,-311,227,52
0,1724,-1146,-183,319,31
-10,1722,-1144,38,142,141
-9,1726,-1144,-60,290,206
-6,1728,-1145,-105,312,129
-3,1729,-1143,-76,262,117
1,1731,-1144,-178,295,77
1,1726,-1142,-192,385,52
-4,1720,-1141,-36,385,88
-7,1721,-1142,76,354,135
-3,1725,-1145,46,312,90
2,1730,-1145,-45,281,69
10,1733,-1146,-76,372,28
12,1733,-1147,-145,356,21
10,1731,-1146,-145,512,-22
3,1726,-1149,-94,499,5
-6,1727,-1148,178,244,75
-3,1731,-1148,228,396,32
-1,1729,-1151,215,389,-2
-4,1727,-1151,266,336,31
-8,1726,-1151,312,219,47
-3,1729,-1156,146,199,-6
7,1730,-1160,-12,296,-93
9,1728,-1159,9,187,-129
4,1720,-1155,-86,285,-109
-14,1708,-1149,-45,312,-88
-32,1700,-1148,115,192,-16
-35,1703,-1154,135,136,16
-34,1709,-1157,311,-64,71
-23,1714,-1156,190,2,39
-19,1712,-1159,87,-10,19
-20,1711,-1154,185,72,69
-20,1715,-1156,219,-41,161
-19,1718,-1160,242,-138,193
-12,1725,-1163,119,48,116
-8,1727,-1167,-145,201,83
-13,1725,-1163,-100,42,107
-15,1723,-1162,-159,55,102
-16,1718,-1164,-153,114,86
-18,1715,-1164,-110,157,107
-23,1713,-1167,13,-43,191
-20,1717,-1168,-75,48,159
-20,1711,-1167,-131,-65,163
-18,1704,-1166,-91,118,116
-21,1704,-1168,-53,12,131
-21,1708,-1166,93,-48,199
-18,1713,-1169,55,-2,154
-17,1713,-1170,-97,94,117
-21,1710,-1169,-98,25,106
-20,1708,-1168,-1,192,86
-25,1710,-1172,-35,-55,166
-23,1713,-1170,108,62,207
-27,1716,-1172,135,-120,188
-24,1719,-1177,-70,-127,162
-19,1718,-1181,-155,-94,138
-19,1716,-1174,-38,-76,181
-15,1716,-1173,19,107,101
-22,1712,-1173,-10,99,114
-26,1712,-1169,-19,2,167
-24,1713,-1168,-14,-84,194
-17,1715,-1170,-77,-16,139
-13,1714,-1172,-184,100,58
-17,1711,-1172,-226,251,42
-24,1707,-1168,-129,454,100
-35,1709,-1167,-38,398,179
-29,1719,-1174,-185,371,161
-6,1730,-1181,-367,655,-33
3,1736,-1184,-292,1187,-174
-16,1746,-1185,-281,1477,-258
-26,1764,-1187,-1135,1972,-568
-15,1767,-1215,-1814,3223,-1167
4,1774,-1275,-2956,3980,-1604
55,1768,-1313,-4281,4723,-1877
62,1731,-1317,-4835,3868,-1659
57,1687,-1307,-4482,2793,-1406
64,1647,-1342,-5034,1394,-1548
117,1613,-1386,-6555,1364,-1883
159,1573,-1384,-7652,1375,-2148
146,1522,-1335,-6106,-111,-1613
152,1509,-1319,-5561,170,-1208
186,1515,-1359,-7793,1551,-1719
185,1490,-1316,-6730,675,-1611
218,1507,-1304,-4470,-517,-1430
205,1568,-1367,-3907,-5836,-189
180,1626,-1303,-2347,-10313,1651
108,1659,-1224,1860,-15498,4045
163,1790,-1171,1285,-12265,5146
250,1988,-1169,2287,-5899,4410
281,2229,-1230,3828,-1220,2099
240,2415,-1270,3946,812,280
209,2512,-1250,1940,2260,-1206
155,2591,-1172,-1804,2895,-2752
61,2599,-990,-4661,3826,-3611
-22,2517,-708,-7455,6233,-3346
-130,2312,-421,-8536,6401,-3128
-126,2052,-249,-6010,5537,-3690
-38,1833,-184,-3639,4969,-4177
-10,1657,-148,-177,4846,-3536
-42,1637,-183,1449,6005,-3047
-125,1726,-252,80,6194,-3767
-222,1736,-301,-1589,4313,-4386
-273,1659,-297,-2122,4797,-5131
-331,1575,-342,-2625,6631,-5040
-433,1532,-407,-2783,7071,-4002
-576,1551,-423,-709,5444,-1916
-693,1630,-418,351,5545,-77
-761,1696,-513,-1139,5469,701
-790,1730,-587,-3491,1844,854
-694,1701,-682,-569,-713,1172
-488,1763,-803,-3528,-962,511
-365,1848,-690,-5415,88,780
-305,1913,-527,-1013,932,2047
-280,2036,-509,-323,193,2383
-280,2121,-514,549,-665,2669
-340,2133,-522,4721,-1821,3481
-402,2190,-672,3057,-2631,3374
-377,2285,-748,-1834,-4410,1624
-196,2320,-637,-4260,763,-978
-128,2257,-550,-2156,2652,-2103
-153,2158,-590,-627,2590,-2018
-268,2029,-613,562,-1141,-1073
-358,1937,-577,2217,-4154,289
-395,1893,-605,1037,-6814,640
-333,1834,-644,-1489,-3516,-640
-358,1787,-620,-883,-3672,-1481
-459,1735,-593,2997,-6338,-685
-553,1747,-629,3647,-10095,509
-609,1777,-609,1882,-12590,1761
-568,1713,-548,3774,-11969,3019
-498,1693,-525,1294,-10687,3110
-467,1720,-491,-2831,-9019,2751
-406,1725,-408,-3892,-5623,1737
-335,1728,-356,-3908,-2290,1328
-259,1771,-305,-3748,-2224,1571
-168,1817,-228,-862,-4789,2312
-101,1869,-159,265,-5774,3361
-67,1910,-115,-306,-3227,3011
-102,1932,-87,-2205,-2432,2493
-118,1959,-14,-2636,-1773,2209
-82,2023,18,-2986,-2992,2217
1,2080,23,-1684,-3159,2200
11,2108,-17,-906,-972,1895
-117,2078,-97,-1238,678,1562
-312,2021,-241,2585,278,1861
-428,2005,-496,2801,-840,2423
-390,2006,-558,2214,1600,1970
-270,2055,-590,3529,2462,787
-92,2161,-710,3805,-509,201
141,2291,-810,5442,-3357,-774
339,2404,-1024,10201,-6377,-801
506,2588,-1408,7336,2467,-2209
221,2617,-1390,2336,5146,-2088
-149,2358,-1130,8673,6997,-1709
-332,2070,-1156,6164,5701,-1952
-322,1827,-1160,865,3647,-1446
-201,1662,-990,477,3929,-67
-59,1599,-837,1834,4276,1032
61,1595,-779,3074,5123,1152
124,1638,-800,3098,6021,686
88,1702,-873,3229,6074,106
-42,1712,-981,4341,4240,-33
-173,1687,-1106,4577,2386,57
-298,1654,-1223,3536,-370,912
-321,1684,-1263,2224,-1537,1110
-256,1772,-1264,2103,-2087,861
-150,1858,-1287,1075,-2402,369
-80,1847,-1259,148,-3218,586
-41,1781,-1164,1132,-3019,1254
-1,1759,-1112,1871,-1455,1741
34,1804,-1094,1404,-744,1817
85,1839,-1085,1768,-470,1502
189,1850,-1123,1695,1583,733
194,1864,-1121,-681,1220,854
69,1858,-1035,676,-573,2024
-7,1851,-1044,984,-61,2358
13,1838,-1087,-1787,1889,1449
32,1829,-1044,-1631,2715,647
42,1846,-1029,-1699,2797,170
45,1837,-1011,-2715,2165,143
54,1795,-979,-3131,2742,283
-8,1755,-929,-883,1051,916
-33,1751,-923,-632,879,1117
-32,1748,-913,-597,706,1157
3,1754,-901,-334,1218,984
39,1765,-913,-336,1197,666
59,1782,-929,-660,596,434
58,1809,-933,-861,396,342
39,1841,-922,-495,216,403
36,1871,-924,-492,-132,452
73,1878,-924,-720,499,130
92,1871,-927,-712,1158,-183
81,1851,-931,-395,1714,-349
39,1827,-927,65,915,-160
23,1815,-917,651,893,147
35,1823,-922,460,1326,116
44,1838,-934,112,1203,-160
34,1846,-945,-119,292,-159
33,1839,-946,-233,438,-135
20,1825,-937,-129,693,-23
12,1821,-938,329,1174,90
19,1834,-954,110,1272,47
25,1844,-953,260,707,-104
30,1841,-966,75,-118,-108
47,1831,-967,-481,-169,-209
61,1813,-948,-34,583,-377
55,1814,-938,417,644,-337
49,1821,-942,701,485,-418
49,1828,-946,747,488,-601
42,1830,-949,702,241,-625
50,1824,-947,463,391,-656
52,1807,-954,601,332,-656
47,1808,-972,843,46,-613
40,1831,-988,806,174,-571
19,1846,-998,741,331,-482
-2,1845,-1005,657,463,-568
-22,1823,-1016,626,412,-591
-34,1808,-1017,784,103,-507
-31,1810,-1011,1090,-8,-379
-19,1820,-1010,1097,-194,-240
4,1828,-1012,576,47,-312
14,1824,-1003,552,80,-381
11,1814,-1006,501,244,-447
-5,1798,-1015,444,302,-332
-24,1790,-1014,566,419,-26
-39,1796,-1016,916,288,185
-37,1811,-1030,658,211,203
-23,1823,-1037,134,134,84
-1,1819,-1037,-135,478,-82
-5,1804,-1040,-253,408,-119
-10,1792,-1033,-71,542,-26
-22,1791,-1028,34,402,188
-18,1794,-1023,291,395,284
-10,1792,-1025,158,241,250
-1,1786,-1028,-3,419,134
-8,1777,-1037,-7,178,219
-9,1775,-1036,188,165,302
-5,1779,-1037,404,152,400
0,1787,-1041,369,194,392
10,1788,-1047,282,123,371
22,1790,-1052,147,272,222
23,1795,-1056,100,-11,209
25,1797,-1053,-33,-64,255
22,1793,-1044,142,207,250
6,1787,-1046,293,209,285
-4,1784,-1053,280,-48,279
2,1789,-1049,111,110,156
14,1791,-1046,77,204,117
17,1793,-1041,238,182,70
9,1788,-1039,303,138,56
1,1778,-1041,299,104,164
0,1768,-1047,387,-50,213
6,1766,-1048,339,157,190
5,1765,-1048,495,186,167
-1,1768,-1057,547,157,186
-6,1769,-1066,571,5,232
-3,1778,-1071,467,-30,269
8,1781,-1075,344,240,197
0,1773,-1073,243,206,167
-13,1765,-1070,562,80,220
-23,1771,-1069,657,81,332
-22,1777,-1070,574,89,385
-13,1780,-1074,602,-35,346
7,1787,-1084,218,5,188
20,1788,-1086,82,127,44
15,1782,-1085,65,55,30
8,1773,-1088,69,109,112
6,1771,-1094,-95,180,87
0,1766,-1095,48,49,80
1,1766,-1095,18,1,83
1,1763,-1094,-15,-6,94
0,1760,-1094,-17,90,145
3,1759,-1093,-214,220,106
11,1752,-1097,-141,367,16
8,1752,-1103,-88,85,36
3,1755,-1099,140,149,79
1,1755,-1099,249,143,151
5,1755,-1100,229,194,159
12,1755,-1100,198,182,98
14,1752,-1103,118,176,73
8,1748,-1107,34,380,46
-2,1748,-1100,245,260,119
2,1756,-1100,214,207,177
8,1763,-1102,57,74,148
9,1761,-1101,178,-24,88
6,1755,-1104,6,202,39
-3,1750,-1102,1,450,50
-11,1751,-1100,327,238,196
-7,1763,-1103,185,170,205
1,1766,-1104,-2,68,150
9,1760,-1103,-178,154,109
15,1752,-1104,-173,355,36
12,1755,-1109,-152,411,18
7,1764,-1110,-80,207,58
9,1762,-1105,120,140,86
14,1759,-1103,-45,85,79
21,1752,-1100,-170,188,34
26,1752,-1101,-267,401,-45
25,1751,-1100,-333,259,-17
24,1748,-1099,-277,339,-59
12,1743,-1102,-192,372,-88
0,1738,-1103,-56,293,-16
-4,1741,-1102,-40,402,36
-3,1748,-1102,33,201,87
7,1755,-1101,-38,111,30
13,1758,-1103,-97,124,-53
7,1754,-1105,-188,163,-56
-7,1746,-1099,52,201,10
-18,1747,-1096,38,183,116
-19,1752,-1096,63,194,150
-12,1759,-1099,-45,139,90
-9,1758,-1103,-153,-3,74
-6,1752,-1106,-194,-68,73
-3,1754,-1108,-268,202,43
-6,1761,-1104,-109,215,24
-11,1758,-1100,6,106,71
-20,1745,-1083,-290,73,126
-29,1728,-1059,-45,741,278
-18,1732,-1097,-1162,2081,105
44,1753,-1167,-2819,3957,-983
103,1749,-1222,-2981,3889,-1610
188,1709,-1243,-3588,5513,-1792
237,1634,-1263,-5410,8370,-2783
179,1547,-1318,-6390,7228,-3075
188,1532,-1386,-7374,4899,-3042
215,1511,-1394,-5654,2197,-2354
232,1521,-1363,-4549,1479,-1446
234,1558,-1362,-4026,1072,-1094
274,1586,-1403,-4853,571,-1743
311,1593,-1427,-5327,-30,-2329
243,1609,-1403,-3943,-6193,-605
212,1674,-1358,-246,-10224,2030
177,1841,-1353,427,-13471,3945
110,1995,-1291,1657,-18312,6439
225,2257,-1262,2308,-13709,6901
277,2496,-1243,2275,-4702,4114
144,2553,-1291,803,-1503,1173
69,2553,-1237,-3524,-698,5
98,2591,-1031,-6715,2258,-1338
100,2611,-761,-10398,5651,-2840
47,2536,-472,-12081,6270,-3643
73,2358,-214,-12322,5789,-4260
154,2059,-21,-8317,5238,-4540
188,1776,75,-3825,5968,-4420
135,1574,81,-841,5071,-3724
47,1542,-22,-321,5448,-3566
-70,1582,-93,-337,6584,-3599
-216,1600,-133,-642,6305,-3425
-345,1585,-168,-640,6368,-3391
-469,1557,-180,357,4141,-2927
-491,1551,-170,1802,4473,-2635
-538,1569,-219,586,6293,-1892
-632,1580,-356,1297,4829,-1009
-686,1604,-516,1132,3002,-498
-685,1617,-596,639,2074,-368
-592,1672,-661,126,2272,-776
-503,1799,-721,-1730,444,-163
-402,1814,-600,1469,-649,1939
-310,1832,-528,4449,-1656,3556
-217,1976,-549,1189,140,3505
-252,2124,-528,1524,464,3362
-314,2243,-517,2319,-2000,2504
-214,2343,-604,454,-1547,798
-24,2301,-700,-2163,4090,-237
-54,2306,-731,-4565,-233,338
-45,2362,-584,-4277,2350,78
-43,2360,-504,-2552,6613,-1358
-114,2317,-591,-3400,4862,-2230
-216,2241,-605,-3161,1756,-1704
-310,2232,-539,-4704,-216,-1718
-363,2132,-460,-3018,-373,-2418
-404,1961,-493,-979,-2253,-2504
-434,1811,-491,-2539,-4492,-2212
-427,1705,-450,-1863,-4263,-1667
-477,1635,-411,23,-5846,-720
-539,1563,-398,2238,-7801,604
-571,1556,-385,1532,-7986,1536
-620,1600,-300,49,-7006,2058
-665,1656,-271,-86,-7672,2405
-602,1705,-240,-1331,-7751,2248
-406,1673,-214,-841,-4952,1347
-322,1670,-185,-533,-5002,1303
-342,1718,-132,717,-7791,2653
-294,1734,-86,2586,-10490,3855
-141,1707,-80,2268,-7028,3253
-131,1737,-111,621,-4297,2463
-221,1877,-78,1164,-4597,3059
-248,2056,-11,-42,-3441,2721
-224,2158,55,-2711,-4181,2525
-99,2165,33,-3089,-4916,2407
23,2188,-17,-1827,-3804,2141
8,2153,-157,1748,-3583,1959
-145,2159,-330,1683,-3194,1907
-271,2172,-447,1547,-1928,1890
-268,2249,-504,479,304,887
-222,2309,-509,228,1090,-71
-80,2285,-560,2461,1411,-706
109,2276,-777,5330,-1871,-1115
382,2410,-1077,7059,-2750,-1835
482,2655,-1196,5593,539,-1725
258,2618,-992,8364,4598,-1905
-127,2282,-937,10644,5161,-997
-314,1984,-1124,3969,2321,-1170
-267,1762,-1127,-357,351,-152
-112,1622,-965,2718,287,1482
60,1605,-881,5003,887,2185
207,1683,-891,6019,2897,1380
241,1778,-966,5772,4754,-19
210,1821,-1014,2194,7844,-1606
31,1774,-986,1308,6419,-1286
-150,1709,-984,2107,5769,-614
-227,1700,-1003,3109,5215,152
-228,1764,-1056,2974,3306,888
-150,1822,-1094,2489,1645,1487
-60,1858,-1088,827,731,1195
-6,1837,-1048,161,1166,449
36,1797,-1021,219,3099,-112
29,1787,-978,359,3399,30
17,1797,-942,1958,2369,523
54,1828,-959,1786,2412,655
79,1849,-980,1276,1249,743
104,1853,-994,821,778,458
96,1854,-998,377,800,117
55,1854,-999,463,1129,-32
16,1849,-1020,-25,2683,-450
-57,1841,-1033,-499,2298,-353
-88,1831,-1012,504,1084,210
-50,1868,-990,-310,1538,-40
-25,1877,-969,-750,1138,-136
-9,1866,-931,-535,583,-22
-5,1851,-903,-712,610,-155
-19,1835,-885,-661,399,-164
-34,1820,-872,-415,495,-234
-47,1810,-871,-713,424,-230
-47,1805,-868,-457,277,-166
-31,1809,-873,-379,-64,-145
-11,1811,-885,-329,-64,-185
-2,1814,-898,-71,-187,-177
-12,1823,-909,406,-364,-32
-29,1840,-922,25,-332,177
-35,1857,-921,-176,-22,340
-31,1866,-923,-71,182,339
2,1880,-944,-149,1437,178
-3,1890,-951,-658,993,217
-31,1873,-922,455,71,458
-43,1859,-919,680,-88,605
-38,1852,-926,294,-249,710
-15,1860,-926,67,220,560
-1,1872,-932,-157,228,306
3,1866,-928,-153,513,139
-14,1842,-923,234,323,121
-36,1823,-923,693,-135,321
-30,1821,-930,782,-19,393
-14,1831,-936,875,84,367
14,1850,-942,713,460,157
34,1861,-952,303,427,-12
44,1855,-950,608,284,-133
53,1850,-950,559,820,-230
44,1844,-958,592,941,-240
32,1852,-956,405,938,-240
27,1858,-947,390,1532,-406
20,1853,-957,-26,1780,-462
10,1840,-969,-479,1587,-413
-2,1830,-966,-217,1405,-362
-13,1825,-961,23,1361,-277
-21,1814,-971,-12,1598,-201
-39,1813,-970,51,1364,-82
-51,1818,-967,508,903,91
-44,1826,-969,338,508,195
-32,1825,-963,211,148,315
-15,1820,-963,139,47,409
-6,1821,-966,-100,-326,470
1,1814,-965,178,-487,475
1,1809,-968,175,-238,482
-12,1807,-970,535,-511,666
-6,1816,-975,749,-428,698
13,1824,-984,463,-389,628
41,1823,-982,285,4,393
54,1822,-982,132,204,281
59,1825,-983,208,415,301
59,1831,-992,211,241,441
63,1840,-989,207,364,414
58,1841,-984,318,351,368
52,1831,-990,216,322,360
48,1814,-989,114,513,385
35,1804,-979,557,309,579
31,1810,-979,703,295,661
38,1822,-987,462,246,555
49,1831,-985,174,404,318
54,1827,-985,144,329,173
59,1817,-988,188,261,148
56,1806,-986,345,379,119
50,1803,-992,282,618,112
44,1808,-997,232,547,121
44,1816,-1002,386,324,97
52,1828,-1009,123,276,-1
61,1830,-1008,-159,345,-151
63,1815,-1002,-37,476,-214
59,1802,-997,121,603,-214
52,1796,-1006,75,717,-237
44,1797,-1008,87,701,-258
36,1799,-1005,227,580,-263
29,1794,-1009,250,543,-221
15,1785,-1011,290,459,-113
3,1779,-1015,567,375,6
9,1787,-1032,386,185,138
25,1801,-1036,188,305,54
35,1804,-1032,406,32,45
35,1797,-1031,288,-87,47
29,1785,-1032,346,-43,153
20,1780,-1030,489,-56,268
26,1788,-1033,443,82,281
40,1798,-1041,222,19,162
47,1799,-1038,296,-69,90
49,1797,-1038,361,131,70
43,1794,-1042,184,132,100
42,1791,-1040,406,113,216
47,1798,-1047,178,175,177
52,1804,-1052,265,-66,176
57,1808,-1053,180,0,64
53,1802,-1051,0,143,-4
45,1790,-1049,3,258,14
39,1784,-1048,-111,226,25
36,1778,-1044,-272,269,5
37,1771,-1045,-358,575,-91
33,1770,-1048,-510,353,-66
34,1769,-1046,-399,322,-99
26,1761,-1043,-75,250,-10
16,1757,-1048,374,36,96
12,1770,-1055,313,-2,171
25,1786,-1054,405,194,164
44,1803,-1060,147,233,57
54,1807,-1062,24,20,-75
56,1802,-1056,12,54,-138
45,1792,-1057,-198,72,-66
33,1784,-1049,60,211,8
23,1787,-1052,136,149,89
24,1790,-1054,-74,93,30
24,1783,-1052,-119,0,-49
18,1775,-1050,-131,36,-21
13,1767,-1056,-89,290,12
5,1769,-1054,-89,208,78
10,1776,-1049,188,233,110
17,1779,-1056,78,151,110
19,1780,-1058,-150,-40,130
22,1778,-1054,-21,9,157
29,1785,-1057,-90,280,97
28,1795,-1060,-228,259,35
30,1800,-1061,-341,136,21
38,1794,-1067,-402,-99,35
50,1800,-1062,-534,81,-99
47,1798,-1054,-350,259,-153
36,1795,-1061,-266,199,-126
19,1790,-1065,-425,-141,-83
19,1783,-1054,-348,169,-51
9,1780,-1051,-389,120,27
11,1778,-1045,-425,241,8
18,1777,-1049,-393,-97,24
28,1779,-1045,-360,-111,-10
29,1778,-1037,-175,-126,-21
23,1776,-1031,-90,62,36
15,1773,-1033,-138,89,127
8,1774,-1036,-108,51,171
2,1780,-1038,-75,-149,221
0,1786,-1036,-82,-192,290
11,1795,-1040,-242,14,220
20,1803,-1040,-324,148,101
24,1804,-1039,-263,118,67
17,1798,-1034,-456,116,101
5,1782,-1017,-331,160,219
4,1777,-1013,-286,893,221
5,1783,-1049,-999,1446,-60
34,1775,-1087,-1891,2010,-668
86,1734,-1120,-2788,2750,-1150
178,1696,-1133,-4465,5585,-1943
230,1635,-1168,-5345,7036,-2513
245,1589,-1221,-6251,6376,-2547
241,1568,-1267,-6364,4540,-2571
236,1574,-1309,-6015,2945,-2615
218,1591,-1330,-5832,1913,-2564
237,1586,-1338,-5388,1985,-2154
272,1581,-1342,-5791,3003,-2152
298,1598,-1333,-6028,2312,-2361
283,1646,-1327,-3601,-2197,-1520
224,1716,-1358,-2289,-10092,334
159,1807,-1305,-155,-16492,2665
80,1945,-1271,1319,-22241,5654
128,2206,-1181,2599,-18569,7390
256,2484,-1078,4504,-4867,5742
182,2624,-1240,1355,-2549,3141
133,2727,-1210,-3457,-2458,760
178,2859,-1015,-6740,-836,-2068
162,2902,-702,-11354,3567,-4469
43,2746,-333,-12685,7378,-4592
-37,2509,-65,-12018,8120,-4498
12,2199,50,-6988,5028,-4739
29,1848,172,126,201,-3088
63,1618,155,2799,-1358,-1538
64,1578,115,931,1519,-1829
-13,1567,70,507,6384,-3717
-170,1543,-14,-343,9267,-5010
-315,1501,-41,-1460,8091,-4742
-356,1463,-9,1067,7720,-3465
-428,1480,-12,3890,4547,-1948
-496,1541,-99,4425,5395,-716
-616,1594,-297,5594,5182,556
-715,1601,-519,2839,2795,693
-697,1543,-557,1483,4177,-506
-654,1587,-605,976,4400,-1801
-595,1757,-588,-765,5199,-2276
-502,1819,-579,1183,3003,-1804
-305,1729,-604,3166,3983,-932
-293,1695,-644,3735,-1886,1642
-397,1729,-656,8855,-9673,5413
-372,1963,-652,5020,-8495,5992
-284,2132,-695,5435,-5654,4423
-247,2224,-823,2591,-7137,2236
-151,2275,-836,-580,-918,-479
-82,2265,-842,-869,3678,-1410
-108,2328,-776,-1752,1570,-31
-74,2374,-726,579,3527,407
-69,2331,-829,-2188,6636,-1035
-130,2264,-811,-4699,6429,-2091
-219,2203,-691,-2898,3181,-1193
-220,2155,-661,-2620,5401,-1079
-289,1993,-768,-2925,2354,-1027
-361,1879,-666,-4244,377,-637
-377,1856,-549,-4629,-647,-241
-370,1812,-536,149,-2448,585
-410,1700,-599,2981,-4738,1238
-569,1660,-569,301,-6826,1763
-720,1711,-505,-3098,-4480,2124
-747,1781,-512,-3046,-4552,1908
-678,1824,-483,-1882,-10343,2309
-522,1781,-412,1831,-11193,3139
-435,1708,-403,2527,-7968,3781
-481,1688,-457,-782,-5787,4872
-497,1721,-427,-3948,-5391,4837
-432,1718,-290,-3052,-7619,3985
-222,1723,-260,-2385,-5876,3317
-103,1734,-252,-2344,-7028,3664
-84,1800,-131,-2132,-6656,3899
-118,1870,49,-4007,-4135,2838
-147,1870,117,-3029,-4407,3062
-36,1925,78,-2421,-5832,3472
114,2007,-62,-243,-7388,3268
180,2173,-231,1206,-5689,2784
59,2339,-410,2045,-2495,1514
-102,2347,-536,669,1975,323
-177,2225,-604,102,3882,-629
-111,2133,-681,224,5429,-1213
9,2129,-861,2616,1915,-1332
383,2339,-1193,5858,2019,-3288
691,2747,-1428,5880,3008,-6184
509,2715,-1183,8611,4278,-3951
112,2222,-1006,13235,1041,-842
-139,1787,-1153,5987,1125,-1434
-224,1547,-1233,-914,897,-1460
-155,1480,-1089,3152,869,251
-10,1592,-987,5651,2027,1543
148,1695,-958,6558,2385,1410
221,1714,-1002,6509,2083,312
195,1731,-1054,3410,3091,-896
114,1707,-1056,2441,4017,-985
-11,1680,-1067,2730,3393,-67
-118,1705,-1095,3452,2276,925
-120,1769,-1135,3149,3571,894
-143,1809,-1180,3344,683,1846
-97,1850,-1182,2729,-130,1817
-34,1851,-1176,1259,-596,1490
31,1826,-1150,1534,-1465,1451
127,1840,-1081,428,1035,708
157,1850,-1048,591,2095,549
125,1859,-1047,255,1418,1001
89,1865,-1012,504,497,1355
83,1855,-985,1136,273,1172
82,1839,-995,112,711,807
60,1828,-975,-306,1398,586
23,1818,-968,-133,1745,295
-1,1822,-973,-1467,2087,-48
-20,1815,-935,-1559,2419,-211
-22,1807,-905,-1320,2833,-409
-13,1793,-905,-1302,2441,-451
2,1778,-918,-1059,1936,-559
8,1785,-924,-1182,1337,-591
-1,1794,-914,-646,598,-555
-5,1801,-905,-586,237,-499
-8,1799,-906,-319,-182,-411
-5,1804,-917,-179,-567,-326
8,1814,-925,-49,-606,-298
16,1823,-941,131,-489,-238
11,1833,-952,-282,-510,-130
18,1834,-957,-288,464,-255
15,1825,-983,-692,1838,-558
-17,1798,-979,-514,1650,-429
-40,1778,-961,750,1395,23
-39,1783,-983,899,1081,379
-20,1801,-1003,756,331,519
18,1828,-1003,535,259,241
43,1836,-1000,555,65,-13
62,1820,-1008,230,162,-288
60,1793,-1017,207,501,-382
32,1768,-1012,846,454,-179
11,1768,-1012,1481,474,28
1,1787,-1028,1561,330,26
-1,1812,-1039,1384,187,-72
-6,1832,-1042,1224,27,-120
-7,1835,-1040,921,16,-157
-11,1835,-1041,699,-194,-85
-15,1847,-1038,502,-36,-174
-23,1863,-1031,646,274,-189
-38,1883,-1033,466,53,-45
-41,1898,-1030,353,-458,46
-29,1902,-1032,-298,-474,-162
-20,1891,-1029,-903,-403,-365
-20,1876,-1005,-985,112,-464
-22,1864,-989,-1061,304,-547
-28,1848,-991,-1199,29,-537
-28,1831,-981,-1333,151,-528
-38,1811,-969,-1154,394,-563
-52,1790,-966,-1049,263,-516
-55,1775,-969,-916,166,-496
-53,1771,-970,-703,82,-482
-52,1772,-972,-471,139,-556
-51,1775,-973,-96,460,-588
-56,1781,-980,100,713,-537
-61,1790,-994,80,651,-563
-62,1794,-998,186,464,-596
-63,1799,-998,371,76,-427
-65,1804,-993,618,-75,-234
-72,1807,-994,592,-80,-178
-78,1808,-1000,514,-32,-217
-81,1806,-1011,649,-62,-225
-73,1811,-1022,267,163,-255
-72,1802,-1019,497,96,-159
-70,1799,-1013,717,30,-34
-69,1804,-1013,670,12,50
-67,1802,-1017,576,14,92
-74,1800,-1019,232,-104,98
-83,1793,-1014,82,-261,181
-90,1787,-1011,154,-342,278
-93,1789,-1011,-15,-242,265
-94,1787,-1019,-18,-52,279
-100,1785,-1020,22,173,276
-119,1784,-1022,541,-54,422
-123,1791,-1034,528,-389,532
-107,1798,-1041,470,-274,495
-92,1804,-1047,417,-212,432
-90,1808,-1055,343,-257,466
-90,1808,-1060,191,-524,499
-83,1805,-1058,208,-467,436
-67,1806,-1060,263,-156,312
-60,1798,-1069,155,-81,337
-65,1795,-1070,85,-145,395
-69,1798,-1064,332,-358,533
-60,1803,-1062,189,-197,465
-52,1799,-1070,-51,166,303
-55,1796,-1070,-352,262,206
-62,1793,-1067,-286,383,126
-56,1796,-1062,-442,707,30
-61,1795,-1049,-235,540,71
-68,1788,-1046,-139,364,127
-69,1779,-1047,-381,327,187
-69,1773,-1044,-323,389,274
-71,1773,-1046,-93,119,365
-62,1780,-1050,-119,218,266
-57,1783,-1050,-42,283,171
-59,1786,-1048,-78,69,226
-51,1785,-1050,-21,181,202
-36,1789,-1051,-159,490,160
-36,1793,-1049,26,529,100
-37,1802,-1044,-15,690,45
-40,1801,-1037,-1,663,31
-42,1803,-1037,-179,592,-16
-42,1801,-1045,-480,710,-53
-51,1796,-1041,-470,652,-9
-64,1790,-1034,-132,413,72
-70,1789,-1034,-143,426,91
-75,1783,-1033,-140,268,86
-73,1777,-1028,-101,313,118
-70,1772,-1025,-101,355,165
-70,1770,-1019,131,294,216
-64,1769,-1019,153,495,218
-66,1771,-1027,226,182,274
-55,1776,-1037,105,174,286
-48,1783,-1043,86,61,347
-49,1787,-1040,386,-115,415
-52,1790,-1047,404,-202,453
-54,1791,-1054,386,-52,409
-50,1797,-1056,323,39,373
-45,1805,-1056,396,121,344
-40,1807,-1055,339,59,257
-36,1804,-1061,79,92,187
-41,1792,-1062,98,-46,181
-50,1784,-1058,400,-79,288
-53,1785,-1061,457,-139,324
-48,1784,-1060,395,-36,324
-45,1779,-1061,362,47,291
-46,1775,-1065,43,24,260
-48,1765,-1067,-76,-155,330
-44,1762,-1063,248,-237,459
-30,1772,-1067,225,-57,430
-16,1784,-1069,-84,-59,318
2,1788,-1066,-140,153,184
0,1787,-1071,-199,50,85
-5,1786,-1071,-329,104,59
-7,1784,-1070,-294,363,54
-15,1786,-1072,-320,420,73
-23,1786,-1065,-235,264,105
-22,1780,-1056,-332,360,103
-23,1772,-1052,-430,520,54
-33,1763,-1053,-442,419,69
-39,1762,-1051,-265,522,121
-41,1770,-1050,-64,516,154
-37,1779,-1052,118,555,126
-29,1784,-1055,63,388,152
-21,1787,-1060,-61,509,63
-27,1787,-1055,-359,402,26
-28,1779,-1042,-382,506,154
-25,1785,-1041,-680,946,133
-19,1800,-1051,-1354,1541,-169
-5,1814,-1070,-2001,1962,-499
19,1818,-1081,-2647,2440,-927
30,1785,-1081,-3129,2810,-1117
59,1725,-1093,-3784,5213,-1611
66,1684,-1156,-4970,6274,-2055
72,1667,-1205,-6166,5785,-2062
69,1636,-1227,-5495,5174,-1626
64,1613,-1254,-5613,5107,-1476
53,1602,-1285,-5497,3167,-1174
104,1605,-1330,-5900,2224,-937
212,1626,-1380,-8231,2561,-1472
330,1648,-1378,-10536,3188,-2885
402,1697,-1338,-10922,4280,-4204
273,1749,-1322,-6829,-6101,-2017
180,1839,-1253,-1194,-15246,1226
77,1960,-1165,135,-22591,4803
66,2096,-980,894,-20758,7769
196,2296,-882,3681,-9071,8149
310,2538,-986,1834,-1402,3549
246,2646,-1036,-1107,-1302,136
140,2653,-945,-1534,-1196,-1138
82,2671,-755,-4880,1572,-2716
16,2637,-489,-7730,5674,-3570
-107,2494,-199,-8898,6800,-3069
-151,2225,-22,-5217,3718,-2208
-35,1966,12,-944,1235,-2077
45,1770,14,459,-120,-2027
91,1616,44,2331,2689,-1517
47,1545,41,2358,4043,-1533
-26,1529,6,1555,5703,-2702
-87,1515,-26,855,6536,-3681
-114,1485,-83,924,7140,-3419
-115,1476,-144,1110,8688,-2640
-164,1522,-186,956,9164,-1845
-348,1581,-211,2799,6391,177
-555,1698,-302,6341,2825,3079
-563,1814,-554,6170,3142,2730
-571,1795,-703,-414,5194,308
-686,1716,-655,-1013,5653,-227
-660,1745,-634,-543,3614,-417
-437,1776,-666,-695,1593,-12
-70,1745,-655,-1188,6491,-103
-19,1832,-573,2612,4610,2287
-125,1987,-611,4648,-1199,4224
-211,2118,-624,3233,-5401,3814
-140,2231,-596,4852,-4873,2842
53,2316,-697,3166,-3357,1961
147,2370,-794,-2442,-1139,1998
146,2413,-761,-2319,4483,1672
-40,2449,-684,-2492,-457,1056
-33,2466,-709,-4030,3022,-528
-41,2415,-700,-5699,2043,-1838
-33,2308,-625,-4708,1457,-2115
-38,2238,-565,-4811,1133,-2131
-59,2134,-527,-3996,565,-2458
-117,1999,-504,-1806,318,-2778
-202,1888,-514,-2037,-883,-2792
-248,1820,-508,-907,130,-3002
-301,1738,-495,-888,-935,-3525
-344,1620,-495,-462,-811,-3800
-439,1538,-465,-153,509,-2936
-601,1582,-528,451,-3196,-1425
-688,1694,-492,590,-3721,-26
-669,1782,-481,1242,-6708,1037
-567,1814,-433,1466,-8589,1669
-421,1794,-480,646,-8593,1620
-353,1775,-460,-90,-8866,1790
-270,1831,-388,-1650,-6872,1193
-224,1865,-296,-2042,-5749,-142
-162,1834,-263,-2678,-3579,-490
-156,1799,-183,-2207,-4049,297
-200,1805,-103,864,-5662,1157
-197,1836,-75,520,-3865,1339
-189,1856,-48,-1442,-2342,967
-181,1862,-16,-616,-3138,718
-131,1939,-113,2043,-4444,890
-100,2090,-273,1965,-2183,-81
-223,2149,-399,2172,-1385,-128
-324,2138,-464,2919,-1724,301
-234,2202,-517,909,-833,-344
-80,2278,-653,3080,-2314,-688
157,2419,-979,5944,-3927,-723
370,2678,-1238,3500,-153,-2296
262,2719,-1178,4596,1608,-2212
-64,2469,-1026,7262,1551,-1294
-337,2118,-1027,5932,1380,-1109
-473,1803,-1048,2438,811,-781
-443,1582,-972,1978,1277,452
-290,1498,-898,3263,2264,2003
-108,1518,-893,4416,1385,3118
75,1589,-948,4973,127,3145
233,1693,-1037,4396,2803,1401
266,1805,-1084,2031,7628,-651
98,1834,-1028,2895,10348,-1119
-197,1810,-1005,4229,8207,32
-410,1794,-1054,5134,3509,973
-412,1810,-1137,3174,1184,1274
-292,1848,-1125,1024,1190,1374
-185,1825,-1081,1117,123,1716
-78,1778,-1030,1271,66,1624
8,1748,-994,1035,1207,977
27,1738,-970,2079,1549,615
2,1747,-975,2383,1124,890
-31,1768,-985,3074,297,1415
-28,1792,-1021,2972,601,1448
-43,1805,-1064,2349,-537,1373
-56,1804,-1090,2118,-1158,1152
-60,1797,-1115,1244,-904,836
-73,1781,-1116,557,-175,790
-90,1770,-1094,740,617,851
-111,1772,-1086,718,732,829
-120,1785,-1080,432,-128,988
-80,1802,-1076,34,225,872
-51,1814,-1074,-289,-408,855
-30,1816,-1052,240,-1052,933
4,1816,-1055,21,-45,551
-15,1799,-1055,-63,277,378
-54,1785,-1048,389,341,571
-72,1788,-1052,454,431,696
-64,1799,-1062,283,182,675
-20,1809,-1066,-218,512,328
5,1809,-1064,-363,99,205
14,1801,-1057,-561,-86,157
9,1788,-1049,-607,546,53
-25,1779,-1041,-45,469,126
-52,1776,-1040,309,418,213
-58,1776,-1049,241,694,214
-63,1775,-1047,289,499,314
-59,1776,-1047,428,260,449
-35,1784,-1059,-15,618,339
-34,1796,-1056,-192,270,333
-22,1803,-1048,24,430,247
-17,1804,-1055,-187,746,170
-31,1798,-1052,-134,545,146
-42,1795,-1047,54,16,272
-23,1793,-1051,-135,80,207
-7,1791,-1052,-210,381,-37
-13,1789,-1045,-45,231,-53
-21,1785,-1045,11,74,-18
-27,1777,-1046,-148,261,-14
-28,1771,-1043,-17,457,-5
-31,1773,-1050,96,234,14
-33,1778,-1054,206,62,60
-38,1779,-1051,522,-274,205
-32,1781,-1055,474,-496,272
-9,1784,-1062,243,-260,119
13,1784,-1072,42,221,-115
9,1788,-1072,-86,180,-206
-10,1783,-1067,105,56,-172
-27,1775,-1072,244,306,-62
-45,1768,-1073,404,310,62
-61,1766,-1077,738,-196,291
-54,1769,-1084,832,-344,296
-43,1771,-1086,651,-199,125
-37,1766,-1085,635,-68,77
-32,1763,-1092,352,99,-12
-33,1760,-1089,316,-37,45
-29,1763,-1091,400,19,38
-29,1766,-1100,170,168,52
-37,1762,-1102,321,8,66
-37,1759,-1103,172,-24,75
-30,1756,-1107,60,135,31
-32,1758,-1105,31,152,2
-42,1761,-1105,221,-22,77
-45,1765,-1111,38,-145,109
-35,1760,-1112,-48,37,84
-31,1755,-1109,46,46,87
-27,1755,-1113,-33,203,76
-34,1755,-1116,-196,-27,139
-39,1751,-1112,-45,15,183
-35,1752,-1115,-286,130,176
-29,1752,-1117,-366,240,90
-26,1753,-1117,-240,1,52
-24,1751,-1112,-145,-212,91
-19,1746,-1109,-311,-31,70
-18,1738,-1102,-353,221,68
-22,1734,-1102,-278,306,42
-27,1736,-1105,-280,474,-4
-37,1738,-1108,-127,497,-11
-52,1738,-1104,80,392,105
-63,1741,-1103,178,261,211
-58,1747,-1101,107,166,202
-48,1753,-1109,-53,125,166
-44,1762,-1112,-253,-48,128
-42,1766,-1107,-314,-76,41
-40,1763,-1103,-311,4,-18
-41,1764,-1105,-389,73,14
-48,1771,-1111,-398,-2,34
-52,1781,-1118,-739,-102,-46
-52,1780,-1112,-756,231,-198
-68,1770,-1107,-589,182,-221
-79,1759,-1100,-649,-25,-101
-77,1753,-1095,-562,168,7
-79,1754,-1084,-426,79,79
-78,1754,-1078,-235,-2,127
-71,1754,-1082,-231,77,132
-68,1757,-1083,-155,-17,141
-60,1758,-1080,-46,-72,129
-51,1758,-1084,-122,-19,132
-46,1759,-1082,-99,65,156
-47,1764,-1082,-84,170,123
-50,1769,-1084,-200,316,85
-58,1770,-1083,-120,168,142
-59,1771,-1083,-143,197,119
-63,1767,-1084,-163,192,75
-66,1763,-1079,-109,240,142
-62,1764,-1074,-58,242,170
-57,1771,-1077,-81,279,98
-50,1775,-1080,-131,324,65
-53,1775,-1083,-125,395,41
-61,1769,-1083,-83,338,80
-67,1764,-1078,-69,185,176
-59,1763,-1078,-149,246,187
-51,1767,-1081,-253,185,133
-42,1768,-1080,-236,191,73
-40,1763,-1079,-103,267,70
-52,1759,-1078,-58,368,162
-65,1759,-1072,189,299,270
-60,1768,-1078,84,305,286
-44,1778,-1082,-53,424,215
-35,1786,-1087,-164,291,121
-34,1783,-1086,-153,290,124
-36,1778,-1079,-150,380,162
-38,1774,-1075,190,373,274
-41,1779,-1078,255,235,333
-38,1785,-1076,56,338,170
-34,1779,-1070,12,439,52
-33,1772,-1066,-94,412,69
-31,1770,-1062,34,483,78
-30,1776,-1062,99,567,67
-33,1778,-1070,-66,394,11
-33,1775,-1069,-209,424,-57
-34,1768,-1065,-184,508,-101
-42,1756,-1064,-82,473,-71
-51,1750,-1066,-31,440,13
-53,1755,-1073,169,316,132
-30,1773,-1087,-66,933,-121
-29,1784,-1096,-105,804,-239
-35,1782,-1093,95,514,-204
-47,1769,-1096,-160,225,-126
-60,1749,-1088,-188,340,74
-65,1746,-1083,108,339,250
-48,1763,-1085,16,625,55
-34,1773,-1091,22,405,-90
-31,1768,-1089,29,234,-110
-44,1756,-1087,-50,241,-18
-58,1751,-1086,-56,282,162
-60,1758,-1087,-58,255,183
-43,1775,-1093,-298,532,-1
-35,1787,-1094,-463,463,-156
-41,1778,-1088,-460,433,-149
-62,1752,-1083,-389,387,62
-72,1740,-1077,-493,640,207
-68,1752,-1090,-680,731,308
-28,1770,-1121,-1509,1343,-42
15,1751,-1168,-2443,2308,-400
59,1687,-1180,-3398,4232,-1073
82,1614,-1203,-3704,5083,-1622
109,1565,-1248,-4710,4828,-2019
155,1526,-1291,-4696,3935,-1975
184,1521,-1327,-4004,3390,-1429
189,1545,-1360,-3969,3321,-1070
204,1579,-1392,-4722,3364,-1244
220,1594,-1410,-4733,2346,-1711
240,1628,-1435,-4679,2234,-1754
169,1698,-1497,-3659,-5071,363
82,1803,-1491,-1121,-14779,3588
75,1973,-1394,-1978,-16548,6137
97,2202,-1290,-985,-15373,7468
153,2493,-1229,183,-7253,6113
90,2656,-1234,-459,-2385,2950
13,2657,-1222,-2391,-2322,566
32,2629,-1078,-3607,-729,-519
67,2531,-828,-6194,1691,-1153
17,2274,-506,-7020,1160,-890
48,1998,-284,-5709,105,-1227
181,1838,-157,-6700,1048,-2393
276,1664,-37,-4283,3598,-2663
274,1506,19,-1632,6178,-2412
196,1422,-18,228,5162,-2384
139,1450,-72,723,5181,-2879
19,1517,-109,702,5563,-2819
-141,1563,-179,1307,6353,-2172
-286,1613,-268,1145,6899,-1561
-409,1673,-376,117,5989,-873
-506,1735,-452,-242,3772,-352
-582,1805,-552,995,-394,144
-529,1850,-669,-348,-2423,-337
-385,1776,-702,-1353,1367,-1157
-304,1825,-668,-1791,4485,-1600
-370,1962,-620,-1089,2770,-287
-428,2000,-543,2822,-1087,588
-327,1954,-562,2095,-1084,-451
-223,1971,-603,-147,-2574,-384
-128,2121,-530,-70,-1240,774
-9,2224,-521,880,3111,102
-24,2213,-628,44,2369,-36
-110,2243,-670,-606,-1199,931
-57,2281,-663,-2493,2346,71
-50,2259,-564,-1569,4499,-727
-52,2203,-609,-708,4234,-1018
-54,2145,-632,-2419,5184,-1548
-116,2061,-615,-1037,3715,-1800
-195,2062,-576,-2736,3651,-2031
-227,2037,-554,-1716,6225,-2507
-291,1930,-603,-30,4255,-2125
-346,1815,-657,-596,1222,-1186
-355,1783,-589,-2301,887,-804
-365,1777,-543,-1208,518,-1071
-393,1711,-565,1133,704,-1174
-484,1662,-589,586,-2178,-197
-541,1689,-536,632,-2651,1208
-593,1775,-472,950,-3795,2128
-575,1845,-458,792,-4437,1809
-518,1863,-446,112,-4906,793
-460,1835,-468,241,-5077,702
-412,1801,-405,-848,-4494,980
-372,1803,-299,-1821,-2657,737
-356,1808,-262,-2285,-2567,227
-321,1790,-246,-1607,-5403,671
-218,1788,-193,753,-6264,1297
-195,1866,-121,2149,-6856,1966
-217,1924,-115,1270,-5721,1530
-166,1944,-138,-1447,-4189,417
-70,1921,-174,448,-6997,363
71,2004,-341,5551,-7426,285
57,2133,-533,3442,-3608,-1006
-134,2123,-626,1257,-602,-1371
-197,2079,-698,-638,616,-813
-117,2097,-778,-433,1478,-531
52,2220,-1112,3709,-1574,-309
357,2597,-1469,4663,1762,-2578
286,2832,-1464,4704,2761,-2848
-46,2553,-1268,8468,-346,-486
-221,2102,-1307,5557,476,373
-272,1743,-1302,-948,2055,-203
-241,1521,-1139,-73,3298,539
-102,1491,-1032,2833,3949,2025
102,1575,-977,4039,2991,2705
296,1623,-957,5261,3369,1953
339,1666,-1002,2701,6111,1038
155,1707,-948,956,3704,950
-43,1674,-874,3640,3550,1490
-182,1687,-913,3481,4292,1923
-217,1808,-972,1329,6114,1184
-198,1935,-1028,270,5371,1004
-179,1987,-1039,564,2733,1433
-148,1953,-1087,-1212,2180,1156
-140,1881,-1065,-3069,1840,968
-134,1836,-976,-1243,1380,864
-109,1857,-928,-283,945,896
-53,1890,-890,-383,1075,737
-20,1904,-866,-346,233,881
11,1906,-862,-1349,-137,723
28,1886,-856,-1333,-393,431
16,1874,-871,-980,-791,332
-20,1867,-880,-1046,-671,201
-80,1856,-884,-136,-261,90
-154,1835,-910,34,-999,349
-174,1823,-919,-384,-1552,483
-142,1845,-895,-312,-1132,412
-104,1873,-863,80,-1171,506
-72,1882,-853,275,-1328,693
-48,1873,-853,-95,-662,698
-43,1847,-837,125,-230,814
-57,1836,-818,868,-896,1086
-48,1838,-828,1471,-1063,1163
-31,1857,-848,949,-1340,1248
15,1881,-862,846,-1056,1024
59,1908,-882,265,-772,632
83,1918,-892,-84,-448,426
83,1918,-895,-172,54,393
40,1906,-903,234,-693,654
18,1904,-897,233,-258,749
18,1899,-901,-214,368,662
25,1891,-899,-335,638,569
34,1882,-890,-858,935,341
41,1871,-879,-1038,1832,171
40,1869,-876,-1004,2038,155
32,1865,-876,-543,1922,86
30,1865,-886,-488,1453,30
29,1862,-887,-616,815,67
35,1854,-875,-81,1070,79
22,1847,-879,113,805,130
8,1848,-885,159,700,160
3,1849,-886,92,975,40
0,1849,-886,135,1145,-90
-4,1851,-887,288,913,-98
-1,1854,-889,286,707,-86
0,1850,-889,304,377,10
2,1850,-877,441,262,115
2,1856,-876,540,210,184
3,1862,-882,428,210,108
1,1865,-885,391,82,20
-2,1869,-887,393,224,-72
-18,1859,-901,923,-187,123
-15,1874,-922,639,-515,107
4,1896,-922,396,-215,-69
16,1911,-915,655,-760,-191
34,1920,-918,345,-752,-365
41,1911,-919,-172,-226,-570
33,1895,-914,-354,-13,-543
25,1881,-911,-465,335,-550
3,1864,-902,-364,167,-385
-16,1849,-896,245,110,-220
-34,1838,-908,241,-46,-93
-29,1835,-916,-156,242,-49
-23,1834,-911,-114,-49,45
-8,1842,-906,-64,-51,-76
7,1845,-907,-234,183,-219
10,1842,-908,-141,391,-286
-2,1843,-905,32,224,-123
-11,1844,-908,194,230,-8
-19,1848,-904,253,169,118
-28,1850,-900,481,37,217
-25,1855,-905,354,-54,206
-16,1859,-912,197,-140,126
-3,1863,-920,-24,70,57
2,1862,-919,-157,155,-23
-4,1860,-912,22,124,-36
-6,1857,-915,30,363,-7
-20,1851,-914,99,287,111
-30,1848,-913,273,243,156
-25,1852,-920,48,296,129
-19,1851,-924,-39,159,80
-13,1854,-924,-21,176,29
-17,1854,-921,-58,111,55
-21,1851,-923,-103,69,135
-21,1848,-929,-274,176,99
-28,1844,-927,-242,320,79
-35,1842,-926,-91,169,191
-35,1843,-929,-193,210,199
-37,1841,-925,-160,188,220
-34,1846,-925,-184,46,258
-29,1851,-925,-84,-7,232
-27,1855,-927,-69,-228,289
-22,1856,-928,-66,-195,259
-17,1856,-928,-135,-273,241
-10,1857,-928,-378,-159,215
-14,1858,-922,-304,-255,207
-15,1858,-917,-137,-57,154
-22,1854,-918,-129,223,97
-32,1849,-914,-111,202,135
-39,1850,-915,-8,-24,205
-36,1856,-918,-69,-334,253
-19,1861,-917,-289,-99,118
-14,1862,-914,-209,55,67
-14,1864,-914,-240,53,50
-18,1861,-911,-285,-2,60
-21,1853,-905,-189,26,75
-24,1850,-901,-207,188,87
-29,1849,-899,-261,193,82
-31,1847,-901,-300,30,95
-32,1841,-902,-76,14,112
-32,1842,-913,64,-219,212
-29,1852,-916,109,-172,206
-31,1860,-914,234,-131,200
-30,1861,-917,246,-246,215
-24,1862,-920,124,-305,204
-14,1865,-923,-4,-184,171
-12,1865,-921,-39,-140,152
-15,1863,-918,54,9,151
-19,1859,-921,99,47,111
-18,1855,-924,-104,141,110
-22,1850,-918,42,63,168
-22,1849,-919,18,61,154
-25,1851,-922,-39,114,165
-23,1853,-926,-44,164,124
-23,1854,-931,-85,138,91
-22,1854,-927,-8,144,85
-28,1852,-926,31,110,130
-28,1851,-927,-116,207,168
-22,1851,-928,-238,342,78
-21,1853,-926,-190,81,59
-13,1857,-921,-212,336,-3
-16,1860,-923,-98,234,52
-18,1862,-921,-44,422,15
-21,1861,-922,-95,478,-33
-25,1863,-920,-141,465,-38
-33,1859,-914,-121,344,-38
-31,1855,-914,-321,378,-30
-26,1855,-911,-334,496,-132
-25,1854,-904,-304,658,-177
-32,1854,-902,-156,468,-191
-40,1850,-900,-83,536,-153
-48,1846,-900,-114,487,-103
-59,1839,-900,4,244,26
-58,1837,-903,40,221,47
-47,1845,-915,-128,346,-51
-45,1858,-915,-31,251,-65
-46,1864,-917,217,111,-21
-48,1862,-919,164,40,14
-54,1854,-919,263,-49,76
-54,1849,-917,342,-53,173
-47,1853,-915,175,116,145
-32,1860,-919,150,322,36
-22,1872,-925,-5,253,-105
-18,1872,-923,105,171,-190
-20,1863,-922,116,308,-169
-31,1845,-922,189,253,-79
-48,1828,-922,420,-96,136
-51,1827,-933,462,87,213
-40,1835,-956,173,603,-1
-32,1841,-979,102,820,-280
-31,1830,-1010,-13,416,-231
11,1797,-1049,-660,1109,-392
80,1774,-1107,-2270,2656,-876
134,1765,-1149,-4277,3819,-1591
133,1739,-1168,-4430,4135,-1905
105,1708,-1216,-4836,2969,-1615
110,1675,-1240,-5529,1899,-1168
130,1639,-1240,-5285,1897,-1077
152,1617,-1251,-5211,2435,-1383
159,1602,-1265,-6411,2543,-1650
150,1627,-1262,-7140,1826,-1428
134,1709,-1252,-7487,-585,-537
84,1791,-1280,-6464,-7757,635
41,1860,-1207,-4322,-14448,2663
55,1962,-1061,-2879,-17139,4955
153,2111,-910,-1842,-9425,5041
225,2270,-886,-663,-1492,3237
253,2467,-932,-1614,518,624
236,2604,-919,-1379,-327,-801
186,2694,-824,-3248,-16,-1525
104,2738,-613,-6730,1853,-2640
-6,2678,-359,-7561,3993,-3368
-104,2555,-106,-8850,5923,-3921
-168,2346,89,-7227,5925,-4199
-157,2079,176,-2958,4260,-3985
-111,1817,162,545,2288,-2973
-56,1642,129,3043,3649,-1990
-66,1610,58,3904,5879,-2178
-159,1637,-21,3682,6893,-3095
-280,1652,-81,2878,5570,-3797
-342,1623,-76,2335,5371,-3999
-322,1571,-77,4091,5881,-3834
-339,1556,-125,5226,5888,-3490
-476,1544,-198,5860,5417,-2475
-621,1517,-303,6572,4002,-1216
-664,1519,-404,7151,3384,-538
-685,1557,-540,6976,1483,300
-698,1667,-618,5335,1100,1153
-692,1790,-674,3889,1900,948
-678,1859,-686,3229,1931,410
-636,1878,-694,2479,-107,501
-511,1854,-725,2812,-2979,1325
-334,1855,-793,3650,-6841,2675
-191,1932,-766,3251,-4922,3615
-192,2011,-789,2723,-5215,3421
-282,2031,-763,2296,-3990,2547
-397,2033,-792,728,-6349,1776
-270,2099,-830,-1564,-2690,688
-134,2136,-809,-3306,-74,1298
-159,2148,-739,-2130,-4470,3577
-118,2185,-710,-1755,-5397,3728
-23,2179,-770,-2341,731,1781
44,2142,-856,-6977,10027,-1057
-204,2102,-709,-7320,6253,-141
-454,2090,-574,-1893,-928,310
-395,2130,-685,-5736,4245,-1808
-334,2048,-684,-7096,2208,-2134
-343,1920,-539,-2733,70,23
-365,1868,-548,-2585,-707,1236
-392,1804,-567,-1831,-1995,1097
-466,1725,-532,-1011,-4637,1150
-487,1696,-500,-641,-4922,1862
-484,1704,-479,-821,-6656,1950
-490,1720,-419,94,-7331,2202
-503,1745,-357,-1335,-7272,2389
-475,1755,-316,-2693,-5090,2118
-442,1772,-301,-3417,-4717,1587
-376,1838,-256,-4553,-4381,1272
-326,1903,-151,-3127,-4879,1660
-283,1934,-90,-1170,-5177,2246
-254,1966,-68,-798,-6430,2617
-172,1984,-46,-1836,-3893,1645
-170,1986,32,-3464,-2835,1343
-171,1947,127,-3847,-2815,2001
-67,1927,151,-3513,-4223,2575
126,1969,90,-2412,-4006,2089
189,2051,-17,-109,-4527,1840
73,2178,-167,2088,-2067,1730
-174,2271,-385,2359,-237,1790
-278,2287,-557,-1096,700,862
-182,2253,-620,-1776,3475,-645
-24,2331,-724,-2909,4590,-1822
205,2446,-920,-1114,3627,-2814
465,2598,-1052,1183,5089,-3830
444,2587,-975,3609,5557,-2085
237,2339,-807,7855,3477,-387
24,2037,-774,9377,3934,401
-121,1796,-847,6448,4915,414
-134,1677,-861,3461,5588,540
-20,1678,-778,2665,6657,598
152,1728,-701,3196,7560,500
281,1755,-679,3446,7117,163
315,1765,-672,2866,6894,-534
225,1767,-656,2971,6463,-566
98,1757,-668,3194,7177,-301
-37,1761,-696,3341,8023,-133
-120,1811,-742,4382,9128,-751
-143,1919,-835,3495,9671,-1656
-116,1959,-938,3606,6343,-1374
-97,1918,-979,3798,1492,-21
-119,1870,-962,3323,-144,803
-206,1857,-940,3237,-1556,916
-234,1906,-950,2218,-1738,510
-173,1980,-939,700,-333,20
-84,2002,-887,946,-100,55
-14,1988,-858,1197,21,259
2,1945,-859,1557,-1362,745
12,1911,-896,1165,-2623,932
14,1904,-910,98,-2789,857
-14,1896,-890,722,-2221,919
-50,1890,-883,805,-1348,847
-67,1876,-885,85,-1046,551
-35,1878,-878,-450,-528,69
23,1894,-864,-501,-411,-348
46,1902,-834,-219,-179,-535
28,1888,-816,262,228,-471
-9,1872,-817,368,48,-313
-44,1868,-831,476,-333,-165
-42,1877,-839,2,694,-363
-65,1868,-854,321,412,-268
-94,1864,-866,923,-285,50
-112,1876,-872,1269,-642,512
-112,1895,-873,1316,-587,716
-96,1923,-882,676,-166,505
-75,1939,-888,-37,187,202
-57,1933,-880,-260,112,7
-49,1906,-858,28,-10,98
-44,1874,-839,499,179,306
-38,1855,-835,708,39,495
-24,1861,-841,598,104,598
-7,1875,-854,198,-92,535
12,1883,-863,-20,454,256
-5,1876,-866,330,532,203
-30,1861,-871,805,907,311
-57,1846,-878,1140,787,487
-68,1840,-883,1373,783,642
-58,1846,-900,1032,658,573
-41,1849,-911,853,438,490
-28,1847,-904,1051,140,484
-16,1846,-898,1147,464,444
-20,1846,-899,1202,636,413
-27,1846,-909,1390,768,426
-31,1850,-922,1323,651,418
-25,1857,-936,1056,415,376
-17,1861,-950,873,432,327
-19,1857,-960,795,292,282
-27,1847,-970,841,87,305
-39,1838,-975,879,-138,395
-47,1833,-978,1044,-387,534
-40,1834,-986,714,-499,479
-27,1833,-986,378,-470,446
-15,1833,-981,263,-453,417
-8,1835,-979,151,-473,382
-2,1836,-980,106,-612,406
6,1833,-975,-6,-426,359
9,1831,-976,-127,-487,358
17,1836,-982,-443,-186,300
16,1838,-988,-573,-214,190
12,1835,-986,-601,-146,202
4,1828,-981,-442,-38,230
-6,1820,-982,-442,-204,294
-2,1817,-982,-521,81,255
-2,1819,-979,-504,-52,243
4,1822,-975,-417,-220,224
17,1826,-968,-621,161,92
19,1828,-962,-537,304,-20
17,1829,-961,-637,337,-74
10,1829,-962,-620,295,-102
2,1827,-959,-542,391,-60
-9,1826,-956,-442,209,-4
-21,1827,-959,-277,130,63
-33,1832,-964,-204,-124,144
-34,1839,-966,-315,60,105
-40,1840,-966,-168,-65,141
-38,1846,-961,-61,-101,116
-27,1854,-962,-271,10,68
-17,1856,-958,-317,-72,12
-13,1858,-954,-443,-64,-51
-11,1853,-947,-462,141,-94
-15,1845,-948,-460,99,-87
-20,1840,-946,-538,281,-107
-34,1837,-945,-324,171,-58
-43,1838,-946,-492,74,-28
-46,1838,-947,-604,-53,4
-39,1837,-939,-556,8,-41
-34,1831,-932,-349,54,-121
-33,1826,-929,-133,308,-110
-48,1825,-929,-172,192,51
-58,1830,-924,237,-239,315
-44,1843,-929,-119,-94,204
-28,1846,-930,-266,21,91
-23,1842,-931,-218,-93,38
-25,1839,-932,-193,-153,126
-34,1835,-933,8,-199,209
-35,1837,-933,49,-147,313
-36,1842,-930,212,-309,403
-28,1845,-931,144,-277,280
-18,1846,-936,-175,-260,180
-17,1838,-928,-37,-112,187
-19,1836,-929,-21,66,218
-25,1839,-933,-28,125,199
-28,1845,-931,164,192,175
-29,1851,-933,174,49,202
-26,1852,-934,102,194,134
-28,1848,-941,-127,123,91
-28,1840,-940,-85,49,87
-27,1833,-939,-17,147,74
-31,1829,-938,65,258,49
-34,1825,-937,192,227,61
-35,1823,-937,308,77,179
-30,1826,-942,307,274,136
-31,1830,-951,246,243,85
-41,1833,-952,526,47,212
-46,1835,-956,740,-121,345
-47,1840,-959,570,35,317
-49,1842,-964,530,9,321
-44,1847,-966,478,-132,325
-33,1853,-972,221,77,179
-33,1855,-973,3,97,94
-32,1852,-967,-6,61,75
-34,1847,-964,25,-196,157
-37,1843,-962,21,-187,128
-44,1838,-965,-303,-128,82
-47,1830,-964,-310,-71,166
-48,1828,-966,-274,-67,169
-47,1829,-965,-30,-176,168
-41,1832,-968,-162,-63,116
-41,1827,-969,-110,-71,141
-35,1826,-972,-329,138,123
-34,1827,-967,-399,148,125
-40,1826,-963,-55,-66,173
-40,1832,-962,-86,-85,174
-33,1836,-964,-72,54,120
-28,1839,-967,-178,140,116
-27,1838,-963,-259,130,149
-29,1838,-960,-291,20,108
-27,1836,-963,-404,111,84
-32,1836,-965,-449,-53,111
-35,1838,-959,-341,32,114
-37,1841,-961,-425,150,109
-43,1840,-957,-414,-23,127
-45,1834,-946,-327,50,135
-42,1830,-953,-441,14,141
-32,1840,-955,-691,181,52
-31,1847,-948,-497,236,17
-40,1843,-942,-306,172,67
-52,1827,-941,-280,76,168
-58,1807,-941,-137,-140,347
-57,1795,-948,31,-636,638
-44,1786,-971,235,-732,786
-32,1776,-1000,-118,-732,842
-37,1723,-992,-265,-515,883
-18,1631,-1017,-623,410,667
78,1562,-1091,-2391,3388,-377
165,1539,-1169,-3585,4120,-1064
215,1558,-1226,-3253,3051,-880
246,1611,-1282,-2714,2032,-428
234,1662,-1326,-2530,223,36
248,1685,-1335,-1832,-437,340
322,1705,-1381,-2622,907,128
381,1751,-1421,-4030,1974,-503
387,1856,-1441,-3901,-549,36
370,2070,-1477,-4214,-5249,1250
282,2268,-1424,-874,-11139,3742
179,2416,-1416,-624,-14868,6049
148,2546,-1330,-3068,-10300,5737
92,2670,-1137,-3928,-2138,2638
49,2619,-1037,-5225,-1778,446
132,2545,-877,-7726,-936,-1407
137,2385,-571,-7874,1585,-2011
22,2145,-254,-7391,2604,-1603
-72,1885,-71,-6458,1781,-1721
-44,1714,6,-5228,1084,-2587
78,1671,61,-4579,6562,-3845
85,1659,34,-2666,7372,-3863
111,1685,-12,-1191,5169,-3572
160,1724,-38,-2324,5502,-4735
68,1651,-19,109,6709,-4981
-145,1562,-71,3398,6631,-4198
-385,1552,-183,4201,6083,-2799
-549,1624,-280,3923,6982,-1607
-645,1702,-353,3880,6811,-1534
-670,1730,-407,4952,5146,-1830
-608,1717,-524,4698,4290,-2007
-509,1700,-597,2037,5409,-2102
-444,1718,-589,164,5563,-1979
-422,1769,-547,1553,4440,-1330
-429,1832,-555,1775,1830,-453
-453,1829,-544,3002,-1658,1035
-395,1851,-575,3164,-1987,2638
-248,1899,-637,1458,253,2381
-177,1909,-688,1484,337,2495
-173,1975,-650,800,947,3452
-207,2148,-615,-155,-166,3783
-198,2260,-609,-578,375,2768
-224,2258,-608,-281,-1029,2234
-212,2262,-652,-884,-360,1690
-148,2297,-723,-4784,2950,272
-152,2301,-645,-4601,1252,309
-104,2240,-629,-2408,925,441
-78,2189,-640,-4237,-273,209
-61,2124,-620,-3040,1148,-254
-131,2100,-611,-3103,608,-664
-209,2076,-593,-4214,-1017,-919
-237,2007,-558,-1932,-399,-1202
-331,1911,-558,-1768,-3691,-1270
-376,1827,-548,-1852,-3342,-1064
-469,1823,-460,-3922,-5015,-870
-494,1819,-414,-2367,-2745,-997
-499,1839,-441,-2088,-2193,-1205
-519,1874,-436,-4923,-4201,-701
-528,1887,-254,-6301,-5792,231
-417,1847,-115,-5537,-2325,-5
-289,1808,-133,-7196,-1613,-812
-214,1792,-141,-6340,-3664,-456
-207,1783,-90,-3264,-6106,596
-229,1724,9,-729,-5601,1445
-295,1640,32,574,-4905,1751
-348,1576,6,-407,-4283,1425
-306,1546,7,-995,-2607,1106
-179,1631,54,-2648,-1024,-63
-33,1760,77,282,-1525,-446
107,1996,33,4508,-3284,-202
106,2276,-72,7782,-3602,-823
-115,2405,-206,7195,-970,-1393
-392,2325,-333,1549,1147,-839
-459,2186,-297,-1532,2224,-284
-324,2187,-348,-1268,3154,-646
-162,2288,-466,1373,1739,-900
57,2403,-767,6819,-3768,-184
393,2651,-963,4408,-1065,-2399
435,2734,-881,4388,5760,-4032
105,2494,-818,9166,5081,-1767
-203,2197,-981,8235,1349,-870
-395,1988,-1072,2517,-1257,-1142
-450,1819,-932,2858,-1688,445
-350,1717,-796,5147,95,2489
-143,1691,-766,5038,732,3329
143,1710,-824,3280,3552,1993
296,1760,-918,8,5707,-348
124,1785,-830,1690,1605,-215
-37,1768,-808,5756,1609,95
-97,1763,-888,4447,4319,-61
-153,1795,-888,3777,4324,794
-155,1863,-913,4517,2486,1590
-134,1935,-994,2508,370,1282
-151,1932,-1024,612,-1058,1009
-161,1894,-981,109,-1603,1287
-145,1864,-905,587,-872,1174
-118,1846,-889,712,-89,878
-82,1846,-885,20,538,1017
-95,1845,-845,1584,-502,1624
-92,1850,-839,2399,-1062,2054
-71,1855,-866,1681,-1096,2112
-62,1869,-864,1436,-1250,2065
-60,1901,-864,1023,-1849,1845
-36,1935,-863,171,-1620,1211
-11,1954,-858,-312,-330,555
-20,1942,-849,-756,676,296
-62,1903,-822,-260,776,515
-104,1871,-800,261,962,736
-149,1856,-798,754,-279,1178
-144,1852,-811,1165,-187,1145
-131,1864,-832,886,-131,920
-130,1864,-837,1178,-179,915
-135,1859,-843,1349,-302,979
-137,1854,-851,1382,-299,976
-122,1859,-868,1125,-102,850
-105,1867,-884,1023,-262,665
-85,1878,-897,1046,-600,603
-63,1882,-916,883,-806,539
-54,1874,-919,1016,-895,552
-59,1864,-922,1058,-848,515
-65,1851,-930,1154,-615,496
-76,1848,-942,1086,-891,555
-66,1853,-956,855,-949,570
-46,1862,-963,530,-592,416
-32,1859,-967,505,-108,280
-29,1852,-979,23,291,203
-41,1838,-971,254,34,280
-52,1832,-968,601,128,272
-53,1833,-976,478,90,335
-44,1833,-983,344,70,306
-26,1829,-985,229,363,135
-20,1829,-993,-100,485,112
-32,1825,-981,136,427,192
-47,1819,-980,422,490,251
-48,1821,-991,226,608,279
-42,1828,-996,142,525,236
-33,1836,-990,139,577,231
-19,1839,-983,-37,782,125
-15,1838,-974,-120,910,44
-15,1841,-970,-314,1103,-49
-20,1844,-973,-400,1050,-91
-21,1846,-978,-561,1255,-197
-38,1851,-980,-900,868,-132
-42,1855,-976,-1107,986,-222
-36,1850,-987,-1327,1148,-333
-22,1851,-994,-1758,1436,-549
-31,1848,-974,-1370,1307,-587
-60,1837,-955,-855,905,-385
-75,1826,-953,-1037,869,-256
-79,1815,-951,-1002,1087,-183
-88,1818,-946,-983,776,-109
-87,1822,-935,-823,732,-149
-88,1820,-925,-795,596,-80
-92,1815,-913,-353,165,103
-81,1826,-915,-202,257,197
-66,1846,-921,-459,145,250
-59,1864,-909,-385,-207,272
-48,1872,-904,-338,-278,185
-41,1874,-905,-464,-101,112
-44,1876,-899,-523,-32,76
-53,1874,-891,-381,11,139
-60,1869,-889,-348,-12,225
-64,1866,-885,-283,-92,249
-59,1866,-887,-332,-74,142
-55,1866,-886,-516,-67,95
-50,1867,-881,-454,127,29
-50,1861,-879,-296,-3,1
-57,1855,-877,-162,10,69
-62,1850,-876,-16,57,119
-64,1849,-878,99,110,158
-61,1850,-884,223,115,206
-52,1856,-889,307,103,167
-42,1866,-894,300,265,119
-39,1869,-895,311,369,115
-41,1870,-893,444,120,213
-27,1875,-902,264,410,98
-25,1876,-904,123,259,-3
-24,1875,-900,312,402,-39
-33,1866,-902,360,391,-68
-46,1860,-905,313,533,-21
-61,1857,-905,345,533,34
-63,1856,-907,345,446,114
-54,1855,-910,253,477,16
-53,1853,-911,205,401,-48
-57,1848,-916,350,274,-37
-60,1844,-917,304,355,3
-62,1842,-914,351,491,58
-64,1843,-920,328,571,116
-58,1843,-928,280,529,70
-54,1845,-938,179,430,44
-53,1846,-938,260,298,95
-53,1848,-938,415,205,181
-49,1849,-939,406,264,200
-46,1853,-941,303,216,239
-40,1853,-942,185,210,189
-36,1855,-945,-22,157,94
-31,1852,-944,-107,284,51
-36,1852,-944,-78,233,39
-41,1847,-946,-240,313,52
-50,1839,-946,-157,297,112
-53,1833,-944,23,269,139
-51,1835,-947,6,186,118
-48,1837,-945,149,162,182
-45,1841,-944,61,93,164
-43,1842,-940,12,115,183
-35,1844,-942,-49,149,150
-24,1848,-947,-174,453,51
-24,1852,-947,-196,492,-10
-33,1854,-942,-40,504,17
-44,1854,-940,-95,317,37
-42,1851,-942,-222,513,-5
-46,1848,-947,-250,242,78
-44,1846,-946,-270,209,69
-46,1847,-933,-72,186,67
-50,1850,-925,-22,278,42
-50,1849,-927,-230,304,17
-47,1847,-926,-249,388,-24
-58,1844,-926,-305,178,-27
-64,1834,-930,-235,134,16
-62,1832,-943,-374,107,44
-54,1835,-939,-296,327,-52
-62,1836,-936,-14,216,-10
-67,1836,-938,70,85,47
-67,1833,-941,76,-69,155
-62,1832,-945,34,-25,185
-58,1831,-944,120,-2,219
-54,1835,-946,298,-64,250
-49,1841,-946,319,-49,206
-44,1848,-950,246,-138,258
-41,1850,-949,144,-65,221
-43,1847,-947,103,-89,240
-47,1842,-948,-5,-68,223
-51,1841,-947,60,-33,233
-54,1843,-950,5,80,235
-54,1846,-953,-53,-17,216
-55,1845,-955,-95,-88,194
-53,1843,-952,-184,-128,173
-55,1839,-949,-112,-272,256
-50,1842,-948,-157,-201,265
-43,1847,-949,-298,-91,169
-43,1843,-948,-254,-33,126
-43,1841,-948,-442,148,93
-48,1837,-939,-355,0,131
-44,1835,-934,-292,122,115
-42,1836,-935,-515,223,105
-42,1833,-934,-457,389,8
-45,1826,-936,-444,112,106
-34,1821,-950,-407,285,178
-17,1824,-970,-613,353,73
-2,1815,-986,-801,951,-73
-3,1773,-997,-1018,1646,-114
3,1715,-1019,-1214,2441,-194
46,1679,-1071,-2335,3415,-866
110,1659,-1117,-3320,4814,-1672
139,1639,-1171,-3484,4770,-1419
143,1646,-1218,-3841,3836,-746
128,1673,-1256,-3490,1531,-267
161,1711,-1317,-3968,-542,-194
250,1742,-1345,-4498,895,-751
301,1806,-1352,-4757,2054,-1009
338,1916,-1350,-5633,445,-485
350,2029,-1336,-4239,-4529,719
324,2137,-1317,-1918,-11889,2017
290,2232,-1214,80,-13516,3498
206,2297,-1182,-561,-14899,4391
167,2355,-1103,-2967,-9248,3162
102,2406,-927,-3483,-1839,261
6,2407,-826,-3525,-1521,-1962
15,2376,-695,-5162,-316,-3579
-15,2244,-471,-5487,2433,-3939
-138,2047,-256,-4553,2259,-3000
-202,1889,-124,-3819,447,-2027
-150,1826,-68,-3084,554,-1724
-96,1825,-69,-994,1534,-2106
-85,1857,-99,375,2632,-2278
-103,1888,-131,-192,3955,-2614
-160,1861,-131,-1240,3976,-2979
-162,1779,-125,-1540,5179,-3047
-145,1691,-117,-2435,7385,-3257
-233,1615,-102,-748,6186,-2817
-338,1624,-119,1720,5725,-1990
-427,1676,-128,3432,4680,-694
-481,1700,-162,5477,5018,537
-529,1702,-314,5265,5438,847
-571,1635,-521,3586,3214,932
-541,1567,-612,1438,3969,712
-436,1623,-656,-741,7411,-239
-381,1796,-655,-1138,8218,-1237
-444,1913,-576,2410,3276,-371
-463,1934,-503,5140,1871,767
-433,1982,-585,4785,481,557
-364,2023,-733,2444,-3456,96
-245,2061,-722,1043,-1071,-173
-277,2096,-684,1477,-1452,118
-351,2103,-761,2384,-6687,1205
-293,2201,-812,-902,-9236,2173
-117,2280,-683,-854,-2853,959
-101,2260,-637,618,-220,-90
-122,2203,-710,-1981,2891,-1572
-201,2198,-671,-2936,287,-1994
-164,2141,-634,380,4169,-2009
-245,2077,-671,-611,-779,-1748
-200,2054,-691,-1547,3615,-2005
-279,2030,-665,-2366,2962,-2528
-391,1981,-535,-1518,-286,-3379
-376,1880,-577,937,3524,-3722
-483,1743,-630,1553,-1563,-2396
-542,1626,-676,3473,-2760,-467
-618,1646,-748,328,-3833,-149
-630,1653,-768,333,-3373,-610
-676,1638,-752,2951,-7958,218
-702,1711,-722,1602,-9974,1690
-724,1828,-664,-1421,-8876,2603
-667,1808,-627,-1972,-8117,1749
-513,1757,-588,-3336,-6564,680
-397,1786,-528,-3258,-4046,423
-376,1879,-449,-2311,-3153,629
-339,1901,-419,-1897,-2739,1414
-319,1886,-377,-2424,-2880,2664
-325,1873,-321,-2570,-2410,3027
-359,1878,-265,-3413,-4138,2839
-337,1886,-208,-2054,-4056,3083
-300,1918,-179,-1310,-4027,3458
-281,1924,-119,-2639,-2968,2942
-269,1882,-76,-3972,-1686,2439
-294,1842,-50,-3612,-509,2634
-313,1862,-127,-740,-287,3335
-338,2008,-290,1145,191,3108
-353,2172,-466,-329,720,1942
-261,2249,-524,-2617,1760,504
-111,2294,-508,-3892,2461,-393
20,2278,-604,913,-822,309
211,2417,-881,3535,-4905,806
340,2687,-1070,1459,-1191,-537
151,2710,-947,5918,788,-1346
-304,2460,-834,8069,-17,370
-564,2070,-959,4052,-876,1453
-536,1761,-964,-1156,460,1121
-353,1594,-840,235,2693,1755
-79,1579,-801,2500,5907,2388
152,1638,-811,1991,7295,2726
225,1693,-774,998,5131,3283
163,1738,-725,2643,3193,3629
123,1835,-759,3046,4745,2393
43,1927,-813,2749,4142,1641
5,1981,-843,3195,4733,1398
0,2036,-916,1996,4085,840
-35,2044,-929,722,2261,865
-44,2015,-925,-44,2578,822
-73,1949,-922,-1428,1795,571
-41,1891,-898,-2578,2575,20
9,1896,-821,-2732,3656,-2
54,1943,-731,-1377,4027,-1
60,1971,-686,-473,2602,393
79,1952,-653,-174,2495,778
76,1921,-651,15,2073,1071
46,1910,-654,207,1924,839
15,1914,-657,-117,2498,371
-25,1915,-655,309,2740,244
-26,1940,-650,232,3252,-75
-15,1954,-660,245,3353,-374
-17,1926,-664,274,3009,-612
-30,1892,-652,331,2888,-793
-63,1881,-633,401,2492,-579
-99,1882,-604,1349,1818,-343
-132,1878,-605,2000,616,-122
-126,1868,-615,1937,259,-62
-105,1870,-640,2075,14,-42
-103,1898,-669,1834,-226,-28
-112,1933,-687,1619,-383,-90
-107,1956,-705,1335,-366,-245
-105,1968,-726,1181,-1179,-79
-94,1980,-741,1122,-1873,366
-78,1989,-742,1315,-2341,832
-66,1980,-749,1500,-2466,1199
-57,1962,-765,1446,-2082,1354
-50,1944,-784,1289,-2053,1286
-34,1930,-784,1265,-1945,1067
-12,1912,-785,1430,-1392,895
0,1894,-795,1248,-1102,969
1,1885,-792,1405,-1277,1204
11,1884,-797,1882,-1248,1307
34,1896,-816,1742,-1216,1281
57,1902,-825,1527,-627,1063
63,1900,-839,1590,-303,836
51,1893,-855,1459,-358,655
47,1889,-865,1366,-303,531
54,1894,-884,1247,-95,414
55,1901,-893,1367,-184,367
65,1902,-895,1559,88,199
76,1896,-917,1242,462,-3
78,1890,-920,800,404,-132
75,1887,-912,845,669,-257
64,1884,-917,675,753,-225
47,1878,-917,654,710,-197
32,1868,-923,587,294,-109
37,1862,-932,261,369,-112
47,1862,-936,-287,417,-204
53,1857,-934,-192,851,-375
35,1850,-931,57,840,-316
12,1835,-929,465,635,-249
-3,1823,-932,524,557,-228
1,1823,-935,148,712,-241
8,1827,-929,350,652,-195
15,1836,-938,420,299,-212
28,1836,-941,283,520,-291
21,1827,-945,376,299,-166
11,1820,-942,464,327,60
10,1820,-942,497,563,106
12,1826,-952,346,744,60
14,1835,-964,155,336,73
17,1844,-966,177,38,49
23,1847,-962,10,291,88
22,1839,-959,-14,460,192
24,1830,-959,77,831,215
24,1827,-965,-105,1059,239
15,1832,-957,98,669,342
8,1841,-956,373,265,448
22,1848,-962,-167,332,416
40,1846,-958,-295,473,353
44,1846,-946,-175,523,290
36,1847,-940,54,372,310
29,1845,-942,36,364,303
30,1841,-944,-168,197,157
31,1837,-933,-7,-35,158
37,1838,-927,127,-12,182
36,1838,-924,173,-39,150
31,1830,-932,300,-112,159
28,1833,-940,181,92,119
22,1839,-940,106,163,129
19,1842,-936,180,78,111
17,1839,-939,96,-44,150
22,1830,-941,72,-3,133
27,1823,-952,166,-295,202
32,1829,-949,278,-324,214
36,1835,-948,364,-78,241
47,1839,-949,145,665,169
46,1836,-953,281,650,78
48,1826,-957,251,624,25
57,1822,-961,123,707,42
63,1820,-961,393,750,79
66,1822,-968,392,1103,41
55,1819,-976,385,960,61
45,1816,-975,446,939,-1
44,1815,-979,393,952,25
44,1817,-981,206,985,-8
41,1819,-973,256,802,28
39,1822,-969,511,626,44
40,1820,-976,499,525,95
40,1816,-980,492,633,57
33,1819,-983,560,596,50
28,1824,-993,651,291,112
31,1833,-997,402,273,100
38,1832,-994,500,206,54
51,1834,-1001,174,438,-30
47,1827,-999,182,168,-10
44,1822,-995,332,240,-7
44,1822,-1004,-26,609,-156
34,1817,-1006,7,414,-149
36,1817,-1004,-60,434,-128
36,1816,-1003,72,224,-5
41,1816,-1003,128,267,-26
42,1814,-1006,4,217,-117
40,1809,-1007,57,311,-145
32,1805,-1010,69,134,-100
24,1800,-1010,273,64,-14
22,1799,-1013,315,165,-1
20,1800,-1012,275,242,69
19,1803,-1016,277,76,137
30,1801,-1026,211,-90,72
41,1802,-1030,-102,-282,-83
42,1800,-1019,24,-502,-19
40,1800,-1013,74,-489,60
42,1804,-1013,-202,-295,59
37,1804,-1017,-188,-466,66
35,1801,-1025,-322,-615,35
39,1801,-1031,-653,-97,-95
24,1797,-1025,-367,-126,8
21,1795,-1027,-267,206,-47
16,1793,-1024,-237,162,-9
5,1796,-1015,174,-174,135
12,1799,-1016,28,-128,215
23,1798,-1015,-121,-49,233
29,1796,-1013,-17,-140,155
34,1800,-1017,-236,45,46
28,1801,-1014,-225,65,51
17,1802,-1011,43,69,132
11,1804,-1013,-82,-37,235
18,1804,-1019,-241,37,211
17,1807,-1019,-215,-123,192
20,1809,-1019,-279,-55,193
22,1810,-1014,-242,45,196
15,1812,-1010,34,-96,213
15,1817,-1008,-178,65,218
19,1819,-1005,-422,281,136
21,1814,-998,-491,424,69
19,1805,-993,-612,585,96
11,1783,-993,-352,326,220
20,1780,-1003,-149,666,239
49,1789,-1033,-722,1595,-53
57,1782,-1052,-948,1823,-244
66,1754,-1053,-1370,2510,-434
92,1696,-1046,-2353,4158,-975
141,1639,-1097,-3902,6494,-1921
196,1607,-1182,-7043,7147,-2829
220,1585,-1167,-6408,6326,-2734
233,1609,-1175,-4141,4832,-2022
268,1676,-1242,-4503,2948,-1822
290,1722,-1279,-4206,776,-1664
313,1759,-1290,-4335,-402,-1644
334,1790,-1318,-4782,-1738,-1951
362,1829,-1341,-5327,-2230,-2356
325,1873,-1317,-3106,-5300,-1371
215,1918,-1274,1018,-11390,1172
95,1993,-1293,3848,-18351,4346
68,2186,-1248,659,-19979,5909
148,2370,-1076,2179,-11359,4512
151,2445,-1010,2911,-2994,1263
70,2438,-1091,-1870,-1587,-1088
87,2403,-1000,-4137,467,-2280
99,2418,-786,-5833,4350,-3366
-36,2402,-522,-8005,6346,-3994
-188,2261,-335,-8254,5512,-3887
-157,2090,-254,-7128,3135,-4044
-57,1887,-163,-3130,320,-3638
-3,1708,-74,1732,-769,-2284
-19,1665,-87,2696,300,-1789
-96,1693,-116,585,3340,-2748
-220,1667,-180,-100,4718,-4073
-319,1605,-256,-1279,5555,-4922
-400,1537,-266,-1934,4526,-4456
-443,1506,-228,907,3484,-2391
-427,1579,-264,1114,5322,-1225
-459,1669,-349,-448,6747,-1352
-584,1683,-397,916,3708,-562
-693,1673,-452,3585,-2032,1212
-668,1724,-549,761,-3589,2633
-589,1765,-572,-1500,-721,3275
-473,1757,-605,572,1866,2349
-283,1789,-646,247,5318,1096
-146,1846,-664,795,5587,1030
-186,1991,-609,2639,2189,2079
-286,2100,-591,3875,1210,2024
-420,2163,-684,3791,-3768,1652
-408,2201,-797,2050,-8928,1808
-218,2277,-796,-3099,-5583,1012
-69,2303,-674,-2301,-1681,691
-13,2224,-660,-1428,1693,730
-152,2197,-663,-2272,-3278,1237
-207,2173,-565,-324,-419,476
-276,2146,-629,-1229,541,-1010
-278,2112,-677,-3682,1845,-1991
-266,2050,-638,-3806,1168,-1838
-235,2029,-546,-3322,912,-1679
-204,1981,-520,-2294,1112,-1617
-247,1879,-544,-629,-404,-1387
-298,1813,-530,-760,-757,-721
-357,1791,-530,-1013,-1050,-255
-430,1752,-534,1823,-2140,641
-488,1712,-574,1015,-4706,1284
-507,1692,-532,-646,-4117,1509
-527,1712,-429,-1832,-3123,1603
-459,1752,-409,-2032,-994,1451
-357,1797,-462,-2849,-1073,1658
-332,1840,-428,-1484,-3299,2648
-395,1984,-287,-122,-3994,3577
-444,2130,-248,-866,-2049,3093
-450,2156,-284,-4261,-2018,1770
-357,2079,-278,-5540,-2934,1248
-247,1986,-185,-3603,-3948,1420
-205,1907,-128,-289,-6293,1828
-219,1853,-76,392,-6821,2034
-261,1793,-30,-1516,-3486,1963
-351,1711,-2,-4008,-2936,2245
-309,1650,42,-5372,-2767,2200
-152,1633,26,-2830,-6024,2844
34,1768,-133,2515,-7041,2703
-27,2144,-288,1253,-557,2133
-293,2227,-403,595,-417,1368
-224,2163,-465,-1687,2746,-185
-50,2279,-510,-4527,5075,-1312
216,2455,-801,3288,691,-1372
605,2861,-1132,1594,-1846,-2386
713,2971,-993,2213,3811,-4153
338,2701,-792,7857,4829,-3503
-85,2291,-822,8360,4765,-1997
-319,1932,-901,4903,2649,-1590
-329,1714,-852,2697,3011,-1562
-247,1593,-730,4448,4693,-584
-113,1579,-657,5600,6645,435
16,1593,-664,6814,4996,1219
135,1612,-726,6727,2049,1262
194,1644,-781,6478,981,25
107,1692,-813,7577,2053,-638
-75,1707,-870,7923,4245,241
-214,1712,-920,7892,5083,1673
-230,1796,-1005,7503,4269,1862
-178,1959,-1104,5541,1929,1041
-135,2033,-1150,3747,-1386,573
-110,1969,-1113,2662,-2310,448
-95,1855,-1058,1659,-2718,912
-32,1776,-1017,1424,-1592,1284
16,1776,-1001,1643,-544,1271
18,1813,-1003,2586,-9,1236
5,1840,-1033,2788,-484,1466
22,1842,-1073,2459,-598,1406
60,1843,-1113,1326,505,780
42,1843,-1118,919,-56,672
26,1839,-1115,816,826,311
-8,1827,-1137,-514,1297,80
-56,1796,-1106,-564,716,434
-68,1773,-1069,-311,701,746
-57,1756,-1060,-484,840,782
-49,1738,-1056,27,637,839
-58,1731,-1044,606,51,1064
-64,1738,-1034,850,-321,1194
-71,1745,-1027,966,-621,1238
-59,1755,-1031,858,-364,1110
-45,1766,-1041,400,-302,939
-36,1774,-1042,593,-540,958
-31,1787,-1044,450,-707,1012
-25,1800,-1045,445,-616,1013
-19,1819,-1053,285,-239,942
-15,1838,-1062,-61,-258,902
-11,1849,-1049,-26,-339,816
-10,1859,-1041,-593,33,680
-17,1853,-1040,-1008,201,518
-12,1852,-1028,-1328,884,292
-7,1860,-1009,-1740,1503,103
-22,1864,-982,-1323,1463,60
-43,1861,-963,-832,797,231
-40,1861,-966,-1197,577,253
-33,1856,-964,-1298,437,192
-28,1856,-963,-1275,473,152
-23,1863,-957,-1520,434,107
-18,1868,-950,-1669,398,-14
-22,1871,-943,-1614,-10,51
-21,1871,-934,-1538,-105,121
-11,1865,-943,-1346,478,116
-6,1856,-949,-1627,799,62
-13,1840,-926,-1042,779,109
-15,1831,-929,-589,195,223
2,1837,-936,-1036,214,114
9,1844,-939,-705,-229,77
31,1862,-932,-918,187,-159
32,1858,-927,-660,261,-238
19,1845,-922,-255,79,-100
10,1833,-927,-339,205,-38
-2,1825,-932,-377,21,50
0,1821,-928,-287,26,33
23,1821,-932,-281,548,-141
30,1818,-937,-273,662,-177
20,1808,-931,252,593,-129
9,1803,-935,391,712,-84
1,1808,-937,193,978,-69
-6,1813,-933,389,1049,-93
0,1821,-938,562,935,-106
14,1829,-952,399,917,-173
18,1838,-956,267,693,-125
17,1841,-955,380,355,-81
18,1838,-956,259,366,-102
15,1833,-955,234,567,-118
5,1829,-959,444,459,-49
-3,1830,-971,406,254,10
-12,1827,-978,431,-53,137
-16,1818,-982,481,-361,234
-12,1806,-986,476,-474,202
0,1801,-987,227,-288,74
14,1799,-985,195,49,-20
22,1803,-982,348,178,-115
21,1809,-983,406,11,-100
22,1813,-985,388,21,-36
21,1813,-990,427,57,99
24,1815,-999,342,241,113
21,1813,-1005,458,544,8
8,1815,-1013,312,191,32
7,1814,-1015,224,365,72
1,1816,-1013,244,256,176
0,1812,-1014,305,188,217
8,1810,-1018,164,221,207
25,1819,-1020,-188,309,81
26,1828,-1014,-131,294,-46
15,1836,-1006,-95,6,-2
5,1834,-1000,-219,83,-22
-5,1828,-993,-198,113,-16
-9,1826,-992,-557,289,-27
-16,1819,-986,-561,267,6
-23,1817,-981,-383,65,51
-21,1820,-978,-365,275,-47
-22,1822,-970,-292,307,-13
-29,1826,-965,-124,69,72
-24,1828,-966,-252,45,54
-15,1826,-966,-326,145,-35
-11,1821,-961,-163,322,-75
-15,1820,-961,76,434,-62
-23,1825,-966,167,164,-53
-25,1831,-972,84,40,-34
-20,1834,-968,96,29,-37
-16,1831,-968,149,192,-92
-20,1827,-973,44,74,-65
-20,1820,-978,-19,163,-137
-21,1817,-978,-42,223,-124
-25,1817,-982,47,126,-53
-25,1822,-989,-139,501,-117
-37,1819,-986,64,246,-108
-39,1816,-990,94,63,-8
-34,1818,-993,-50,-117,62
-30,1817,-988,121,-114,139
-24,1813,-991,143,3,112
-17,1813,-998,-52,136,12
-11,1819,-1000,-78,292,-14
-17,1827,-994,73,49,107
-15,1830,-998,25,195,104
-19,1825,-1001,-165,208,78
-25,1816,-994,-84,103,91
-27,1811,-994,-149,153,136
-23,1811,-995,-225,176,121
-17,1823,-997,-359,431,-3
-23,1831,-995,-281,393,-67
-36,1826,-988,-41,140,-18
-45,1813,-985,-96,-49,80
-43,1802,-983,-161,90,137
-37,1805,-991,-121,-67,162
-20,1818,-998,-373,168,0
-21,1819,-993,-124,121,-58
-25,1821,-989,-35,127,-56
-33,1816,-993,-87,143,1
-38,1811,-996,-212,373,108
-42,1812,-993,-82,212,181
-35,1819,-990,27,388,122
-34,1825,-989,25,135,76
-33,1823,-983,139,80,92
-32,1818,-982,153,-17,191
-31,1814,-982,151,119,150
-34,1816,-985,84,349,96
-38,1816,-988,79,267,99
-43,1817,-986,156,161,102
-42,1817,-986,90,249,105
-38,1810,-987,49,307,120
-41,1805,-989,-31,210,169
-37,1805,-991,43,-180,311
-18,1822,-994,90,390,308
-9,1843,-1016,-284,500,64
-14,1852,-1019,-560,766,-208
-29,1841,-1009,-237,233,-11
-26,1825,-1005,-287,8,199
-17,1816,-999,-615,265,83
-27,1815,-996,-532,375,44
-24,1818,-998,-599,694,-102
-9,1823,-1013,-907,1071,-419
-10,1815,-1046,-875,-359,-225
20,1804,-1070,-1092,-1432,-50
114,1751,-1099,-1931,661,-518
196,1655,-1133,-3344,4238,-1634
170,1560,-1168,-4330,5146,-2263
115,1531,-1211,-4010,4721,-2013
124,1590,-1258,-4199,3903,-1629
183,1676,-1291,-4734,3776,-1579
231,1723,-1306,-5123,4364,-2208
217,1724,-1300,-4796,3104,-2361
183,1721,-1290,-3847,-751,-1101
195,1751,-1285,-3851,-2638,-92
177,1787,-1289,-3553,-6501,843
152,1860,-1207,-1977,-8628,2004
79,1969,-1156,1090,-10930,3813
28,2150,-1147,1297,-11979,4756
78,2276,-1106,315,-6381,3290
58,2307,-1083,-251,-2062,1581
-24,2348,-1063,-1729,-200,377
-78,2443,-1017,-3180,-1423,-770
-84,2499,-859,-4163,-1350,-1904
-89,2461,-630,-5422,733,-1926
-135,2296,-405,-5531,1140,-1055
-132,2106,-243,-4904,-288,-516
-25,1966,-144,-4119,-76,-900
82,1886,-69,-2730,2538,-1620
109,1861,-37,-3256,5189,-2274
103,1843,-28,-3700,6463,-2798
101,1804,-48,-3681,7330,-3608
13,1721,-51,-4474,6710,-3845
-139,1584,-10,-566,5541,-2613
-282,1539,-26,1597,6233,-1322
-420,1581,-132,945,7060,-580
-553,1659,-251,-518,6677,-480
-636,1733,-310,-896,6006,-573
-621,1778,-417,123,2683,-590
-542,1774,-493,491,-367,-158
-431,1752,-512,-2145,619,-191
-330,1790,-456,-2675,4397,-562
-323,1906,-401,-1955,3640,154
-347,1935,-376,2253,-155,1982
-144,1936,-495,1297,3627,1453
-112,2042,-530,73,1469,2563
-228,2225,-446,2974,-922,2781
-299,2270,-493,-65,685,571
-310,2232,-519,-708,-477,-498
-169,2236,-523,-2239,-388,-571
-37,2184,-438,-1958,2385,-321
-34,2143,-415,755,1925,250
-51,2150,-486,-1968,2418,60
-77,2115,-454,-725,3859,-383
-136,2081,-436,-717,3514,-739
-183,2049,-479,-1959,2712,-722
-241,2041,-434,-1820,1877,-580
-253,2018,-441,-696,2321,-535
-278,1992,-467,-504,1151,-377
-326,1944,-469,-765,-1586,82
-347,1881,-418,901,-671,479
-411,1815,-448,2345,-1787,969
-495,1810,-468,114,-3811,1206
-552,1839,-402,-1456,-5010,1819
-505,1881,-379,-1736,-6796,1487
-389,1896,-335,-1452,-4064,810
-369,1927,-319,-2608,-4431,1019
-349,1983,-253,-3297,-3411,905
-325,1987,-212,-2992,-3458,254
-318,1925,-167,-1414,-5126,415
-273,1870,-125,-1359,-4454,752
-249,1833,-94,-1674,-4811,826
-269,1783,-72,-220,-7269,1075
-248,1720,-64,1505,-7200,1293
-242,1664,-70,826,-6069,1458
-272,1604,-53,-712,-4745,1405
-268,1608,-70,-2350,-6008,1596
-100,1670,-211,304,-8683,2008
206,1977,-481,2025,-8970,1235
247,2451,-571,1578,-5421,1153
31,2612,-644,5071,-3461,-267
-130,2551,-692,370,-1293,-1111
-67,2411,-675,-408,2793,-1188
56,2360,-751,-1447,4741,-1374
137,2357,-839,1073,4188,-490
231,2480,-901,5475,1981,395
296,2584,-917,6440,1099,554
247,2449,-855,6370,1728,187
114,2128,-824,6146,1387,457
20,1850,-847,2416,969,371
12,1701,-804,58,1717,369
65,1661,-701,1985,3908,441
83,1682,-654,3686,4916,480
68,1699,-672,4486,4066,448
35,1706,-717,4352,2878,412
0,1721,-719,4262,2688,612
-29,1751,-759,3422,2909,889
-52,1812,-785,2633,2914,788
-74,1888,-795,2760,2692,369
-72,1968,-803,2740,1762,240
-35,2016,-811,2507,635,358
37,2029,-823,1919,1194,205
75,2001,-826,1375,2047,120
55,1938,-801,1935,2506,-81
5,1895,-790,2143,2927,-115
-30,1889,-788,1910,3047,-169
-42,1895,-801,1972,2469,-105
-12,1907,-824,1431,2363,-319
7,1899,-839,1469,1953,-652
-12,1881,-846,1826,1236,-797
-39,1858,-864,1705,1533,-885
-77,1842,-898,1661,1600,-992
-114,1850,-916,1806,1314,-968
-132,1864,-925,2205,931,-875
-137,1869,-932,2379,204,-684
-127,1853,-940,2431,-249,-540
-126,1844,-948,2467,-892,-251
-110,1861,-952,2195,-1322,-111
-63,1882,-966,1842,-1326,-149
-23,1888,-975,1483,-1056,-168
-8,1878,-985,1252,-1083,-54
-22,1857,-992,1167,-1620,208
-30,1844,-1002,893,-1946,527
-30,1840,-1009,461,-1769,715
-30,1835,-1008,375,-1384,702
-24,1834,-1017,104,-241,420
-16,1829,-1044,-1063,1304,24
-44,1820,-1018,-1037,1131,176
-63,1822,-974,-63,506,617
-48,1833,-984,-235,380,723
-36,1837,-991,-637,-136,783
-22,1837,-981,-471,362,589
-22,1835,-979,-833,852,477
-46,1826,-960,-248,316,595
-48,1824,-952,250,202,598
-20,1830,-964,-310,870,329
-8,1832,-964,-587,661,242
4,1832,-950,-171,626,116
5,1835,-953,-79,571,118
4,1835,-952,125,723,195
-2,1832,-949,324,1065,177
-14,1829,-953,99,1035,160
-21,1826,-956,7,864,139
-25,1828,-960,-191,730,101
-25,1830,-958,-54,578,175
-25,1834,-961,130,512,231
-32,1835,-961,-77,401,224
-28,1824,-956,-153,652,143
-32,1821,-952,-151,658,29
-39,1825,-947,-200,705,-10
-49,1824,-952,-211,613,22
-63,1821,-956,271,82,241
-58,1826,-961,293,-11,339
-54,1829,-972,177,-222,344
-53,1833,-981,16,-403,340
-50,1840,-982,-289,-614,291
-43,1840,-985,-429,-384,139
-47,1835,-981,-281,-502,197
-46,1832,-975,-66,-553,332
-33,1836,-970,-111,-322,281
-16,1835,-971,-238,-270,131
4,1834,-974,-288,15,-34
10,1828,-975,-342,87,-98
-9,1822,-965,184,-326,214
-16,1825,-961,438,-356,359
-4,1826,-966,112,-14,185
7,1825,-973,-27,72,111
19,1831,-980,-277,333,-54
11,1828,-979,-189,303,-32
-7,1828,-973,-106,441,59
-26,1823,-965,185,303,201
-29,1822,-961,200,152,296
-14,1827,-965,-45,186,199
-1,1837,-963,-185,189,150
4,1845,-959,-146,209,136
6,1847,-954,-227,407,9
2,1838,-951,-306,705,-109
-14,1835,-947,-304,462,-14
-18,1836,-948,-182,394,-37
-10,1841,-951,-472,566,-129
-13,1838,-945,-419,521,-154
-23,1830,-942,-181,318,-103
-27,1824,-945,-199,391,-65
-36,1819,-949,-142,391,41
-43,1819,-951,2,303,84
-47,1822,-953,18,236,74
-47,1824,-955,71,12,130
-40,1827,-955,127,-85,178
-34,1829,-960,142,-202,198
-32,1830,-962,60,-309,221
-28,1831,-965,187,-191,228
-30,1834,-963,191,-270,310
-26,1838,-962,359,-134,299
-21,1841,-973,99,-105,198
-18,1838,-978,-93,26,81
-19,1838,-979,-246,-15,62
-18,1837,-971,-199,123,-7
-25,1832,-971,-187,155,24
-33,1828,-971,30,-188,170
-35,1828,-971,85,-225,150
-33,1827,-969,-167,12,70
-36,1822,-971,-185,-100,98
-34,1818,-968,-157,-73,118
-37,1817,-967,-138,-40,73
-43,1813,-965,115,43,136
-48,1816,-972,208,-189,211
-44,1820,-976,138,-319,278
-35,1826,-974,212,-359,230
-29,1832,-974,332,-447,235
-26,1839,-974,253,-303,158
-20,1841,-981,-56,15,73
-25,1839,-976,-117,-64,51
-27,1838,-973,2,-169,79
-23,1840,-978,-219,-10,31
-29,1835,-974,-182,-119,57
-32,1832,-974,-123,-64,69
-31,1834,-980,-427,143,-2
-32,1832,-979,-522,238,-49
-37,1825,-976,-347,259,-93
-46,1824,-972,-317,191,-51
-53,1822,-970,-90,83,51
-50,1825,-968,-148,215,86
-44,1826,-966,-232,270,120
-42,1826,-967,-164,299,70
-45,1824,-966,-180,204,94
-44,1823,-966,-156,295,124
-40,1832,-968,-152,400,83
-42,1838,-970,-212,372,32
-43,1839,-968,-257,223,28
-41,1835,-964,-297,416,-9
-50,1828,-964,-240,349,28
-57,1827,-964,-250,295,77
-63,1828,-965,-148,128,157
-62,1835,-963,-8,321,79
-62,1836,-961,-28,301,63
-59,1831,-959,-121,218,95
-57,1828,-955,-118,145,140
-57,1829,-957,-159,132,106
-58,1830,-957,-186,216,71
-60,1830,-958,-95,237,132
-58,1832,-961,-87,213,134
-56,1837,-961,-154,214,106
-58,1836,-958,-43,218,127
-59,1833,-964,-113,134,163
-55,1832,-962,-216,191,103
-55,1825,-960,-79,96,114
-56,1820,-954,-24,124,136
-59,1817,-953,-46,-7,213
-50,1817,-953,-187,24,261
-32,1824,-964,-341,43,215
-11,1834,-992,-549,514,5
-12,1836,-1004,-849,884,-207
-33,1800,-1003,-561,604,6
-11,1747,-1028,-1606,2095,-327
63,1705,-1085,-3331,3808,-1117
161,1680,-1142,-4485,5023,-1967
186,1639,-1174,-4197,4920,-2240
141,1603,-1211,-3506,4535,-1981
102,1589,-1263,-3343,3281,-1673
109,1589,-1299,-3008,2163,-1260
156,1593,-1310,-3081,2540,-1280
170,1607,-1322,-3312,1648,-1732
188,1666,-1348,-3865,1346,-1938
195,1796,-1353,-6380,-614,-958
128,1878,-1322,-4706,-9390,996
67,1907,-1267,-1871,-18229,3578
85,1995,-1143,-1549,-18137,5798
203,2132,-1058,-1681,-8617,4768
190,2271,-1001,41,-2743,2781
127,2390,-1013,-53,-674,801
65,2470,-1029,-164,-1015,-486
-5,2529,-966,-1867,-1994,-1075
-36,2553,-798,-3394,-990,-1190
-93,2528,-566,-4108,1120,-1020
-161,2443,-359,-5124,1793,-645
-152,2291,-201,-4580,1019,-762
-96,2103,-143,-2302,-1555,-627
-45,1941,-98,-986,-2677,121
-12,1841,-8,-1475,300,865
-33,1736,24,-588,1266,1389
-35,1664,-37,226,1439,848
25,1662,-130,-1963,4412,-941
-19,1625,-126,-2063,6095,-1873
-159,1580,-88,1341,7241,-1310
-321,1588,-160,2080,7141,-201
-416,1634,-263,284,6871,330
-434,1678,-316,904,5559,226
-421,1730,-368,2800,3556,-211
-401,1791,-465,2384,2850,-275
-375,1861,-538,-669,3613,-735
-377,1916,-559,-1045,3115,-683
-330,1940,-564,-557,3717,-859
-315,1883,-539,2424,1051,-26
-246,1845,-563,4984,-1291,1355
-152,1898,-606,1415,-501,1737
-147,1939,-556,1128,643,1193
-221,1964,-576,3597,-865,663
-177,2027,-716,907,-1455,-497
-102,2115,-718,-2023,327,-539
-42,2210,-584,285,457,65
1,2252,-542,681,735,398
27,2207,-596,692,2784,446
-20,2158,-655,1427,2782,816
-83,2137,-704,852,449,661
-102,2112,-712,-1495,826,200
-129,2071,-647,-1791,740,212
-113,2021,-616,-1392,1860,-321
-150,1932,-642,-919,-518,38
-199,1873,-602,-585,-3599,1075
-223,1877,-559,-965,-4288,1527
-208,1855,-570,1368,-1790,1403
-269,1819,-694,1696,-3108,1754
-416,1861,-702,-2372,-8846,2832
-452,1991,-497,-5708,-8419,3033
-381,2050,-326,-5621,-3139,868
-403,1985,-348,-5210,-4627,-754
-338,1906,-356,-6233,-4709,-411
-252,1874,-213,-7111,-4257,934
-219,1856,-110,-6170,-3049,1826
-205,1814,-61,-5724,-2042,1738
-152,1785,-84,-6050,-2128,1586
-55,1803,-54,-6276,-1450,1265
-59,1794,63,-4962,-1332,1180
-104,1742,143,-3028,-2005,1248
-72,1724,128,-2217,-4424,1500
138,1800,-67,-1467,-5711,1904
321,2090,-160,-2973,-4552,838
236,2318,-221,2176,-1848,-254
18,2335,-350,2178,-2700,-118
18,2190,-420,-961,2492,-673
66,2141,-586,1842,4101,1
343,2535,-865,618,8303,-1167
577,3107,-871,-2045,11414,-4774
519,3017,-774,3994,8650,-5904
325,2545,-771,4624,5696,-3943
67,2066,-795,4687,4246,-2420
-173,1689,-767,6887,1997,-656
-262,1511,-725,5779,1931,809
-184,1507,-631,3029,5347,906
-30,1612,-567,3442,7224,-66
109,1733,-579,4301,5239,-903
173,1734,-611,4893,2153,-1100
167,1678,-611,5817,1245,-1414
76,1657,-625,7285,1846,-926
-70,1667,-682,8074,2881,324
-214,1718,-767,7600,3580,916
-289,1841,-855,5925,2954,365
-277,1989,-932,4295,1109,-417
-233,2064,-950,2890,-1109,-243
-169,2021,-896,3322,-1679,538
-128,1943,-859,4362,-2268,1559
-101,1900,-865,4553,-3074,2333
-70,1891,-884,4868,-3710,2747
-27,1908,-905,5060,-3616,2720
26,1924,-958,4050,-2050,2179
44,1938,-972,2455,-1741,1885
61,1941,-984,1896,-1169,1386
70,1948,-1009,795,-433,942
40,1940,-999,934,-272,1067
47,1916,-1017,-326,2195,894
8,1880,-996,-1327,1508,1302
-11,1862,-919,-22,339,1765
18,1881,-930,-354,221,1468
52,1901,-958,-1954,-52,997
51,1887,-923,-1166,-720,1070
59,1874,-908,-1006,-455,1045
64,1861,-892,-1006,4,949
71,1862,-878,-824,563,891
74,1878,-878,-547,1052,732
55,1894,-872,-183,1006,495
32,1898,-860,219,938,252
16,1893,-857,405,985,137
1,1890,-856,765,778,147
16,1904,-871,270,1154,-135
43,1914,-880,-235,1611,-457
54,1915,-877,-348,1660,-732
55,1904,-860,-166,2019,-940
42,1889,-856,2,1923,-975
24,1875,-857,44,1714,-892
4,1869,-852,127,1444,-808
0,1861,-855,-53,1285,-856
7,1845,-858,-399,1269,-1071
11,1820,-865,-202,959,-1184
5,1801,-882,164,458,-1053
3,1801,-912,14,953,-861
-28,1813,-934,-754,1417,-565
-65,1822,-922,-93,1458,-215
-71,1840,-933,116,1623,-84
-55,1854,-946,51,1061,-70
-34,1850,-945,381,974,65
-23,1839,-948,402,971,263
-23,1822,-947,641,825,463
-18,1820,-954,797,717,484
-15,1827,-955,835,414,431
-9,1830,-962,731,38,321
5,1827,-970,486,-129,167
21,1822,-983,307,-336,113
27,1825,-982,369,-204,76
14,1824,-977,858,-222,279
4,1823,-985,1007,-318,481
12,1834,-998,764,-292,500
26,1843,-1001,685,-699,559
51,1846,-1001,547,-1119,528
82,1847,-998,37,-542,265
77,1838,-992,-70,-544,189
63,1833,-983,5,-425,191
41,1827,-976,270,-617,303
41,1828,-979,414,-825,341
63,1833,-983,-276,-95,-5
68,1831,-980,-499,605,-238
49,1827,-979,-640,577,-238
34,1826,-974,-605,477,-201
26,1826,-975,-645,510,-211
16,1824,-965,-402,423,-72
8,1822,-962,-70,156,126
17,1824,-962,-97,309,100
21,1824,-967,-235,-135,65
40,1832,-960,-385,114,-134
48,1838,-947,-203,584,-294
38,1843,-943,-142,935,-327
17,1845,-945,-214,1021,-239
-1,1846,-941,-24,819,-70
-2,1852,-946,-226,784,-22
0,1853,-939,-457,764,-88
2,1850,-932,-397,770,-65
4,1846,-924,-395,944,-74
-3,1838,-921,-381,1089,-69
-20,1834,-917,-173,947,22
-26,1835,-916,-91,912,41
-29,1841,-921,-166,753,5
-27,1849,-922,-96,405,47
-19,1855,-928,-300,354,42
-17,1853,-927,-288,311,101
