96,1913,479,232,406,-49
95,1914,476,259,574,-77
90,1913,475,276,684,-91
78,1912,472,211,367,-91
71,1910,476,203,217,-107
79,1914,484,252,147,-64
85,1916,483,346,81,-27
87,1915,474,321,250,-40
88,1916,468,296,347,-68
85,1915,466,227,431,3
74,1912,459,249,226,-35
72,1913,466,285,300,-81
68,1919,472,192,141,-56
68,1917,478,218,159,-85
68,1915,475,198,261,-80
70,1914,469,83,187,-65
73,1913,466,169,289,-69
76,1916,466,99,320,-99
73,1916,471,203,255,-26
72,1913,472,310,238,-32
71,1915,475,185,273,-52
74,1917,480,177,445,-44
75,1916,475,113,435,-62
73,1916,474,124,333,-55
73,1914,471,154,342,-55
74,1913,474,151,350,-30
74,1914,476,205,304,-47
72,1917,475,160,411,-30
67,1916,474,212,191,-5
65,1913,478,167,128,46
67,1916,477,159,106,-13
71,1915,477,197,101,-25
77,1911,475,212,216,8
82,1912,476,229,269,3
85,1913,471,192,324,-11
87,1914,469,215,315,-65
85,1913,467,189,363,-40
87,1912,466,185,542,17
82,1912,466,177,349,57
76,1917,470,211,165,57
69,1915,468,104,210,-32
72,1912,480,263,167,-36
81,1913,486,204,198,-46
92,1915,489,172,272,-59
97,1915,490,156,335,-35
93,1915,483,68,392,-28
87,1910,483,104,364,-39
84,1910,485,136,384,-79
83,1911,484,110,373,-99
84,1913,480,160,276,-81
86,1915,486,147,248,12
80,1911,487,191,264,-28
78,1912,483,124,175,-15
82,1912,477,157,148,-46
86,1913,474,103,202,-67
93,1910,475,204,469,-94
93,1911,475,114,280,-43
92,1907,478,309,468,-54
89,1910,475,168,330,-8
85,1911,482,217,407,-49
78,1915,484,179,273,-12
73,1914,487,99,278,16
71,1910,494,150,119,12
73,1909,497,206,57,-65
83,1912,495,275,-3,-63
90,1914,494,182,265,-43
92,1909,488,244,339,-36
88,1909,481,151,262,-36
87,1907,481,212,275,-45
89,1909,485,189,261,-70
91,1913,494,185,389,-46
87,1912,494,222,368,-95
85,1909,488,221,132,-35
87,1909,489,148,237,-10
86,1912,485,132,173,-8
90,1913,486,81,380,-35
89,1908,483,160,337,-72
88,1909,480,194,168,-49
94,1910,482,166,256,-78
96,1913,484,125,500,-104
90,1912,481,125,357,-92
86,1906,477,250,408,-42
80,1907,475,218,125,-37
78,1910,479,188,-2,-7
83,1906,484,290,-1,-2
92,1906,483,172,-11,-17
102,1909,493,247,176,-64
107,1909,497,198,412,-71
105,1909,499,209,451,-10
93,1907,496,138,326,-9
85,1904,495,287,283,-90
85,1906,493,263,21,-63
97,1911,496,294,329,-94
97,1911,492,218,345,-86
94,1910,491,211,452,-49
87,1910,487,215,490,-102
85,1909,486,230,352,-66
82,1910,485,231,205,-69
84,1910,479,218,223,-50
89,1910,481,219,300,-43
89,1911,479,224,237,-33
85,1911,476,128,212,-40
87,1909,480,175,276,-37
88,1912,487,142,200,-5
91,1910,495,248,427,-101
93,1907,490,314,238,-20
97,1908,484,193,353,-26
96,1908,487,181,523,-10
94,1909,489,212,479,-2
88,1911,493,195,466,-28
80,1912,501,217,488,-60
80,1909,501,220,328,-57
85,1909,493,178,195,-35
92,1910,490,224,401,-28
90,1910,485,158,334,-29
92,1904,483,193,417,-53
98,1906,482,105,590,-45
90,1911,482,141,488,-85
84,1914,489,151,508,-111
79,1914,490,66,143,9
75,1911,487,68,87,3
73,1910,488,86,-144,10
83,1908,490,161,-208,19
96,1908,485,136,-223,31
106,1905,485,301,-24,-22
112,1904,483,293,72,2
114,1906,489,288,459,-31
113,1908,492,214,513,-39
104,1908,498,125,626,-69
92,1908,502,138,293,-64
86,1909,516,201,142,-78
89,1909,516,214,-37,33
92,1909,510,120,217,-22
91,1908,502,156,301,-12
89,1907,502,178,329,-76
87,1907,502,182,214,-115
94,1908,508,156,288,-107
98,1906,502,236,381,-143
95,1903,489,217,58,-93
104,1902,486,291,108,-93
111,1903,484,244,330,-72
115,1903,481,217,304,-81
117,1903,480,109,508,-60
112,1901,485,284,423,-78
113,1904,491,271,383,-55
108,1908,493,346,564,-80
95,1911,491,169,557,-24
78,1907,493,170,318,-49
68,1907,499,139,148,-52
69,1910,508,142,-186,-52
77,1910,507,174,-210,-62
91,1911,500,193,133,-72
96,1909,495,186,241,-37
88,1905,482,154,173,-80
86,1902,479,199,86,-48
94,1904,490,263,15,-27
107,1910,496,240,293,-64
109,1910,499,289,458,-89
99,1907,497,178,276,-44
95,1906,497,247,138,-7
95,1905,494,116,182,24
95,1905,489,246,52,-5
102,1906,492,233,195,-111
111,1905,491,282,186,8
116,1906,487,316,382,-23
114,1905,484,257,495,-18
106,1904,486,272,417,-16
102,1906,499,278,387,-101
104,1910,504,178,433,-69
102,1908,503,209,413,-39
96,1906,503,93,401,-12
89,1908,509,170,201,-10
84,1909,507,117,114,-59
89,1909,504,72,14,-40
95,1907,502,149,155,-51
99,1908,498,95,54,-70
107,1906,495,242,247,-110
110,1906,485,229,300,-69
111,1903,487,295,291,-57
110,1906,487,252,282,-48
109,1906,493,204,362,-28
102,1907,494,262,206,-68
103,1905,493,214,265,-99
102,1906,499,266,142,-90
103,1907,501,241,108,-98
105,1907,502,240,128,-87
106,1904,492,260,37,-71
110,1903,491,215,257,-99
112,1907,496,189,247,-105
117,1903,500,287,230,-93
119,1903,494,233,286,-89
117,1905,497,215,365,-70
109,1906,499,247,365,-135
106,1908,500,210,544,-144
99,1908,498,123,340,-91
95,1908,500,168,223,-116
91,1909,502,191,77,-119
92,1909,501,230,22,-121
96,1906,499,180,32,-128
102,1906,497,221,221,-107
107,1909,490,126,185,-83
108,1907,484,186,312,-98
102,1906,480,239,276,-101
96,1905,482,207,261,-124
95,1905,490,290,143,-117
99,1905,490,197,68,-103
104,1907,499,263,301,-106
102,1908,500,225,236,-77
98,1905,500,227,230,-107
95,1905,498,222,137,-185
99,1905,504,194,12,-155
109,1907,508,287,164,-124
111,1909,508,235,333,-124
107,1908,508,245,397,-132
102,1908,504,134,379,-136
98,1906,502,172,284,-162
93,1905,498,220,106,-115
94,1904,495,305,208,-142
100,1905,488,291,68,-109
109,1906,487,281,318,-86
106,1908,484,195,465,-126
103,1906,489,192,314,-136
100,1904,491,223,358,-179
97,1904,489,326,299,-138
101,1907,493,301,360,-98
100,1908,493,224,283,-79
94,1906,492,223,288,-48
88,1907,497,246,173,-75
88,1906,503,364,109,-152
93,1907,503,303,100,-209
102,1909,504,338,435,-210
104,1907,497,317,327,-126
102,1906,493,288,578,-147
91,1905,488,351,388,-144
86,1908,485,293,245,-155
86,1911,487,225,341,-192
87,1909,493,304,396,-186
89,1908,494,269,196,-119
95,1909,497,370,310,-148
95,1911,492,311,245,-174
94,1913,486,231,236,-138
90,1911,481,199,292,-127
83,1907,480,263,272,-187
85,1906,483,298,184,-161
92,1911,488,268,392,-190
95,1912,488,239,275,-108
95,1909,491,265,379,-115
89,1912,494,213,210,-116
80,1909,487,213,190,-159
79,1906,484,313,192,-144
81,1908,486,251,86,-100
89,1908,486,343,144,-118
95,1911,488,274,329,-135
94,1909,484,282,298,-111
91,1912,487,190,578,-216
82,1912,486,243,316,-150
76,1910,490,249,388,-155
70,1912,489,227,157,-119
75,1911,492,322,10,-130
85,1911,491,296,35,-109
90,1915,486,275,286,-132
86,1909,481,324,305,-145
84,1908,478,242,348,-149
85,1908,483,354,334,-153
92,1914,483,250,428,-146
93,1915,479,314,387,-166
85,1912,479,319,385,-134
79,1911,478,261,229,-121
79,1914,486,254,392,-160
76,1915,484,188,335,-136
71,1912,487,320,297,-138
68,1914,483,210,109,-166
73,1913,482,246,5,-161
80,1911,481,261,96,-166
86,1911,479,230,139,-158
93,1911,477,212,243,-156
97,1912,480,217,559,-163
88,1913,473,93,440,-134
83,1912,479,186,435,-143
77,1911,480,161,298,-126
78,1913,484,267,368,-150
73,1912,483,268,436,-197
66,1911,476,203,270,-127
69,1910,472,283,241,-122
71,1913,474,197,209,-79
72,1914,478,223,235,-69
69,1915,485,226,401,-148
64,1914,486,185,170,-178
64,1911,483,286,136,-169
70,1911,479,214,100,-142
81,1912,478,225,249,-94
84,1913,482,274,350,-38
73,1912,476,229,346,-83
65,1910,479,262,188,-93
61,1912,484,312,50,-84
65,1914,484,316,258,-38
63,1915,480,294,68,42
61,1914,476,318,133,-5
58,1916,476,310,39,5
62,1916,477,262,-25,14
62,1915,474,192,107,-24
66,1915,477,135,206,-125
72,1916,484,195,360,-145
78,1916,483,257,361,-123
78,1915,475,231,458,-104
75,1913,470,164,282,-57
76,1911,467,223,385,-91
81,1913,468,205,388,-131
89,1912,477,267,376,-124
94,1913,479,212,569,-103
91,1919,490,81,670,-117
81,1919,496,-32,624,-122
66,1916,493,-92,448,-171
53,1913,492,-15,98,-190
53,1915,491,41,-169,-151
61,1912,483,148,-298,-143
75,1907,473,130,-321,-93
88,1905,472,220,-222,-95
99,1906,470,265,10,-104
105,1909,473,229,277,-111
99,1912,472,285,519,-145
82,1911,473,296,452,-200
69,1910,479,291,279,-178
60,1910,480,307,23,-109
59,1910,485,376,-44,-62
63,1913,486,384,-111,-29
72,1913,492,402,57,-52
79,1916,494,374,221,-47
79,1912,485,391,333,-118
73,1910,481,355,438,-137
65,1911,476,404,249,-119
61,1914,478,342,364,-144
59,1918,486,369,338,-102
63,1917,491,371,111,-59
68,1914,489,363,237,-77
73,1915,483,289,281,-2
70,1917,480,300,199,-35
70,1919,477,261,451,-97
72,1914,475,305,425,-89
73,1917,473,194,482,-88
72,1919,475,108,506,-39
63,1915,473,150,561,-54
56,1916,465,181,545,-63
53,1918,467,205,311,-47
57,1916,464,268,153,-55
68,1914,463,210,180,-46
78,1917,463,190,219,2
77,1916,469,146,279,-11
72,1915,474,156,218,-20
67,1915,477,115,18,-5
71,1917,483,89,57,-3
77,1917,489,29,128,-5
83,1915,492,69,304,-30
79,1913,485,144,249,10
72,1910,476,165,97,3
74,1911,474,126,167,-46
79,1910,469,225,264,-44
83,1912,466,172,470,-24
78,1915,465,181,459,-42
68,1914,470,163,362,-38
62,1913,480,155,196,-66
65,1914,485,106,52,-55
73,1917,490,2,27,-33
80,1919,491,-22,133,2
74,1912,489,54,78,-16
73,1909,484,59,-101,-33
81,1907,483,165,-101,-34
89,1910,479,184,140,-83
98,1911,483,199,323,-136
99,1909,479,189,331,-100
98,1907,477,279,412,-109
97,1906,473,269,331,-81
95,1907,473,293,259,-17
93,1907,479,359,370,-60
87,1910,480,237,369,-55
81,1912,490,263,442,-123
78,1915,492,209,275,-110
81,1915,495,256,289,-111
83,1913,495,262,341,-96
79,1911,492,200,241,-91
75,1913,491,202,202,-88
71,1911,484,290,116,-104
73,1908,479,289,48,-159
86,1912,486,313,376,-109
90,1913,485,335,364,-102
86,1913,479,308,572,-179
79,1911,477,362,360,-172
77,1915,476,314,324,-123
76,1916,472,236,234,-86
81,1913,472,296,345,-86
77,1914,470,298,326,-118
74,1913,474,310,225,-55
69,1912,478,369,154,-52
67,1915,478,295,264,-123
65,1916,481,183,182,-130
67,1916,482,154,205,-127
69,1916,489,211,232,-165
73,1916,488,169,229,-139
76,1913,477,203,206,-117
78,1912,476,216,332,-112
76,1912,476,249,305,-112
75,1913,473,233,310,-92
72,1914,475,225,441,-150
70,1915,477,200,418,-86
63,1916,476,233,298,-116
61,1914,477,237,265,-106
60,1914,471,187,91,-109
69,1911,475,277,163,-138
74,1914,476,245,80,-116
77,1915,475,224,78,-113
83,1915,475,246,200,-84
81,1914,474,199,242,-56
76,1912,477,196,453,-85
66,1915,482,149,136,-136
65,1913,482,195,31,-101
72,1912,485,193,35,-158
86,1912,490,298,98,-56
92,1914,482,278,430,-44
82,1914,472,199,571,-139
72,1911,473,176,504,-105
64,1912,475,238,284,-117
68,1916,483,269,491,-194
68,1919,484,136,168,-81
70,1915,482,305,266,-97
71,1914,473,217,293,-121
71,1915,475,207,280,-64
69,1913,471,193,301,-104
70,1912,476,220,485,-122
67,1916,478,135,207,-82
65,1916,482,184,168,-69
64,1913,484,234,243,-114
67,1912,482,265,75,-79
75,1912,477,298,242,-137
79,1914,471,287,365,-91
75,1916,467,203,400,-63
69,1914,469,201,361,-39
61,1913,473,200,208,-40
61,1917,483,215,255,-82
59,1918,484,247,89,-109
61,1916,486,285,154,-113
66,1916,480,287,104,-107
71,1914,476,304,278,-50
71,1914,467,252,196,-49
72,1916,472,186,321,-63
70,1917,479,224,312,-28
65,1917,477,293,168,-37
61,1917,478,236,158,-48
59,1917,475,295,25,-50
62,1915,473,209,84,-15
63,1915,474,196,93,-50
70,1915,474,137,125,-60
77,1915,477,204,332,-90
80,1914,481,268,585,-121
75,1913,474,195,353,-14
71,1913,470,237,411,-13
67,1913,469,244,324,-1
63,1917,469,189,195,-42
68,1914,472,256,388,-96
74,1910,469,357,322,-112
83,1910,471,346,463,-99
89,1910,466,432,418,-96
100,1911,473,430,735,-109
98,1916,466,215,883,-125
86,1918,468,269,1014,-73
60,1919,473,221,732,-24
42,1913,481,318,286,-28
46,1915,491,280,104,-3
53,1921,495,170,31,-17
58,1921,491,127,62,-20
56,1922,488,-2,80,-84
59,1919,484,123,-49,-151
69,1917,476,65,187,-97
74,1911,463,104,305,-56
75,1913,462,178,481,-64
69,1914,463,241,180,-102
69,1917,458,206,188,-105
68,1917,457,172,217,-27
62,1915,459,180,146,-17
62,1915,463,167,208,-7
64,1915,466,191,123,-71
71,1912,473,241,197,-74
79,1915,477,210,189,-60
79,1916,478,232,278,-45
74,1917,483,104,246,-37
69,1914,488,199,276,-39
63,1913,485,161,74,-73
65,1915,489,167,31,-123
75,1916,486,162,64,-109
84,1914,488,184,377,-89
80,1915,483,155,152,-33
77,1913,479,139,322,-31
69,1913,475,103,220,-89
66,1913,476,190,81,-92
71,1913,479,117,153,-110
77,1914,478,202,148,-62
75,1913,470,203,150,-26
72,1913,468,310,258,-77
72,1910,470,276,156,-64
76,1909,468,269,217,-89
81,1915,475,209,425,-96
80,1917,482,193,335,-65
75,1913,482,181,343,-43
69,1913,482,191,197,-54
67,1915,485,122,273,-97
70,1913,487,128,153,-84
80,1915,491,134,580,-148
81,1913,488,-29,375,-90
85,1910,482,-103,542,-122
97,1917,487,-593,770,-56
116,1931,505,-1134,1070,-15
119,1917,498,-1013,1142,-173
113,1906,488,-2171,1236,61
77,1947,548,-2574,-447,855
18,1960,622,-4151,-1793,1079
-2,1916,706,-5217,-1621,579
3,1853,799,-5718,-1319,127
22,1810,885,-6075,-1109,-180
57,1786,977,-6098,322,-372
83,1750,1074,-5979,1825,-323
102,1698,1153,-6179,3177,-271
116,1640,1210,-6040,4912,-221
98,1583,1242,-6162,6043,-56
60,1541,1328,-6753,6100,718
-29,1463,1363,-2306,6406,1370
-188,1404,1158,741,3600,759
-248,1404,1038,3264,1277,1692
-119,1517,882,1960,4690,3290
-141,1496,888,6385,1232,3319
-309,1603,824,8963,4702,2375
-537,1738,643,11225,-4068,2604
-550,1919,529,13710,-4570,2954
-528,2054,198,14299,-10462,3215
-303,2134,-85,16062,-14933,2753
228,2211,-276,16201,-13039,3061
777,2145,-353,15010,-6879,3469
1101,2005,-317,13468,-709,2376
1097,1940,-196,11632,4670,1194
810,1940,-96,10377,6315,634
369,1981,-53,9334,2464,-371
84,1942,-22,10564,-5261,117
235,1909,-53,10431,-7893,2558
519,1876,-89,9054,-4885,4675
684,1836,-88,8407,-2413,4965
714,1934,-55,6293,2237,3456
611,1976,16,6602,4175,1377
544,2025,-23,5793,3622,990
368,2134,-38,4579,5206,254
103,2212,-67,3891,2643,-143
-69,2231,-30,2225,627,919
-217,2170,-65,1553,-66,2244
-331,2115,-207,-1913,-6163,2092
-177,2056,-374,-1121,-7834,1341
56,1944,-667,-561,-8868,734
263,1933,-839,-1041,-6307,-515
374,2017,-801,-1992,-3234,-2067
507,2046,-613,-1686,-2843,-2573
851,1884,-531,-307,-2117,-775
1102,1791,-627,1063,-85,68
1146,1883,-589,591,5151,-1203
963,1965,-565,-498,8138,-2076
651,2013,-427,-1678,7205,-2956
406,2066,-260,-3206,5200,-3920
291,1997,-202,-4419,3032,-4050
242,1871,-275,-3694,-3942,-2986
338,1893,-206,-3309,-3800,-2186
337,1994,-140,-5059,-196,3
93,2005,-54,-4512,-2932,227
0,2059,56,-5480,-5668,-704
144,2038,194,-5899,-4662,-1163
351,2004,132,-4894,-2506,-238
497,1998,121,-6000,-232,-233
569,1978,80,-7607,4999,-488
430,1960,-48,-7821,4255,-844
440,1953,-78,-6831,4569,-982
599,1943,-131,-7534,6337,-30
706,1930,-204,-8529,8698,959
655,1943,-227,-10141,10957,-87
480,1975,-207,-8821,12089,-2358
334,1993,-249,-9515,10095,-3248
286,2065,-189,-10372,7906,-3076
354,2190,-73,-10869,9488,-3296
301,2220,-23,-11733,10836,-3463
58,2184,108,-11400,8526,-4935
-252,2060,233,-10097,4297,-5630
-420,1987,468,-8225,835,-4534
-443,1832,615,-7074,-1626,-3199
-401,1751,761,-6159,-4313,-2852
-237,1678,852,-5645,-5750,-2941
41,1628,943,-4164,-4047,-2401
234,1643,977,-2694,261,-1258
90,1681,988,-1298,2581,-953
-245,1698,937,527,349,-412
-521,1701,895,2246,-4175,-359
-547,1716,867,3627,-6995,-1338
-319,1711,863,4021,-7965,-1302
3,1676,898,4208,-4924,-1368
287,1619,939,3603,-1409,-1623
479,1573,948,3006,2441,-1416
501,1573,960,2113,6605,-1371
358,1611,936,1717,6397,-874
151,1671,938,1547,6862,-468
-126,1709,897,1462,3018,-120
-307,1737,866,1444,834,428
-428,1747,831,1621,-2221,1158
-476,1748,792,1668,-5464,1552
-404,1750,773,1544,-7165,1452
-259,1774,773,1300,-7163,860
-67,1779,827,1009,-5132,448
78,1793,867,962,-1681,-109
145,1807,870,1105,985,-393
143,1807,822,1193,2669,-672
123,1780,746,1470,3134,-342
77,1773,707,1918,2426,294
47,1801,717,2563,3124,597
11,1842,713,2485,3107,517
-38,1863,694,2671,3058,203
-105,1866,661,2350,3012,-137
-146,1859,630,2101,1833,170
-159,1855,600,1654,1588,388
-173,1869,583,1445,1509,439
-208,1862,568,1361,593,24
-227,1850,573,1394,250,-160
-222,1827,582,1549,-760,-342
-174,1824,602,1113,-1662,-73
-122,1820,633,1263,-2273,41
-69,1840,656,1145,-2042,76
-37,1881,671,514,-1680,-176
-20,1948,709,-220,-1488,-487
36,1945,717,-329,-1093,-513
91,1887,670,-238,-724,-58
69,1858,624,-115,-139,-125
2,1856,582,164,-447,-524
-37,1853,561,480,-833,-690
-15,1850,565,490,-907,-552
9,1842,571,108,-113,-612
-13,1865,581,-215,-29,-723
-28,1919,613,-471,39,-804
-16,1898,595,-18,-972,-558
-28,1861,540,395,-1030,-366
-46,1848,528,565,-1249,-101
-43,1850,524,733,-1971,31
-46,1868,549,535,-1895,-71
-30,1890,594,629,-2067,-308
27,1882,626,736,-1867,-225
77,1862,626,770,-1412,76
93,1859,640,406,-1178,145
87,1880,684,-21,-609,-208
53,1898,695,-142,-45,-787
43,1888,677,-83,8,-988
83,1860,654,-121,-269,-508
121,1850,627,-143,390,-151
146,1860,619,-50,759,45
156,1864,603,-66,1418,301
124,1868,592,140,2028,413
56,1874,582,289,2101,267
-2,1877,567,294,1429,284
-54,1880,571,516,768,264
-89,1882,571,399,90,136
-85,1877,573,421,-116,-16
-68,1877,572,230,-94,-191
-35,1886,586,142,-88,-208
-6,1886,578,247,258,-149
5,1879,571,195,279,-67
2,1875,567,315,35,66
8,1878,571,383,96,83
25,1881,579,364,311,157
38,1883,587,320,656,209
30,1877,579,414,798,265
-9,1877,564,419,645,195
-34,1882,565,422,446,80
-30,1881,569,426,332,77
-22,1885,575,145,270,155
-27,1888,581,130,134,155
-32,1877,582,193,-1,153
-28,1873,592,180,-235,126
-17,1871,612,92,-69,15
-7,1873,618,281,-336,13
9,1874,618,112,-311,40
25,1873,620,167,8,-4
34,1869,604,377,167,-16
37,1872,591,399,120,33
43,1875,583,244,375,60
35,1877,588,134,374,90
19,1873,583,208,485,-3
13,1873,590,233,108,61
12,1877,592,260,242,-41
13,1881,584,226,97,-115
19,1877,580,190,-23,-33
29,1872,583,171,75,-26
33,1875,589,109,330,-31
43,1877,598,25,494,-51
36,1877,606,46,613,-143
21,1872,605,105,733,-247
1,1873,611,105,310,-241
3,1874,615,183,265,-270
6,1873,600,141,48,-136
19,1872,585,221,-67,43
32,1877,581,206,68,89
33,1876,570,306,-46,25
34,1876,574,259,23,-64
44,1878,577,176,241,-70
47,1879,578,180,357,-120
39,1879,567,76,308,-113
30,1875,558,163,178,-89
30,1876,565,145,161,-54
31,1881,568,102,215,-8
28,1879,574,159,163,2
27,1874,576,219,79,-41
27,1874,580,271,-182,-41
36,1872,589,400,-37,31
47,1874,601,312,154,72
52,1874,605,299,386,76
41,1876,603,184,518,-49
22,1868,593,342,166,-54
9,1869,594,375,83,-31
11,1873,598,346,-1,-68
26,1873,603,294,-18,-60
44,1874,604,322,246,-98
52,1873,600,433,462,-97
44,1873,599,377,520,-79
39,1873,600,250,474,-105
31,1877,601,199,355,-84
28,1878,592,245,391,-74
26,1878,585,250,391,-19
23,1876,579,405,202,-25
28,1876,577,285,253,-58
26,1877,574,306,177,-63
26,1882,579,305,270,-103
26,1884,581,196,108,-65
29,1879,584,281,182,-23
24,1880,574,270,-122,42
24,1876,565,464,-8,75
21,1879,561,302,4,1
25,1880,571,354,-110,-70
39,1878,577,395,31,-11
47,1883,578,215,337,-7
51,1881,586,279,650,-56
44,1877,586,184,598,-27
33,1878,591,296,642,-58
28,1878,593,249,330,16
20,1875,588,297,130,22
14,1878,590,239,192,-128
24,1878,594,217,245,-10
36,1879,589,273,333,-78
48,1885,586,142,562,-50
40,1882,577,167,671,-105
27,1881,573,138,435,-38
23,1877,570,202,322,-29
25,1881,568,296,259,-116
26,1883,572,232,167,-139
30,1885,576,87,195,-79
29,1882,580,36,115,-63
32,1876,577,190,51,-43
33,1877,570,214,8,-40
45,1881,573,113,213,-84
62,1889,589,-133,312,-20
83,1894,621,-420,667,-69
71,1898,673,-566,-4,40
62,1919,732,-1549,71,465
61,1948,820,-3734,-1795,1139
141,1896,923,-6389,-789,1267
194,1779,1006,-7232,281,1636
199,1667,1005,-6995,3980,1243
119,1589,968,-6338,4762,430
38,1552,986,-5819,4674,-332
-4,1540,1057,-5309,5471,-769
-40,1542,1143,-5409,6371,-626
-103,1545,1229,-5693,6126,366
-233,1552,1361,-3527,5986,1707
-466,1434,1179,1027,3841,594
-576,1393,992,3104,-642,-382
-418,1435,959,3704,-665,2416
-291,1521,774,5227,559,4182
-265,1753,820,8271,-803,3354
-344,1952,741,9138,53,2505
-530,1982,543,10289,-4715,2631
-656,2026,355,12344,-10125,3146
-576,2129,126,14190,-15591,3243
-181,2175,-113,16122,-18296,3192
425,2185,-296,16424,-15497,3682
1046,2105,-318,15696,-8922,3655
1393,1952,-283,14074,-830,3123
1279,1848,-183,13307,3593,2286
963,1881,-95,11588,6053,2212
437,1924,-22,11696,3775,1593
-93,1997,-6,11276,-4757,843
-306,2000,9,10855,-10242,472
-74,2002,-2,10395,-13090,584
465,1942,25,9310,-12454,965
1052,1878,16,7688,-4612,1566
1291,1911,34,6574,2452,1104
1123,1963,3,5784,6814,-717
755,2067,3,3930,6978,-2412
337,2168,-19,3242,3972,-2103
-38,2130,-123,3266,-205,506
-250,2035,-251,3567,-5786,2262
-77,1978,-272,2272,-7031,3916
204,1895,-403,912,-4397,4201
465,1861,-525,376,680,1357
496,1963,-628,25,3550,-1652
435,2047,-717,107,2691,-3240
498,1992,-763,-579,5185,-1961
480,1933,-825,-702,4477,-345
436,1912,-872,-1507,3233,260
379,1911,-877,13,1232,-1180
485,1879,-847,-149,1864,-1946
559,1869,-785,97,2971,-1704
597,1933,-674,-1096,4635,-1542
567,1996,-567,-2015,5767,-1670
425,2066,-431,-3286,5634,-2412
231,2043,-361,-3782,1973,-2265
110,2031,-279,-4153,-859,-1759
88,2028,-225,-3675,-4966,-740
203,2052,-166,-4026,-3426,-143
199,2009,-133,-4201,-4614,712
178,1956,-32,-4105,-5115,154
373,1991,60,-4730,-3417,-209
726,2010,92,-6895,1593,581
918,1937,0,-8525,7203,774
723,1862,-119,-8364,8200,-900
576,1832,-134,-8108,6046,-1759
722,2003,55,-10346,8429,-1048
804,2019,57,-10873,14708,-1227
580,1846,-142,-12064,15224,-2429
289,1909,-133,-12322,10595,-2852
188,2068,-127,-11658,8728,-4323
245,2097,-289,-11567,6715,-3281
305,2175,-305,-12202,5653,-3412
359,2259,-294,-13279,8086,-4008
250,2244,-175,-12911,7970,-5086
49,2181,-35,-13129,7573,-5763
-211,2066,182,-11594,4891,-5836
-435,1916,390,-9252,994,-5009
-538,1791,609,-5892,-4186,-3355
-432,1714,783,-3694,-8384,-2118
-105,1659,911,-2936,-8426,-1638
278,1576,1021,-2672,-3485,-1903
402,1506,1116,-1466,1563,-1431
199,1487,1127,312,3720,80
-130,1507,1063,2423,330,998
-331,1574,992,4362,-3384,642
-285,1656,882,5511,-5051,738
-161,1668,842,5058,-4513,1276
-60,1623,899,4761,-2989,720
19,1568,944,3794,-189,-688
75,1550,990,3841,2535,-1447
60,1589,967,3821,5298,-1351
-67,1673,929,3708,5336,-1398
-253,1749,870,3448,1806,-1245
-366,1801,861,2853,-1054,-560
-394,1793,877,2916,-3928,297
-317,1761,829,3633,-5909,1139
-170,1771,797,3824,-6034,1793
-11,1797,801,3599,-5140,1854
144,1791,762,3656,-3829,1422
229,1816,771,3073,-1507,610
241,1845,808,2477,1365,-308
193,1849,782,2016,2671,-951
130,1854,737,1194,3412,-926
64,1869,726,520,2896,-636
2,1874,723,699,2561,-340
-45,1861,676,1390,581,8
-46,1868,616,1483,-298,392
-33,1886,575,1420,-1438,716
-2,1890,566,1824,-403,680
31,1895,552,2003,-59,328
53,1891,513,1922,61,139
62,1894,480,1779,424,-173
62,1903,473,1704,251,-57
52,1899,465,1604,438,-13
37,1906,489,1468,429,-73
22,1915,516,1163,-512,-38
24,1917,550,722,-709,-21
40,1921,566,203,-718,-51
63,1930,601,-189,-75,-74
74,1932,632,-483,204,-50
61,1928,627,-949,251,25
51,1907,599,-679,622,-130
46,1896,563,-499,94,-115
43,1904,536,-389,-201,-218
50,1908,498,-133,86,-164
50,1905,447,86,-88,-44
47,1893,415,534,213,-224
40,1900,415,458,2,-275
51,1892,423,774,206,-299
83,1898,442,698,387,-131
101,1901,448,679,84,122
93,1895,450,824,-29,343
72,1900,463,935,-169,326
52,1911,477,743,-285,316
40,1905,492,700,-380,246
42,1913,510,623,-324,142
49,1918,531,450,-537,32
59,1911,542,294,-387,-68
74,1914,542,91,-225,-157
97,1916,541,-43,66,-260
117,1904,531,218,293,-163
126,1899,520,403,720,-148
114,1897,500,440,705,-190
110,1907,483,312,896,-353
110,1906,480,339,878,-279
95,1904,470,505,1077,-148
75,1908,480,524,1210,-50
48,1909,482,496,819,20
29,1914,488,562,361,29
13,1923,485,580,-9,-28
16,1914,467,837,-22,-97
31,1914,459,649,-127,-35
54,1915,461,628,-106,-99
75,1923,463,609,96,-69
76,1915,456,588,171,-51
72,1911,451,824,302,-64
65,1914,457,592,107,-79
56,1924,479,523,256,-48
44,1930,503,345,207,-148
37,1932,525,15,95,-154
38,1940,535,-245,-204,-86
41,1932,525,-412,-151,-167
48,1915,509,-126,-574,-22
66,1904,483,171,-396,-70
97,1902,457,460,-35,-27
109,1902,433,589,250,62
103,1908,427,597,642,40
90,1912,427,836,1083,-2
72,1919,437,769,938,-115
62,1922,447,786,826,-148
51,1922,442,855,913,-147
42,1926,447,611,604,-83
39,1929,436,503,170,52
38,1929,430,248,120,95
40,1934,438,345,215,-25
49,1924,436,329,37,23
64,1919,423,249,252,-101
79,1920,441,507,316,-84
89,1923,447,323,450,-117
91,1924,448,272,44,-58
97,1928,451,106,446,-30
88,1924,453,166,690,-68
69,1919,445,82,457,-108
65,1922,452,225,572,-170
59,1926,460,10,400,-123
55,1931,467,67,449,-97
50,1930,474,44,161,-116
54,1924,470,-8,327,-113
54,1923,462,89,106,-175
55,1924,446,-34,47,-150
57,1922,442,-8,187,-72
57,1920,441,-32,90,-39
63,1922,453,19,-14,-12
62,1919,451,68,129,-71
61,1923,459,24,36,-45
60,1920,459,-33,-79,19
64,1919,457,152,185,-68
60,1922,456,105,24,-143
67,1915,444,224,20,-132
75,1916,438,152,232,-162
80,1922,445,91,207,-53
83,1917,438,267,414,-52
74,1911,432,345,153,-61
72,1916,434,376,297,-65
74,1919,434,383,315,-46
73,1919,445,365,476,-69
68,1924,458,310,316,-7
59,1922,471,255,479,-109
50,1924,473,170,0,-28
47,1925,477,35,87,-27
46,1926,479,13,-1,-47
48,1924,487,53,-147,-118
56,1921,488,2,-323,-67
68,1915,479,77,-348,-63
85,1917,468,110,-180,-119
108,1918,465,163,385,-178
115,1918,440,57,518,-132
103,1911,435,289,810,-189
84,1909,429,333,477,-95
77,1908,437,446,500,-117
73,1918,447,411,211,-47
71,1920,454,298,499,-69
59,1926,462,168,266,-70
46,1925,466,105,173,-52
40,1921,467,277,1,-82
49,1921,465,231,-206,-45
67,1920,458,242,-140,-17
79,1920,456,244,188,-19
74,1924,456,77,183,-52
60,1920,445,209,-85,-91
58,1920,452,206,-64,-168
78,1923,453,139,158,-141
83,1916,436,282,12,-90
83,1908,434,276,-13,17
80,1912,429,470,-131,9
81,1912,425,800,-261,61
85,1906,422,720,128,36
82,1908,429,930,43,19
95,1916,453,796,373,52
96,1932,478,548,351,51
87,1935,489,556,835,-84
63,1935,489,425,611,-130
45,1936,492,159,178,-154
41,1932,488,197,126,-145
47,1928,477,-50,237,-160
68,1925,472,6,181,-169
90,1932,471,24,612,-77
86,1928,466,-44,771,-107
64,1928,451,-173,412,-221
53,1930,452,-131,538,-298
55,1926,443,-180,272,-233
73,1928,455,-581,520,-138
79,1943,487,-1089,727,-195
77,1959,545,-1915,1191,-550
81,1965,634,-3548,1409,-927
98,1947,764,-5359,1104,-1335
168,1946,916,-6786,973,-874
193,1960,1035,-7873,1237,-190
141,1918,1041,-9815,2739,-315
51,1808,964,-9938,3270,-900
-30,1675,918,-9384,3919,-1226
-112,1581,940,-8552,3541,-1077
-157,1567,998,-8058,2416,-517
-192,1545,1065,-7567,1186,-40
-207,1492,1120,-7439,1024,327
-182,1449,1230,-7267,2012,934
-207,1400,1367,-4129,3887,1446
-275,1315,1195,2668,2782,914
-248,1373,1042,3918,4060,-158
-123,1423,723,1213,2725,3422
-225,1535,845,6284,1872,4351
-426,1771,869,8284,279,3394
-669,1895,707,8802,-3131,3407
-848,1924,611,12693,-9592,4162
-788,2044,300,14381,-15614,3644
-464,2176,53,16260,-18462,3116
62,2278,-169,16756,-18127,2618
705,2260,-276,16067,-13322,1568
1280,2091,-340,15333,-5683,1148
1561,1878,-373,14325,799,1873
1500,1812,-331,13495,4674,3038
1131,1813,-233,12761,6481,3947
472,1901,-64,12077,5657,3563
-409,2029,120,11165,-595,1695
-922,2095,152,12039,-13361,-1119
-573,2106,70,10583,-19044,-1116
147,2037,-32,8992,-19474,506
827,1929,-108,8511,-12980,1613
1225,1908,-71,6885,-6819,1595
1317,1955,-31,5521,338,114
1144,1981,-1,5270,3413,-867
825,2031,-59,5237,4308,-526
400,2031,-186,5503,408,88
120,2040,-284,5542,-4114,1351
20,2034,-307,4855,-6961,1363
152,1995,-359,3948,-7784,481
493,1925,-437,2591,-3430,317
827,1899,-475,1210,664,686
954,1943,-434,-2969,8764,827
677,1888,-586,-3987,11159,929
160,1837,-798,-2123,6160,381
-131,1910,-993,-985,2051,-2808
-8,1959,-1092,-737,2333,-3618
217,1954,-1049,-1291,3765,-2549
466,1908,-931,-1267,6549,-1208
514,1896,-823,-1845,8424,-967
455,1927,-706,-1603,8515,-2273
392,1973,-607,-1530,7615,-3181
339,1993,-484,-2253,5977,-2695
319,1994,-385,-2849,4624,-1215
274,2064,-301,-3309,4235,-1175
219,2094,-307,-3353,1609,-1014
194,2032,-323,-2692,-200,-480
172,1966,-335,-2540,-2171,262
273,1987,-240,-2319,-3347,-48
546,2049,-164,-4270,348,633
615,2037,-174,-5466,3519,1406
513,2087,-207,-7140,5503,236
402,1961,-315,-7158,5639,-1413
323,1886,-307,-7992,3955,-1444
488,2002,15,-8853,4683,-1232
677,2087,-4,-11176,10306,-959
516,2052,-14,-12285,11335,-2541
286,1959,-147,-12173,7493,-2756
282,1913,-105,-12485,5208,-2866
406,1937,-164,-13952,6768,-3431
368,2016,-278,-13514,4550,-3814
432,2127,-222,-12448,4621,-4738
491,2169,-153,-12982,7999,-6062
352,2097,-48,-12102,9811,-7217
44,1961,131,-11466,7150,-7247
-229,1825,394,-8970,2454,-5479
-365,1693,709,-5263,-2751,-2887
-280,1627,849,-3259,-6953,-2111
-27,1597,955,-2240,-7474,-1531
284,1525,1034,-1345,-3849,-1507
278,1451,1076,-214,-764,-527
22,1468,1077,2289,-1350,1384
-139,1538,956,4284,-2864,2228
-182,1634,834,5360,-4241,1501
-167,1677,817,5743,-3743,335
-131,1642,848,6167,-2764,-242
-76,1601,919,6205,105,-674
-63,1611,970,5764,1587,-1513
-87,1696,996,4832,4127,-2585
-147,1781,1005,4165,4921,-2848
-222,1843,980,3685,2839,-1884
-271,1890,970,3165,1148,-848
-291,1906,900,2863,-1556,-13
-248,1898,846,2790,-2681,806
-192,1868,746,3260,-3113,1412
-117,1860,650,3836,-3188,1592
-39,1877,612,2981,-3408,1513
37,1889,596,2945,-2354,875
114,1941,589,1996,283,405
129,1946,586,2006,1584,440
108,1914,540,2464,2797,77
69,1916,496,2576,3278,-52
0,1916,425,2307,2751,247
-95,1915,318,2174,1683,304
-152,1911,326,2122,365,-36
-119,1906,374,2210,-1133,258
-58,1934,384,2286,-1615,565
11,1986,423,1522,-1054,363
78,1983,457,1039,-444,171
104,1965,460,450,514,-74
96,1966,481,-265,425,-130
88,1967,508,-1061,901,-127
69,1975,506,-1461,592,-232
47,1983,514,-1681,-27,-292
39,1968,510,-1634,676,-489
36,1955,492,-1961,276,-404
36,1942,462,-2252,-130,-40
27,1922,439,-2115,260,-234
21,1929,457,-2237,167,-306
37,1932,487,-1881,175,-236
23,1929,493,-1853,557,-299
2,1917,495,-1726,440,-432
-19,1892,499,-1601,-213,-205
-28,1885,506,-1445,-390,-359
6,1894,542,-1072,-184,-417
36,1902,563,-1648,361,-586
39,1909,591,-2171,524,-715
30,1903,604,-2032,818,-807
10,1878,592,-2129,600,-756
10,1859,593,-2130,148,-530
14,1855,612,-1910,-305,-459
33,1845,614,-1349,1,-347
48,1843,594,-919,108,-176
48,1856,581,-1071,-39,-202
68,1861,572,-677,565,-71
64,1866,541,-482,575,-207
69,1859,503,47,998,-84
60,1869,471,111,1278,-23
48,1882,463,152,1155,39
30,1889,461,294,1323,-52
7,1892,464,523,769,-82
-3,1897,481,577,438,-105
-3,1886,473,617,158,48
7,1874,488,763,23,121
26,1875,504,865,143,249
57,1873,539,751,258,431
66,1872,579,577,537,499
47,1869,604,475,699,359
19,1862,629,459,733,275
-11,1871,659,274,288,210
-31,1871,677,-167,-68,104
-41,1865,662,-69,-272,17
-37,1869,658,-106,-338,-75
-16,1878,659,-157,-510,3
5,1865,633,-187,-468,-21
27,1858,616,-163,-552,14
53,1855,620,-38,-213,72
63,1857,627,-84,76,116
58,1854,636,184,231,87
47,1856,639,120,171,115
24,1859,652,200,170,40
11,1861,645,212,382,-46
15,1859,646,303,133,-7
19,1856,634,309,148,-95
25,1863,645,381,282,-54
27,1865,629,302,281,17
31,1862,627,342,582,5
36,1865,632,396,379,35
29,1869,627,414,465,-14
10,1871,614,267,195,-23
-6,1871,600,332,20,-67
-14,1868,603,296,-166,-118
-3,1866,605,142,-326,-15
8,1873,598,96,-518,-24
21,1872,603,205,-445,-143
35,1863,597,256,-520,-170
54,1863,605,255,-381,-163
69,1866,603,214,-267,-56
74,1860,600,507,-240,13
69,1854,597,584,-82,-72
80,1851,594,755,6,-49
90,1861,593,672,203,-15
94,1865,608,665,499,40
83,1864,606,719,557,105
65,1865,598,785,592,119
45,1864,588,723,606,107
29,1871,588,672,319,58
19,1869,581,889,211,-32
22,1874,585,778,107,44
24,1879,583,715,158,36
32,1879,588,645,277,-2
40,1879,603,637,382,-30
36,1875,613,638,278,-74
26,1875,616,618,253,-218
30,1882,623,440,87,-90
43,1880,618,394,32,43
48,1874,603,425,-118,4
64,1874,605,636,75,-43
73,1875,590,608,209,68
70,1879,568,671,673,-94
81,1880,557,642,937,-84
86,1887,557,712,1092,-99
71,1882,538,581,1379,-108
49,1885,540,571,1206,-60
25,1892,554,463,979,-144
4,1894,563,352,717,-179
-13,1894,570,201,153,-144
-13,1892,572,203,76,-84
-1,1893,585,102,3,-101
13,1893,591,221,-11,-179
24,1892,591,158,-41,-202
42,1888,585,120,282,-229
45,1891,571,-86,267,-169
40,1883,562,18,354,-148
33,1882,562,145,117,-249
38,1883,566,234,294,-258
41,1883,558,141,205,-240
56,1879,544,302,387,-189
66,1880,537,384,567,-149
62,1887,530,387,573,-161
46,1887,524,458,585,-184
32,1886,533,502,650,-190
17,1886,533,577,461,-227
-8,1893,541,467,128,-255
-34,1893,532,503,-184,-431
-46,1895,538,565,-575,-365
-34,1894,548,490,-853,-273
14,1895,560,379,-602,-147
54,1892,571,278,-273,-55
74,1890,577,222,94,-85
76,1888,573,325,368,-97
71,1886,568,208,480,-11
59,1886,566,303,463,69
39,1885,547,402,548,47
25,1885,536,442,368,1
22,1889,542,548,378,-28
23,1896,542,512,585,0
22,1899,549,282,664,-12
7,1898,538,228,521,-38
-19,1901,543,151,403,-205
-42,1903,556,239,-71,-293
-27,1900,562,73,85,-239
-2,1896,549,28,-261,-97
30,1895,538,-241,37,-38
59,1897,551,-291,441,-109
73,1900,559,-425,737,-128
63,1898,570,-801,1020,-196
32,1912,611,-1271,1075,-422
7,1919,646,-1905,874,-658
-3,1914,677,-2886,51,-640
-11,1912,736,-4330,-2154,-301
38,1886,827,-4366,-606,468
17,1826,844,-4278,-846,1026
5,1817,799,-5560,-1834,1189
48,1755,831,-5805,-1213,1091
82,1712,935,-6314,1271,457
77,1670,1048,-6679,2886,-36
38,1620,1156,-6924,3699,-296
-52,1555,1234,-6843,3782,-553
-155,1509,1271,-6838,2635,-146
-252,1492,1385,-3250,4992,967
-394,1420,1149,-395,3797,-15
-354,1401,882,3072,69,-10
-176,1573,884,1742,2738,2940
-155,1618,799,5526,2339,3328
-137,1721,887,6713,2782,2946
-397,1811,764,6934,1992,2348
-736,1832,723,9851,-4511,3133
-909,1914,475,11580,-11969,2922
-728,2010,254,15123,-18170,2840
-212,2103,-43,16841,-19715,3211
568,2174,-240,17273,-15945,3603
1352,2055,-328,16002,-7432,3315
1673,1841,-310,15333,705,3087
1562,1762,-231,14622,6027,3549
1151,1808,-138,14571,7669,3906
479,1893,-28,13597,6042,3666
-329,1962,93,13570,-4839,2666
-637,1997,114,12980,-13073,1828
-307,2032,90,10925,-13914,2534
208,2007,59,8986,-12931,2491
725,2004,51,7106,-8951,2179
1118,2008,66,5214,-2832,1542
1268,2001,-19,4770,3546,-292
1057,2077,-14,3621,7070,-1381
493,2116,-63,4342,5295,-795
9,2181,-71,4913,-3090,618
-25,2144,-163,4550,-7026,1769
200,2046,-272,3406,-5903,2936
244,1955,-425,474,-3638,3009
122,1951,-513,-638,-4822,-27
324,1971,-517,-1598,-4963,-896
610,1919,-620,-1039,-2062,498
760,1857,-751,-1461,1132,1819
677,1833,-869,-2391,4156,1354
458,1779,-941,-1699,2043,201
419,1822,-991,-1017,3631,-586
372,1846,-1048,-390,3543,-2389
448,1915,-973,-421,6614,-4108
521,1948,-932,-854,8894,-4664
585,1922,-858,-677,9702,-4290
545,1921,-809,-768,8713,-3961
470,1960,-654,-1520,7525,-3930
352,2037,-503,-2948,4855,-3713
259,2005,-362,-2877,1892,-3263
356,1953,-250,-2783,-720,-2240
591,1900,-123,-2519,-1001,688
653,1942,-172,-2527,4276,1468
649,1949,-139,-1849,1496,1156
755,2021,29,-2462,4908,899
698,2034,-23,-3752,9292,-1820
533,2015,-67,-5736,9986,-3416
370,2044,-24,-6281,11856,-4670
250,2013,-27,-7546,10368,-4257
130,2015,-66,-8152,6737,-2763
115,1997,-41,-8501,4824,-1502
129,1994,-65,-9769,2970,-1068
160,1978,-60,-9844,2448,-1396
216,1967,-103,-10509,1889,-1664
248,1978,-85,-11858,1707,-2702
290,1974,-15,-10974,3427,-3927
277,2017,-90,-12228,3208,-4628
330,2059,-63,-11848,3130,-5461
303,2059,3,-12327,3895,-6593
154,2030,84,-11760,3006,-6658
-59,2009,204,-10635,-20,-6333
-117,1955,381,-8693,-1693,-4772
-83,1864,537,-6689,-3234,-2797
-53,1817,625,-4976,-3823,-1688
15,1781,698,-3366,-4213,-1134
35,1732,759,-1507,-2807,-281
-34,1717,804,972,-1942,944
-135,1723,799,2435,-2394,1087
-214,1727,780,2988,-3368,54
-242,1696,779,3398,-3954,-684
-212,1658,844,3602,-4178,-716
-123,1616,938,3990,-3422,-424
-11,1608,1004,4054,-1202,-590
66,1640,1028,3925,1217,-1132
35,1664,988,2881,2218,-1296
-73,1693,927,2353,2263,-1132
-170,1766,892,2384,76,-944
-167,1836,895,2531,-1077,-725
-73,1846,812,2654,-2039,-8
-17,1838,690,2621,-2793,249
28,1830,681,2585,-2454,726
69,1832,688,2071,-2806,1474
115,1839,728,1729,-1023,1165
129,1850,761,1717,376,449
97,1860,804,995,1070,-335
62,1868,817,615,2096,-787
16,1878,760,37,1783,-1008
-17,1865,719,-43,1367,-1221
-34,1868,683,8,16,-964
-16,1860,622,110,-268,-691
18,1851,574,406,-583,-289
67,1864,571,298,-379,124
77,1878,568,128,-656,295
84,1882,575,230,0,102
84,1896,591,277,870,-209
57,1889,556,488,1129,-304
33,1885,520,270,541,-236
28,1896,517,-4,544,-155
23,1899,516,-133,226,-98
13,1883,515,70,328,-48
5,1887,533,66,-211,-88
19,1888,548,274,-234,-230
52,1887,564,238,105,-263
82,1876,554,327,61,-43
113,1876,574,95,412,200
131,1870,563,192,925,405
130,1886,562,-20,1401,578
95,1889,564,40,1728,331
34,1885,557,213,1496,38
-19,1889,564,310,1305,-207
-41,1894,557,264,832,-260
-39,1891,548,236,438,-204
-26,1891,543,185,360,-275
-2,1894,540,281,635,-281
10,1897,521,187,604,-186
4,1904,530,183,510,-223
-14,1898,519,249,-372,-127
-11,1896,530,178,-816,-20
8,1891,535,431,-720,-118
43,1886,546,295,-521,-42
68,1883,554,209,-32,-63
83,1885,559,158,319,-34
79,1888,562,-30,817,-143
55,1884,560,70,750,-149
28,1882,557,243,612,-90
7,1882,556,269,258,-27
1,1887,561,302,175,-28
33,1881,581,370,250,79
70,1882,584,284,409,235
85,1881,571,381,1074,96
78,1882,548,385,1127,144
84,1881,544,404,1132,406
85,1886,531,457,1445,464
59,1883,535,513,1275,435
32,1884,541,694,1243,265
6,1887,546,585,982,188
-3,1887,546,530,796,125
0,1886,551,567,784,132
-3,1885,549,574,785,76
-4,1890,546,580,527,62
3,1893,538,539,324,175
10,1895,543,508,316,193
18,1896,549,486,278,267
17,1896,552,431,451,195
1,1902,545,397,402,74
-9,1899,529,452,232,-52
-18,1896,528,600,88,-162
-6,1902,530,538,60,-151
-9,1904,515,278,-49,-211
-7,1900,520,262,-210,-120
3,1901,526,298,-215,-68
10,1896,528,384,-432,17
27,1900,546,283,23,18
27,1894,539,405,-133,22
32,1895,543,492,-7,-78
38,1897,544,279,141,-130
37,1895,548,295,91,-79
46,1896,558,58,258,-6
50,1889,556,51,323,12
47,1891,573,170,463,-41
39,1891,568,132,373,-27
27,1888,557,377,291,-75
26,1887,551,343,139,4
37,1892,557,236,121,17
50,1900,555,96,488,-46
66,1893,541,234,870,-118
79,1893,540,232,666,-43
89,1899,537,129,786,81
88,1898,528,86,1061,143
68,1894,519,83,1067,137
40,1889,518,234,653,122
19,1897,514,281,359,84
10,1904,509,260,106,43
15,1902,511,208,37,32
23,1898,504,256,194,-35
31,1897,511,283,244,7
37,1896,524,330,-81,56
36,1899,540,229,42,-36
34,1896,540,293,95,-92
32,1896,547,249,121,-144
36,1895,553,168,-39,-99
46,1895,559,210,49,-149
51,1893,551,215,-54,-55
51,1889,544,299,231,-120
55,1893,539,229,197,-118
62,1897,535,331,508,-153
55,1899,533,229,595,-177
44,1894,531,203,497,-119
32,1898,529,148,384,-199
36,1896,532,84,215,-191
42,1899,529,47,332,-175
46,1894,523,186,234,-107
34,1894,522,146,203,-94
29,1897,534,199,409,-176
30,1892,533,144,-48,-126
38,1894,539,191,148,-197
44,1897,548,6,238,-135
41,1889,545,158,204,-109
34,1892,547,116,194,-159
27,1897,544,142,208,-176
22,1895,545,221,35,-171
18,1898,546,128,60,-148
21,1896,538,214,-194,-93
24,1894,523,179,-249,-106
37,1894,525,372,-95,-88
50,1895,515,411,113,22
53,1897,513,279,360,36
42,1899,518,266,165,14
38,1895,523,388,263,-62
45,1900,531,381,340,-88
46,1897,528,293,563,-120
41,1900,529,169,457,-77
33,1896,531,188,221,-105
37,1900,535,212,355,-79
41,1900,524,131,366,-70
42,1897,521,40,412,-9
42,1897,539,28,569,-7
35,1894,553,175,349,-61
20,1897,557,58,262,-164
9,1889,532,82,-25,-180
21,1895,520,146,-76,-86
43,1897,523,156,134,-27
57,1897,529,133,75,62
61,1899,543,65,465,-55
44,1890,541,253,403,-143
35,1887,548,354,237,-147
37,1896,552,231,198,-139
42,1898,554,115,248,-19
40,1892,550,126,259,-19
36,1889,550,129,136,-37
47,1896,547,31,235,-75
47,1898,543,45,218,-172
42,1897,525,90,383,-213
39,1897,528,-96,344,-113
31,1899,544,-312,296,-205
31,1908,576,-643,214,-418
14,1920,616,-974,-446,-422
9,1941,656,-1863,-313,-208
-4,1940,725,-3475,-1936,501
30,1886,763,-5273,-1757,620
47,1779,820,-6610,-492,406
41,1700,904,-7087,919,-24
16,1660,979,-6812,1222,-295
-25,1619,1050,-6113,1048,-527
-54,1583,1114,-5453,549,-520
-64,1575,1152,-5413,109,29
-55,1582,1279,-3344,3269,1159
-123,1536,1257,-796,2029,1801
-149,1461,1013,2913,1626,677
-18,1544,842,2287,2774,1907
68,1681,670,5797,6448,4256
-127,1822,602,8597,3284,4200
-379,2043,567,10166,1836,3146
-727,2110,350,11650,-4383,2523
-949,2155,112,13636,-11603,2560
-869,2215,-171,15186,-18417,2083
-397,2174,-393,16937,-22112,2380
398,2098,-468,17020,-19791,3313
1263,1917,-402,16834,-11807,4696
1760,1715,-247,16412,-1888,5809
1603,1673,-64,15568,4805,5775
965,1786,118,14019,8270,4282
42,1997,193,12549,-1605,1090
-428,2136,210,11143,-12625,181
-150,2128,164,9305,-13656,1464
412,2035,64,7275,-11523,2071
993,1983,64,5189,-5283,2202
1327,2024,117,3049,2694,622
1214,2056,106,1030,7044,-2075
879,2072,70,580,7453,-3464
544,2037,-48,705,5102,-1707
230,1959,-289,1190,-790,459
115,1999,-354,56,-2767,1916
111,2040,-421,-1233,-4110,2592
183,2022,-447,-1422,-1844,1961
259,1957,-515,-1413,-1857,144
402,1900,-651,-1954,-1911,-1187
557,1849,-749,-925,418,-1685
675,1915,-792,-878,4334,-1060
572,1908,-799,-1230,5618,24
373,1941,-764,-719,2881,-112
298,1935,-687,273,-9,-734
433,1923,-649,420,582,-1255
634,1902,-595,266,3376,-987
698,1889,-564,-453,5938,-730
591,1930,-499,-746,6258,-1131
504,1977,-418,-825,5425,-1529
448,2037,-339,-1364,5789,-2023
368,2024,-270,-2119,4845,-2297
296,2006,-222,-2033,2702,-1762
376,2038,-85,-2532,2598,-1329
437,2025,-78,-2862,1584,-971
427,2021,-80,-2706,2468,-876
302,2001,-135,-2785,2718,-918
257,1980,-156,-2518,-1350,-673
521,1995,-63,-3617,1438,-262
756,1971,-6,-4955,4766,-348
836,1967,-19,-6404,8288,-1135
749,1972,-58,-6476,10140,-2265
524,1976,-116,-7366,9318,-3205
375,1959,-60,-8556,8542,-3467
392,1973,-33,-9468,8174,-3591
398,1960,-38,-9823,7910,-3391
275,1954,-133,-10398,8126,-3455
54,2003,-72,-11292,4912,-4612
11,2028,18,-11408,3048,-6276
100,2048,-73,-11503,1295,-6465
210,2056,-114,-11067,2112,-5442
280,2042,28,-12019,3435,-5489
100,1978,168,-12856,2050,-6560
-49,1887,444,-11057,777,-6159
-127,1802,652,-7455,-346,-3938
-142,1696,747,-5325,-3061,-1796
-95,1671,743,-3968,-3739,-1216
-95,1689,836,-2345,-3124,-1071
-150,1626,948,887,-4015,1321
-195,1557,981,3690,-5665,3409
-156,1594,924,5151,-5180,3349
-140,1652,878,5758,-3319,1371
-174,1650,908,5819,-398,-185
-213,1611,1022,5819,2533,-1323
-273,1606,1108,5926,2490,-2192
-262,1650,1131,5133,3948,-2826
-232,1752,1141,3583,2754,-2172
-234,1838,1096,2230,2170,-2026
-228,1860,959,1743,392,-1499
-165,1841,869,1673,-844,-357
-60,1843,740,1808,-1821,863
25,1860,664,1788,-1711,1384
86,1878,580,1368,-697,2143
79,1879,504,1895,-3,1899
64,1904,487,1894,117,1085
47,1900,521,2027,479,411
23,1898,549,1418,695,-165
36,1897,582,1134,991,-369
63,1887,577,1074,1477,-383
67,1891,560,537,1267,-409
60,1885,532,352,1114,-512
54,1897,538,232,1041,-360
22,1890,530,177,554,-288
4,1889,544,-55,574,-328
-16,1884,550,-33,-635,-132
-20,1891,558,233,-820,-152
-11,1894,543,348,-1082,-44
0,1885,520,615,-1184,169
7,1889,515,570,-1249,363
14,1896,504,401,-1307,447
11,1900,512,289,-1017,263
-13,1905,537,116,-981,-121
-35,1907,554,-17,-1055,-446
-36,1906,586,-105,-952,-633
-25,1896,586,-227,-1283,-618
33,1883,573,64,-1055,-439
90,1881,552,77,-427,10
116,1870,516,682,-325,276
123,1875,494,881,233,369
129,1882,503,1079,440,481
134,1885,502,1427,911,578
116,1892,509,1425,1656,666
67,1898,507,1373,1840,495
-1,1913,516,1058,2069,193
-70,1922,518,1063,1845,-139
-113,1928,509,764,1145,-282
-124,1929,511,524,401,-291
-114,1915,506,274,-67,-228
-83,1914,511,119,-732,-94
-30,1912,534,257,-729,-98
17,1910,550,-60,-534,-33
42,1906,554,-34,-181,-106
40,1909,560,-201,197,-327
26,1913,565,-247,103,-567
8,1918,562,-251,187,-890
15,1903,542,-312,-521,-599
27,1891,520,-30,-526,-388
44,1896,533,-144,-462,-358
71,1898,527,-295,-356,-231
76,1901,522,-282,40,-243
71,1900,520,-152,-38,-254
67,1897,508,-160,-53,-191
43,1895,504,-106,-288,-285
35,1895,495,-85,-186,-233
38,1899,485,-130,-330,-167
42,1897,476,-19,-309,-169
58,1903,476,149,-128,-92
70,1897,475,205,88,0
78,1898,481,204,371,103
72,1898,496,280,710,51
58,1892,519,513,913,36
33,1890,535,423,744,61
13,1893,558,455,553,72
10,1893,570,376,241,265
19,1895,583,388,498,292
17,1894,579,355,482,262
1,1895,567,216,350,232
-15,1897,542,369,143,64
-8,1898,525,374,-12,126
10,1903,526,328,203,57
19,1903,527,358,259,21
21,1902,535,421,370,-110
26,1905,533,327,500,-125
22,1905,531,338,457,-174
17,1907,517,73,309,-33
24,1901,516,107,432,42
23,1900,518,188,216,72
18,1897,518,285,85,-41
25,1898,529,261,44,-96
40,1898,529,291,471,-166
45,1905,524,151,568,-129
33,1904,526,94,777,-58
15,1898,524,257,330,-73
12,1899,520,216,194,-58
16,1902,524,175,258,-90
15,1903,520,165,57,-20
13,1906,527,66,70,-44
17,1901,529,96,-163,10
23,1902,528,156,100,-67
26,1901,534,84,76,-85
28,1901,537,71,151,-106
28,1896,531,125,-30,-131
34,1895,526,262,-179,-92
48,1893,524,311,135,-98
60,1897,524,149,269,2
61,1896,527,328,282,38
51,1899,528,89,198,75
45,1898,530,239,146,41
38,1897,533,234,241,-37
35,1898,529,233,187,-157
41,1899,524,252,151,-120
51,1899,524,354,247,-79
57,1900,516,323,450,45
52,1901,514,250,246,113
46,1900,511,216,359,82
34,1901,525,275,196,80
22,1898,526,287,108,-3
21,1902,530,288,-39,43
24,1904,528,31,144,-13
22,1903,538,155,74,-88
17,1901,539,213,-148,-57
18,1899,530,138,-196,-121
25,1900,527,163,-123,-155
39,1900,525,112,-84,-105
59,1896,528,153,51,-56
73,1891,523,249,212,-41
72,1894,520,319,482,-28
57,1901,520,222,414,-40
42,1897,524,261,169,40
36,1900,536,325,351,-23
42,1903,533,93,346,6
44,1897,531,183,267,-60
46,1901,537,152,364,-103
48,1897,535,204,528,-7
38,1895,527,256,365,-19
31,1899,524,153,194,13
35,1900,526,203,162,47
35,1902,526,93,124,29
36,1900,527,206,261,-63
41,1897,533,178,277,-72
52,1900,536,103,323,12
54,1894,523,243,176,-14
59,1896,524,266,469,-36
53,1902,525,330,387,-32
56,1897,518,473,408,-9
56,1897,518,161,289,16
61,1900,525,203,612,14
62,1899,532,249,522,-17
49,1898,529,339,527,-57
38,1902,526,160,495,-77
32,1898,515,251,97,-32
33,1902,533,100,157,-106
37,1904,539,85,6,-90
42,1901,534,70,237,-124
35,1895,532,92,60,-127
38,1892,523,166,-88,-57
52,1897,518,170,-229,53
67,1896,513,192,20,75
69,1897,514,146,142,79
65,1898,530,35,176,61
63,1898,549,211,416,-16
52,1896,540,141,-10,-91
53,1889,523,254,34,-78
65,1893,526,246,-59,5
77,1894,526,177,197,46
81,1895,527,-13,422,9
86,1905,560,-219,974,-146
92,1911,587,-545,1137,-208
85,1916,609,-743,868,-247
93,1920,682,-1364,305,5
136,1920,775,-2582,620,399
164,1887,783,-2899,13,1529
112,1862,787,-3940,1696,1384
77,1825,785,-4897,1552,1101
69,1796,810,-5769,3185,549
24,1776,852,-6461,4415,-299
-37,1744,919,-6900,4961,-776
-116,1693,1012,-7060,4815,-811
-199,1622,1075,-6831,3305,-750
-248,1578,1220,-5140,2077,623
-314,1523,1326,-2647,2589,789
-355,1438,1126,-498,1346,-476
-236,1479,997,-87,553,629
-133,1583,922,719,1710,2220
-102,1569,842,2549,3844,2413
-114,1576,854,4590,-434,3456
-193,1667,827,5143,2500,2698
-490,1774,783,6622,-1300,2770
-716,1828,676,8899,-7586,3297
-713,1911,460,11017,-14013,3774
-377,2088,206,13252,-15897,3550
73,2179,11,14249,-14921,2948
621,2176,-134,14900,-11462,2586
1137,2113,-226,14503,-5004,2424
1349,1962,-274,13905,321,1640
1278,1883,-241,13827,3822,1430
1008,1879,-187,13319,5621,1189
520,1919,-110,12992,3505,976
14,1971,-13,12680,-1407,389
-312,1978,20,12503,-7873,452
-244,1981,-25,11958,-13454,1099
172,1978,-90,11511,-14583,1987
581,1901,-166,11051,-11717,1600
909,1848,-217,10016,-7413,622
1052,1898,-204,8054,-2305,-702
1021,1987,-134,5760,961,-1740
986,2138,-186,2111,8648,-2438
638,2060,-197,3678,9703,-1463
96,2004,-320,5063,1435,1185
-314,2007,-451,6368,-9220,3379
-271,2095,-447,6656,-12574,3159
61,2053,-436,3797,-11501,3838
329,2061,-400,670,-7839,3552
404,2031,-368,-1244,-5004,2221
448,2049,-376,-3718,-2854,269
488,1988,-475,-3829,-422,-265
487,1956,-641,-2953,3911,-414
347,1899,-789,-2470,829,-922
348,1908,-815,-2549,1424,-1430
410,1917,-760,-4128,1456,-444
401,1893,-741,-4297,2472,363
334,1882,-767,-4350,2246,-163
286,1901,-787,-4606,2773,-773
245,1931,-791,-3814,1255,-1417
312,1974,-740,-3567,1409,-1877
447,1999,-622,-3060,2477,-1936
512,1941,-570,-3333,2648,-1011
500,1969,-498,-3753,3445,-1060
428,1978,-445,-3636,3251,-1208
374,1981,-378,-3191,1653,-1069
370,1972,-273,-3861,425,-534
417,2009,-138,-4707,1155,-200
455,2008,-25,-5428,1526,510
433,1964,-91,-5381,1267,662
529,1965,-120,-5311,1524,654
652,1964,-177,-5987,5654,220
671,1898,-300,-6550,6816,-591
696,1907,-289,-7835,8839,-488
731,1978,-266,-7957,11196,-1351
728,2039,-260,-8831,12793,-1928
637,2078,-211,-10079,14693,-2638
403,2030,-282,-11141,11982,-3384
191,2048,-268,-11531,9375,-3787
102,2093,-190,-11655,6642,-3766
167,2105,-165,-11568,6967,-3245
192,2106,-190,-12274,6436,-3582
141,2106,-45,-12805,6895,-5734
33,2009,77,-11876,6147,-6361
-176,1913,312,-8807,3339,-5406
-361,1845,551,-5921,-563,-3372
-465,1718,728,-3945,-4655,-2277
-442,1639,867,-2530,-7625,-2484
-208,1573,967,-1135,-7379,-2556
-5,1510,998,-349,-5263,-1995
28,1522,1005,1098,-2998,-17
-74,1549,973,2652,-3365,999
-146,1570,948,3730,-3842,409
-146,1591,958,4496,-2667,-894
-104,1608,1026,4601,-1759,-1800
-19,1607,1077,4784,-1237,-1997
127,1612,1193,5269,654,-1875
253,1667,1269,4859,3083,-1409
280,1723,1204,4294,5153,-899
188,1743,1079,2568,5898,-685
48,1793,964,1995,5183,-310
-20,1851,932,1395,6290,-310
-104,1883,813,607,4115,-107
-208,1880,693,770,2534,-671
-304,1873,608,1314,-1475,-262
-296,1880,558,1615,-2996,778
-248,1884,533,1583,-3655,1232
-169,1899,509,626,-4096,1291
-78,1922,528,-210,-3369,1062
-43,1915,516,-269,-1561,277
-19,1909,492,-406,-661,-375
-4,1903,476,-10,100,-1066
3,1907,468,-318,258,-1495
12,1902,483,-402,758,-1545
14,1876,515,31,749,-1043
-2,1859,543,216,77,-137
-17,1850,604,606,-1156,452
15,1849,665,790,-947,524
52,1845,670,752,-819,419
87,1865,688,662,977,-35
79,1880,669,123,992,-191
49,1876,634,-240,1482,-308
-1,1869,627,55,1512,-616
-30,1869,596,-226,1038,-635
-42,1876,573,-93,846,-781
-48,1880,544,14,6,-670
-48,1877,535,204,-102,-552
-13,1867,541,398,-468,-36
28,1869,552,252,-164,386
44,1879,554,525,234,430
40,1895,531,606,266,340
31,1895,518,614,639,250
5,1886,515,551,422,346
-26,1887,529,670,738,280
-36,1883,541,538,495,275
-13,1876,556,522,769,402
2,1876,578,555,943,345
14,1891,594,560,1508,372
-20,1891,595,630,1767,240
-73,1887,594,690,1091,11
-96,1893,583,567,548,2
-102,1895,579,536,525,-173
-100,1894,581,589,200,-233
-93,1891,579,473,128,-282
-80,1889,574,551,82,-314
-60,1898,565,353,12,-246
-49,1894,556,343,-35,-320
-30,1892,559,190,-23,-322
-16,1899,557,-27,158,-445
-15,1900,545,139,277,-533
-5,1897,537,213,285,-449
-5,1890,522,143,-79,-279
-16,1894,522,172,-141,-185
-23,1895,523,129,-158,-114
-34,1895,530,65,-405,-17
-41,1894,537,85,-550,-45
-38,1892,547,213,-464,-108
-41,1891,539,144,-499,-154
-37,1893,545,270,-617,-156
-29,1894,546,145,-429,-176
-24,1888,537,172,-213,-127
-16,1888,541,180,-353,13
-17,1896,541,188,-220,20
-23,1893,538,319,-158,-4
-24,1887,538,402,-298,24
-29,1886,541,388,-263,27
-24,1890,554,353,-237,54
-22,1893,565,303,-235,19
-25,1891,573,390,-233,-3
-24,1885,567,400,-261,-9
-14,1889,571,297,-126,-20
-13,1890,577,195,-359,-60
-7,1891,573,139,-20,-141
-12,1892,566,90,265,-239
-10,1887,558,66,90,-201
-13,1889,559,105,-203,-167
-8,1893,556,182,-31,-193
-7,1886,537,207,-358,-7
0,1888,546,230,-528,102
4,1894,553,324,-584,75
11,1889,541,564,-487,18
23,1886,531,483,-346,105
29,1893,535,681,-41,-43
23,1895,530,650,-89,-91
22,1894,524,534,-77,-101
24,1895,529,540,-63,-40
28,1890,522,551,-10,83
34,1887,530,580,42,123
31,1889,543,514,127,65
30,1895,547,392,84,41
39,1899,552,199,130,203
33,1891,548,409,239,172
19,1890,547,367,243,138
6,1891,540,420,153,82
-5,1895,542,389,173,-23
-12,1900,548,210,-16,-89
-5,1905,549,236,7,-109
2,1905,548,108,-94,-18
5,1897,541,456,197,-89
8,1889,534,466,-20,-56
16,1893,538,371,98,-25
19,1896,537,319,42,-24
26,1897,547,218,122,2
26,1896,557,239,27,23
25,1898,549,260,337,-65
16,1898,549,531,255,2
12,1896,540,559,292,-65
18,1895,525,356,245,-54
18,1900,519,247,151,-104
26,1901,521,165,377,-119
29,1905,534,23,327,-101
29,1900,540,-23,551,-192
23,1899,542,-94,525,-230
11,1898,559,-226,330,-200
7,1893,562,-120,192,-221
15,1890,558,-107,226,-156
17,1887,560,24,339,-141
19,1890,561,-32,167,-136
29,1891,551,7,271,-152
29,1891,543,-14,215,-129
27,1892,539,90,335,-164
27,1895,537,176,522,-248
26,1896,528,164,479,-217
20,1895,515,184,499,-193
14,1897,509,244,375,-180
11,1901,513,75,180,-188
19,1903,508,1,473,-190
20,1895,507,210,189,-140
16,1894,525,77,296,-121
16,1898,533,199,400,-161
14,1893,534,145,290,-98
5,1891,541,236,227,-138
10,1895,551,288,356,-157
11,1889,550,269,190,-121
11,1889,549,253,177,-87
11,1895,554,165,229,-47
11,1896,557,235,244,-104
5,1896,553,225,204,-131
-2,1886,542,372,105,-189
8,1889,541,254,38,-93
18,1893,540,256,366,-80
16,1895,542,214,390,-54
14,1894,545,251,373,-15
7,1892,543,407,448,-69
5,1897,539,370,90,-14
-1,1900,536,411,227,-109
-8,1897,536,279,161,-112
-2,1894,543,232,265,-99
6,1894,544,313,247,-132
19,1893,535,323,401,-94
20,1899,531,222,306,-87
16,1900,542,98,474,-117
14,1900,556,-116,531,-125
14,1902,577,-343,671,-297
16,1913,610,-423,574,-521
-1,1927,652,-1028,276,-551
4,1948,717,-2321,-81,-146
27,1932,824,-4864,-1130,597
69,1852,924,-6736,559,1004
61,1751,1000,-7821,3297,686
4,1676,1038,-8092,5241,-149
-85,1620,1051,-7600,4929,-743
-188,1583,1072,-6589,3462,-844
-276,1563,1090,-5587,1520,-602
-335,1550,1092,-5740,387,-89
-357,1535,1165,-4951,290,1239
-367,1485,1219,-2132,1452,1979
-358,1412,1095,2436,-960,1345
-251,1525,937,3731,1011,1736
-178,1714,737,6072,1872,2931
-289,1853,498,9643,-438,4504
-386,1945,499,13258,-2866,4762
-366,2027,340,14073,-6060,4740
-359,2154,184,14543,-7109,4116
-316,2163,-14,14641,-10761,3640
-86,2096,-137,16061,-12680,3704
315,2026,-209,16465,-12538,3897
777,1932,-203,15014,-7668,4265
980,1843,-56,13691,-3097,3434
738,1846,156,11161,345,2247
246,1960,224,11642,-3798,553
-3,1999,157,12009,-13399,-221
213,1955,13,11603,-16790,1365
664,1865,-113,10763,-13137,2868
1063,1899,-108,9379,-7857,3364
1230,1906,-53,7870,-928,1452
1229,1937,-37,6807,4477,-836
1044,1982,-106,6062,5445,-2701
792,2005,-149,4761,4483,-3024
554,1998,-241,4438,2294,-2546
354,1985,-223,5078,935,-882
217,1990,-241,5222,-2720,1074
197,2008,-313,5108,-3756,3003
223,2030,-385,4815,-1741,3016
240,2044,-484,3227,-7,1992
229,1951,-553,3185,1414,352
267,1937,-623,2162,3740,-1183
265,1910,-713,-26,4565,-751
229,1818,-713,-1164,4172,1207
146,1920,-688,-2103,3206,1664
57,2014,-773,-2576,1436,1697
40,2029,-846,-2065,-70,867
112,2015,-806,-1781,-501,-403
365,1985,-782,-1164,234,-1673
694,1952,-717,-1697,4384,-2249
891,1939,-633,-2705,8761,-2329
871,1902,-674,-3338,9932,-2201
712,1881,-737,-3492,9847,-2622
495,1895,-716,-2703,6546,-2859
341,1941,-625,-2713,3602,-2357
285,2008,-544,-3301,1333,-1130
242,2020,-423,-4539,506,-29
135,2036,-321,-5411,-1826,277
88,2042,-241,-5238,-4464,-100
215,2031,-269,-5153,-6942,-72
487,2025,-255,-5318,-4556,87
683,2025,-221,-6293,639,279
773,1997,-218,-7474,2887,-109
859,1989,-333,-7532,8770,-1552
842,1876,-464,-6977,9111,-1728
869,1861,-322,-7686,10448,-1316
902,1944,-68,-8632,12708,-809
768,1943,77,-9956,15187,-1269
482,1946,222,-10796,14272,-3294
270,1935,258,-11419,13669,-5007
29,1899,204,-13103,9943,-5854
-111,1888,194,-12755,6179,-5627
-109,1947,115,-12900,3045,-5151
27,2010,23,-12040,2844,-5131
-11,2087,68,-12131,2602,-6414
-139,2062,204,-10431,-872,-6907
-98,2005,401,-8120,-1297,-5161
-48,1917,477,-6663,-1485,-3484
3,1837,618,-4939,-2106,-2943
78,1749,730,-3834,-661,-3333
60,1665,873,-3415,351,-3908
-119,1591,1019,-2019,1306,-3291
-337,1499,1062,775,-1830,-1148
-367,1531,955,3236,-5120,527
-256,1678,802,3662,-5843,644
-124,1769,742,3932,-6115,380
-5,1714,780,4282,-5206,1070
83,1606,876,4390,-4456,1900
211,1549,964,4793,-775,2098
296,1553,1043,4880,5880,1655
206,1653,1117,4020,9504,69
-61,1709,1060,2944,9630,-1921
-401,1754,970,2165,6545,-2980
-621,1786,918,2434,2652,-2836
-647,1809,858,2422,-2461,-1216
-503,1820,752,2291,-5471,285
-325,1835,680,2292,-6983,1382
-184,1850,611,1912,-6717,1586
-69,1842,595,1811,-6469,1479
51,1833,671,1510,-4550,1238
130,1840,758,1151,-2209,660
156,1876,807,1195,991,-117
121,1865,787,1131,2123,-336
31,1876,736,1182,1472,-440
-68,1883,729,1084,517,-634
-109,1852,684,1038,-782,-312
-85,1833,622,784,-2178,263
-8,1868,606,918,-1675,315
100,1883,584,1052,-804,380
169,1877,551,874,235,544
164,1883,512,720,693,482
134,1890,545,746,943,94
118,1882,560,961,1427,65
95,1878,555,944,1569,-127
40,1883,532,630,1242,-110
-14,1897,541,499,343,-62
-37,1901,561,572,-336,7
-26,1899,563,716,-452,-21
5,1888,536,505,-1336,113
51,1890,532,239,-799,-61
75,1897,528,26,-960,45
91,1886,522,34,-733,50
93,1876,528,207,-528,36
89,1882,551,322,-733,-46
82,1884,549,243,-563,-39
63,1882,557,295,-711,-58
77,1882,569,323,-785,204
96,1875,567,616,-603,278
105,1879,561,643,-305,236
106,1887,555,673,535,34
80,1894,549,682,755,-174
45,1893,548,517,667,-323
17,1895,557,403,539,-364
12,1895,571,270,412,-286
12,1892,569,447,-187,-1
24,1890,554,756,-9,116
45,1895,544,720,0,121
62,1894,550,514,444,60
66,1893,550,596,797,-118
67,1893,557,861,818,-171
64,1901,552,563,679,21
47,1907,552,552,600,-145
52,1906,552,513,768,-157
58,1892,524,561,452,-46
63,1894,520,498,670,-148
76,1909,524,174,860,-64
81,1909,520,246,965,-174
97,1913,532,417,1454,-474
114,1917,537,295,1848,-327
83,1899,500,239,1728,-88
38,1889,487,317,1816,-254
18,1885,488,306,1057,-35
11,1889,496,221,701,149
0,1906,516,160,557,86
-7,1907,538,140,232,71
-14,1902,542,80,-181,249
-10,1892,549,257,-414,135
10,1895,543,80,-654,142
37,1900,536,-80,-425,121
60,1897,530,-31,-123,130
69,1904,532,-58,79,174
61,1901,517,-51,310,-22
59,1899,505,-29,66,-68
59,1898,499,96,174,-80
65,1897,494,265,187,-14
63,1900,498,245,387,18
55,1901,506,227,31,-21
62,1904,517,293,253,-40
68,1906,521,89,291,-64
57,1901,520,222,220,-54
45,1898,518,139,149,16
43,1895,522,201,67,24
40,1898,522,171,-109,13
39,1904,533,29,-278,3
41,1898,536,99,-284,-22
49,1893,542,227,-157,-111
63,1891,537,232,-70,-118
78,1897,547,309,175,-140
86,1901,543,131,216,-96
89,1894,536,181,329,-23
85,1893,528,287,659,-182
77,1890,525,351,438,-164
72,1892,518,379,684,-149
65,1896,519,460,672,-93
48,1895,523,521,452,-99
51,1901,525,296,564,-149
55,1900,524,376,606,-175
48,1898,519,294,390,-97
39,1900,521,218,318,-76
29,1901,529,165,39,-44
26,1900,529,155,44,-83
35,1903,535,102,-176,-73
51,1899,536,150,70,-109
56,1897,529,218,92,-90
59,1896,523,173,-97,-1
62,1897,529,215,301,-133
62,1898,533,197,196,-146
66,1896,528,245,500,-190
64,1897,523,167,302,-176
63,1896,517,150,311,-98
62,1893,520,287,269,-81
56,1897,518,254,98,21
46,1900,520,312,175,-8
40,1901,528,267,244,-67
31,1900,529,195,-40,-40
38,1898,539,151,18,-81
47,1901,539,218,199,-132
58,1902,531,125,65,-84
68,1897,532,238,325,-96
71,1898,528,211,343,-80
61,1901,519,136,394,-49
52,1897,513,236,286,-26
54,1893,506,276,223,-58
53,1898,512,376,151,-106
63,1898,516,373,434,-84
72,1897,512,326,410,-36
76,1905,518,128,724,16
66,1898,507,476,681,-90
57,1894,512,487,233,-54
54,1895,505,546,448,-112
54,1903,500,613,233,-118
57,1907,511,373,316,-109
46,1905,511,323,362,-19
31,1904,520,261,62,-23
34,1900,525,310,-170,-5
46,1899,520,296,-255,-44
55,1906,528,190,10,-170
63,1899,532,231,-134,-71
70,1901,535,143,2,-5
66,1899,535,242,184,-52
61,1897,536,262,49,-167
69,1898,540,332,257,-199
66,1902,529,242,61,-184
72,1903,524,232,439,-184
71,1897,509,405,268,-95
67,1896,503,399,499,-154
68,1900,504,348,568,-172
61,1907,506,341,611,-199
51,1908,508,366,464,-241
45,1900,506,434,193,-145
39,1901,501,354,218,-121
40,1905,505,362,100,-72
44,1904,501,396,47,-110
52,1901,505,640,-33,-62
52,1903,494,432,199,-55
43,1908,507,421,-69,-91
41,1907,506,421,-240,-141
44,1906,513,174,-76,-80
44,1907,529,79,-89,-155
53,1912,542,-221,133,-170
58,1918,571,-559,350,-342
68,1924,612,-1104,251,-416
70,1920,644,-1463,-307,-406
88,1928,693,-2488,-1960,-141
143,1965,833,-4272,-1638,544
137,1919,885,-4834,-1386,1442
121,1872,885,-6755,267,1355
86,1789,885,-7336,1666,944
19,1725,908,-7372,3497,62
-66,1678,941,-6906,3670,-292
-160,1617,988,-6365,1736,-97
-232,1568,1040,-4945,26,414
-239,1595,1098,-3548,2059,784
-243,1610,1075,-2148,2274,904
-221,1583,982,175,3025,485
-166,1575,906,1421,4290,23
-112,1656,860,3430,2471,1578
-112,1702,773,6064,5191,1953
-199,1731,617,8542,-674,3965
-264,1848,604,10429,-1029,4048
-336,1954,542,11509,-4071,3961
-400,1971,419,12024,-6280,3003
-407,1978,167,11376,-11538,2683
-255,2006,57,11802,-13388,1878
122,2004,-40,12235,-14035,1825
667,1962,-109,12143,-11516,2496
1132,1892,-81,11552,-5351,3325
1169,1838,-23,11713,-1722,3526
994,1872,11,11799,540,3537
586,1918,-8,11006,-171,2772
125,1911,-49,11333,-6199,1712
116,1895,-78,10501,-9903,2863
370,1960,15,9045,-8918,4286
516,2059,135,7648,-6345,2575
575,2050,98,6104,-5390,4
666,2041,29,6012,-3396,-1748
658,2025,-86,6681,-2839,-2757
673,1977,-148,6797,-3231,-2441
777,1941,-110,7157,-1104,-935
910,1983,-101,5920,1664,1420
757,2045,-171,3900,3458,2658
333,2061,-306,2656,2117,2370
-105,2021,-451,2229,-4398,924
-168,2029,-559,951,-7158,-1222
159,2010,-573,66,-5508,-1526
476,1975,-670,-658,-2241,-174
535,1918,-732,-604,-337,-431
524,1902,-829,-168,-871,17
498,1874,-837,26,-692,956
435,1785,-809,-404,-515,1292
418,1872,-712,-750,825,106
439,1962,-620,-1344,1558,-502
387,1967,-628,-1356,3589,-2104
371,1949,-669,-1251,3070,-3168
446,1920,-729,-973,3328,-3107
512,1865,-726,-1438,3832,-2482
541,1887,-661,-1605,4443,-2263
573,1972,-497,-2600,6294,-2413
558,1982,-451,-1999,5137,-2709
643,1977,-362,-1385,4071,-2913
790,1947,-291,-1783,5567,-1933
719,1866,-288,-2122,7864,-1485
454,1899,-260,-2700,7258,-2031
237,1959,-180,-2975,4783,-1942
134,2051,-41,-3905,5078,-1834
31,2070,-10,-5177,4265,-1703
-50,2057,-62,-5441,2655,-2137
22,2031,-195,-6380,3025,-2151
64,2008,-224,-7165,1016,-1948
187,1990,-188,-7563,959,-2231
426,1990,-242,-6820,2643,-917
621,2008,-308,-7327,4696,604
698,2005,-295,-7676,6849,1242
604,2014,-254,-9260,9524,396
370,2026,-194,-10326,10349,-1871
216,2056,-234,-10772,8080,-2938
184,2107,-166,-10989,7230,-3186
131,2102,-147,-11414,7494,-3310
22,2118,-83,-11822,5270,-4257
-15,2112,0,-11979,4276,-5369
-65,2073,97,-11597,2122,-5887
-106,2030,221,-10273,712,-5825
-171,1956,400,-8588,-1444,-5069
-127,1875,546,-7301,-1954,-3970
-42,1806,645,-5560,-3605,-2535
132,1763,717,-5196,-3398,-1737
216,1745,795,-4131,16,-1699
57,1727,869,-2048,1414,-951
-258,1663,949,771,-1814,529
-431,1629,948,2863,-6407,844
-361,1661,896,3844,-7407,749
-195,1697,878,3879,-6785,647
-10,1670,896,3667,-5699,917
174,1591,971,3816,-2479,1176
294,1555,1025,3600,1289,1033
344,1562,1038,3480,5301,114
267,1627,1010,1864,8808,-883
70,1691,925,1155,7896,-1636
-122,1788,855,941,6676,-2171
-225,1807,792,1409,3207,-1176
-248,1805,748,1644,189,1044
-260,1837,716,1923,-2281,2351
-209,1860,691,1955,-3408,2872
-135,1854,680,1809,-2970,2469
-59,1837,704,1979,-1035,1655
11,1813,702,2164,399,633
65,1823,702,1746,1626,252
48,1847,717,1549,2775,-331
0,1866,662,1336,2692,-562
-50,1857,619,1773,2731,-681
-131,1831,536,2037,299,-273
-193,1835,538,1975,-1398,-619
-121,1884,620,2008,-2198,-326
5,1906,670,1877,-1765,-385
115,1893,633,1372,-955,-298
173,1879,642,1234,934,-925
199,1880,607,1144,1273,-609
169,1897,559,850,1348,-718
154,1895,545,495,1482,-679
140,1892,549,70,2082,-499
103,1893,548,-388,1982,-214
34,1897,521,-657,851,21
-36,1910,502,-683,271,-73
-91,1927,487,-643,-542,-331
-103,1923,458,-573,-1212,-368
-75,1924,444,-447,-1428,-343
-21,1929,434,-275,-1204,-356
42,1923,426,-88,-568,-147
63,1928,443,38,-187,-84
52,1921,462,181,-58,-114
22,1911,482,328,-205,-59
-10,1901,512,427,-415,25
-35,1891,536,703,-685,87
-34,1885,542,740,-997,59
0,1880,550,898,-1194,251
44,1882,551,1028,-872,199
107,1885,549,903,-158,258
138,1888,538,592,855,415
113,1885,537,652,1218,295
81,1885,541,868,1347,381
26,1890,538,985,858,261
-20,1897,544,1124,754,125
-64,1899,532,977,-460,-36
-58,1904,533,788,-555,-119
-27,1902,521,541,-744,18
6,1893,509,701,-625,45
44,1893,504,955,-268,-145
83,1895,501,873,65,-99
106,1902,503,830,576,-92
110,1903,503,843,782,79
106,1900,497,1115,1097,197
94,1902,509,943,1539,214
61,1907,512,890,1208,175
26,1905,517,724,932,129
-10,1905,511,658,283,110
-32,1906,510,652,-71,81
-28,1906,528,781,99,-11
-20,1909,526,796,-96,-177
-1,1915,527,470,138,-344
12,1913,508,426,-60,-178
23,1910,493,595,-307,-67
47,1912,500,370,40,11
44,1918,508,172,319,-98
18,1917,514,148,594,-290
-4,1919,515,151,77,-325
-6,1915,492,220,-382,-148
9,1916,476,316,-640,-1
30,1917,467,197,-413,143
33,1912,462,100,-210,199
27,1915,463,120,95,24
14,1918,469,327,111,-116
22,1921,465,537,330,-272
39,1916,459,596,232,-205
39,1921,449,463,-44,-24
41,1915,446,701,353,28
41,1915,436,715,118,174
45,1922,451,473,619,3
32,1923,456,479,549,-226
28,1929,465,176,180,-339
29,1930,484,180,250,-321
24,1926,485,173,154,-252
23,1918,462,229,-38,-234
33,1917,445,183,-100,-148
53,1917,438,256,-20,-75
59,1927,448,94,138,-123
58,1929,460,32,255,-88
36,1924,464,28,152,-107
21,1922,462,315,121,-132
18,1923,458,154,-26,-117
29,1920,453,106,7,-74
27,1926,464,-46,-106,-41
14,1919,462,-7,-243,-54
18,1912,469,-19,-290,-46
38,1911,463,32,-292,5
60,1913,474,81,205,-59
61,1915,497,178,640,-151
51,1915,489,106,351,-55
43,1912,490,236,612,-188
31,1917,481,198,294,-161
21,1921,473,292,489,-229
14,1921,468,173,365,-261
20,1921,466,191,146,-213
33,1926,466,146,151,-173
24,1926,449,-6,353,-216
16,1919,447,162,96,-201
11,1923,462,38,-243,-250
19,1924,454,38,-193,-307
36,1921,440,93,-280,-208
62,1914,435,145,-280,49
83,1916,451,244,42,65
88,1918,451,135,366,-2
74,1918,455,89,531,-63
57,1918,460,150,616,-75
44,1916,466,359,327,-80
34,1919,463,294,189,-64
28,1918,454,281,160,-69
26,1927,462,161,127,-81
26,1923,452,174,137,-112
20,1919,452,224,-87,-68
20,1919,457,394,-210,-89
18,1920,453,292,-92,-91
18,1921,461,255,-324,-162
24,1923,471,151,-62,-277
33,1919,477,240,-243,-309
32,1920,484,87,-355,-264
29,1916,476,32,-199,-263
38,1915,479,74,-356,-165
57,1915,482,46,-300,-78
68,1910,479,39,-390,44
75,1914,477,107,-44,73
79,1914,480,92,-5,149
70,1908,475,114,70,170
52,1912,481,400,9,121
33,1911,471,377,97,-73
32,1913,480,314,131,-130
38,1920,490,119,282,-151
43,1921,495,154,365,-183
48,1916,499,207,199,-106
40,1908,487,238,148,-122
34,1913,487,152,22,-76
40,1912,480,174,-113,7
50,1913,473,95,23,37
50,1915,475,251,122,-32
52,1912,475,239,179,-51
52,1913,471,217,316,-130
52,1916,472,256,324,-112
54,1916,470,279,360,-19
56,1911,458,364,4,44
72,1911,458,474,188,43
87,1918,470,275,374,109
92,1921,486,34,834,63
79,1925,508,-234,1051,-47
47,1916,517,-436,842,-108
32,1946,544,-957,-457,37
66,1937,658,-1255,354,320
80,1944,708,-3115,821,770
67,1925,796,-4804,897,892
65,1867,889,-6211,1343,638
30,1794,920,-6518,1418,317
-11,1735,912,-6230,422,-176
-17,1678,916,-5916,21,-323
-1,1639,934,-5386,451,-48
25,1621,926,-5356,1213,470
73,1609,957,-4714,2546,1650
70,1611,1029,-2813,3955,2829
-29,1569,936,-473,5616,2089
-125,1565,815,1481,6053,989
-127,1621,713,2386,4242,2237
-107,1728,748,5661,6705,2538
-222,1874,689,7790,1589,3424
-402,1954,584,8360,1645,2983
-609,1968,480,9579,-4089,2861
-742,1997,350,10801,-9995,3112
-650,2054,232,12735,-13796,3058
-364,2122,51,13822,-15781,2867
21,2112,-108,14198,-15184,1510
604,2104,-218,14255,-11819,482
1160,2020,-268,12882,-4543,433
1360,1861,-277,11808,330,846
1257,1814,-245,11348,2357,1612
1018,1813,-206,11252,1560,2848
744,1879,-150,11183,123,4121
318,1945,-88,10348,-2146,4006
-133,1944,-3,9305,-6263,2759
-237,2047,44,8630,-9525,640
41,2027,4,8502,-11024,227
482,1913,-68,8298,-10585,1730
849,1950,-109,8145,-7731,2392
1003,2055,-117,6978,-1887,2182
850,2110,-159,6211,1641,611
524,2171,-221,4872,3110,317
57,2135,-353,4228,-1787,1839
-200,2050,-447,4094,-7307,3200
-88,2003,-583,2589,-9426,3334
235,1930,-599,238,-4858,2371
367,1856,-638,-674,-2842,455
518,1958,-652,-1646,-557,-706
543,2023,-679,-2347,1076,-1527
450,1964,-762,-1914,73,-1427
423,1875,-810,-1629,-1297,-1514
595,1830,-864,-1710,-594,-90
665,1815,-862,-1627,1753,631
534,1858,-889,-1223,2473,-372
421,1867,-868,-372,1717,-1518
401,1888,-795,-625,2234,-2386
446,1890,-675,-1208,3019,-2682
544,1903,-557,-2564,5226,-2036
541,1910,-486,-3145,5683,-1565
487,1945,-466,-3609,2970,-1222
406,1946,-452,-4238,3453,-809
239,1914,-445,-3727,2200,-1043
180,1949,-399,-4046,-557,-1153
330,2030,-225,-4832,634,-711
418,2086,-85,-6668,3034,748
230,2049,-66,-5913,1888,497
112,1919,-181,-3676,-3681,-406
434,1901,-435,-2741,-3356,-369
912,1967,-486,-3100,3473,-508
1196,1913,-512,-3994,10247,-485
1244,1935,-445,-5633,16635,-750
965,1968,-461,-6291,17519,-2265
723,2013,-438,-6806,18457,-3578
424,2056,-542,-7736,15083,-3669
137,2124,-499,-8607,12142,-2932
-48,2103,-400,-9909,8310,-2460
-93,2068,-216,-11565,7253,-2187
-175,1980,-110,-11626,4735,-2668
-120,1994,-36,-11933,-15,-2857
100,2012,-24,-12667,1771,-3549
276,2022,18,-12701,1489,-3995
332,1978,34,-13644,4162,-5354
190,1962,308,-12782,2788,-6372
17,1937,471,-9828,1502,-5383
-25,1844,631,-7672,-524,-3476
-100,1772,690,-6484,-968,-2828
-81,1731,771,-4902,-2316,-3331
-64,1658,863,-3445,-2164,-3554
-90,1597,979,-383,-2187,-2090
-41,1611,984,2208,-2553,212
16,1681,903,3414,-2063,180
31,1708,866,3342,-1866,-961
20,1653,932,3782,-884,-1529
7,1561,1041,3879,-709,-1232
11,1499,1134,4426,362,-1021
69,1512,1152,4593,3193,-936
46,1577,1074,4002,3512,-675
-55,1669,1022,3255,5148,-867
-196,1756,1002,2102,2286,-105
-288,1805,956,1846,1826,-211
-310,1823,886,1724,-661,180
-296,1835,751,1370,-1136,-185
-271,1882,629,919,-2149,-520
-260,1915,524,630,-2747,-639
-231,1918,489,537,-3835,-299
-151,1903,521,255,-3947,29
-55,1879,558,537,-3364,154
40,1884,633,117,-1989,249
99,1863,679,537,12,173
104,1842,697,357,1335,-410
78,1850,700,73,1669,-747
33,1848,670,132,2344,-848
-8,1855,650,166,2515,-667
-43,1858,616,145,1424,-368
-54,1864,609,93,1150,-269
-56,1867,616,337,892,-92
-76,1867,610,201,361,146
-89,1855,626,369,166,306
-86,1854,641,155,-315,474
-74,1855,659,4,193,186
-57,1857,663,-46,283,-147
-26,1853,673,-348,1123,-491
-21,1836,652,-555,1498,-672
-26,1835,645,-709,1283,-638
-32,1846,656,-616,995,-573
-33,1865,644,-429,806,-438
-35,1862,636,-265,310,-86
-46,1861,619,-182,109,48
-29,1865,612,106,-85,-16
16,1866,594,297,174,259
38,1870,583,396,833,185
40,1871,565,560,1200,75
26,1878,548,659,1373,54
-5,1881,514,836,1254,-49
-36,1891,501,702,941,-99
-50,1907,518,697,815,-230
-53,1908,523,692,708,-289
-65,1909,520,666,322,-276
-52,1900,518,660,18,35
-24,1890,521,698,-388,402
24,1900,544,675,-52,614
46,1906,546,720,440,564
31,1893,530,803,431,573
10,1894,535,891,597,635
-24,1890,527,974,585,545
-53,1884,515,831,336,455
-78,1887,526,947,395,150
-100,1882,521,1002,247,-185
-109,1876,513,899,-6,-208
-118,1870,516,991,-223,-284
-114,1889,537,965,-474,-268
-108,1897,555,1338,-786,-283
-88,1895,565,1243,-1347,-179
-68,1890,571,1160,-1568,-225
-42,1879,588,1181,-1553,-218
-10,1875,600,1127,-1381,-9
15,1879,604,1000,-1090,136
25,1885,598,810,-572,164
10,1880,593,934,-463,72
-17,1874,586,913,-585,-115
-34,1867,577,951,-564,-269
-41,1879,575,724,-632,-272
-40,1888,561,851,-218,-277
-32,1889,545,810,-323,-407
-10,1898,543,691,-585,-379
12,1903,534,533,-357,-319
8,1903,524,585,-545,-253
9,1904,521,663,-309,-72
12,1895,514,744,-371,71
15,1897,523,920,-25,-40
17,1902,543,835,-24,-15
20,1903,547,568,177,-67
6,1901,555,262,285,-47
-18,1896,550,145,-70,76
-51,1894,551,27,-222,109
-51,1889,556,130,-634,199
-1,1898,566,182,-222,164
30,1909,543,-32,-207,167
43,1907,542,126,543,32
34,1895,529,243,772,86
11,1897,511,377,1077,41
-23,1908,511,304,792,-4
-60,1906,511,323,477,-149
-67,1908,520,363,416,-148
-61,1912,522,171,0,-64
-50,1910,509,380,-137,-136
-33,1909,499,256,-412,9
-19,1910,486,216,33,3
-7,1909,488,241,303,-152
4,1914,481,201,132,-136
12,1915,491,107,532,-253
16,1904,466,235,267,-71
8,1912,471,69,174,67
-4,1911,482,184,112,-18
-6,1911,485,397,-193,-61
9,1907,492,397,-132,-14
26,1912,505,199,-200,32
42,1908,500,100,270,-21
39,1905,493,75,385,12
32,1902,494,408,174,28
28,1899,493,470,115,32
26,1908,491,187,267,-65
23,1916,493,68,360,-96
14,1910,489,228,338,-90
6,1908,498,36,179,-61
-1,1904,496,93,-49,-131
7,1911,500,-28,36,-144
11,1910,493,160,156,-97
2,1906,487,115,19,-80
-3,1903,491,236,-169,-10
-3,1912,498,42,-473,90
0,1909,492,61,-325,15
19,1907,501,164,-129,68
32,1904,506,46,383,-46
20,1900,516,379,140,-106
13,1900,522,341,-100,-60
13,1905,508,392,-189,-67
21,1909,500,392,-34,-38
33,1907,497,401,146,-6
38,1907,503,196,302,94
35,1903,506,294,348,-32
26,1904,507,185,352,-6
10,1902,504,422,117,-66
6,1906,504,573,-109,-112
19,1909,496,348,-85,-17
29,1908,493,99,16,96
38,1908,508,94,235,103
37,1905,512,121,253,52
29,1904,515,106,206,-52
20,1907,516,125,398,-186
14,1909,512,128,-103,-77
17,1907,509,152,-108,12
27,1900,506,194,-64,92
33,1901,508,326,84,-26
40,1904,508,303,222,-153
48,1905,503,379,262,-149
58,1908,511,394,408,-54
48,1905,504,290,536,-124
39,1906,500,320,367,-44
29,1911,501,253,445,-124
22,1911,507,228,308,-80
21,1907,503,301,225,-102
31,1907,505,274,289,-114
48,1909,509,122,530,-53
55,1906,511,-89,803,1
45,1901,511,-12,835,-39
14,1909,513,280,522,-91
-14,1910,483,382,195,-261
-17,1913,474,430,-334,-181
6,1913,469,383,-349,-61
42,1907,479,200,246,61
62,1901,491,108,419,81
76,1903,519,38,630,-95
104,1916,565,-270,1268,-335
136,1913,611,-934,1484,-174
175,1905,668,-1611,1139,527
253,1905,749,-2979,746,1844
262,1899,802,-4824,1101,2759
203,1860,832,-6176,3025,2510
120,1787,836,-6093,4742,1836
1,1722,835,-5968,5910,1157
-146,1673,859,-5739,5428,308
-260,1634,919,-5137,4927,-417
-329,1627,983,-4859,3923,-254
-362,1681,1090,-5098,3339,1153
-466,1680,1209,-1286,2949,1642
-547,1563,1005,858,788,55
-409,1556,908,2178,298,-199
-211,1651,849,1706,1734,1511
-144,1694,740,4170,4191,1402
-144,1754,683,5403,-140,2238
-243,1869,622,6334,-223,2481
-437,1914,581,8348,-4146,3483
-581,1973,513,10056,-8818,3586
-553,2011,265,11131,-13501,2994
-319,2078,46,12804,-15471,2729
157,2141,-163,13836,-15789,2845
723,2093,-298,14149,-10804,3426
1101,1974,-352,13908,-5328,3878
1132,1887,-339,13608,-717,3770
821,1874,-245,12917,718,3014
503,1931,-150,12619,-513,2638
129,1985,-113,11876,-4130,1984
-130,1985,-69,10889,-10838,1554
55,2088,-1,9516,-11309,1503
404,2084,7,7652,-9552,1519
665,1989,-38,6375,-7157,648
856,1902,-52,5542,-4460,291
1005,1922,-41,5352,-968,190
1027,1918,-68,4857,1898,-628
927,1973,-129,4133,3720,-753
694,2074,-118,3232,4102,401
313,2048,-217,3708,1383,1864
-72,2033,-361,3302,-3845,2311
-161,2107,-454,2736,-8594,2198
23,2119,-500,1282,-8993,2372
238,1958,-573,-447,-7301,2201
423,1779,-608,-890,-4682,1281
660,1902,-623,-1840,401,-184
744,1962,-691,-2008,2393,-417
641,1896,-755,-1922,3058,-1014
544,1841,-757,-1248,2984,-1174
577,1875,-716,-754,3437,-934
610,1885,-689,-723,4081,-1364
609,1874,-695,-724,5505,-1619
528,1865,-659,-1368,6977,-1961
445,1906,-627,-1978,7969,-2553
411,1891,-597,-1057,6894,-2273
436,1939,-608,-661,6559,-2029
450,1941,-563,-1124,7612,-1903
379,1960,-479,-1616,5757,-1695
377,1983,-364,-985,5314,-1258
446,2033,-306,-843,4365,-682
489,2024,-262,-1770,4411,-162
419,2022,-197,-3207,3829,243
380,2109,-68,-3934,4848,-416
443,2113,-116,-5674,5554,-767
365,2048,-213,-5918,6272,-2053
423,2009,-249,-5772,5336,-2535
644,2014,-280,-7554,7423,-2051
699,1986,-251,-8097,9899,-2332
613,1976,-257,-8979,10827,-2426
447,1955,-231,-9043,9582,-2596
308,1962,-106,-10070,6321,-3483
343,1950,25,-10378,6203,-3683
363,1925,28,-11908,5960,-3601
304,1923,108,-12533,5887,-4689
208,1907,142,-13412,5380,-5649
111,1909,185,-14269,2532,-6472
144,1912,177,-11869,4862,-6629
24,1986,171,-12544,2921,-6312
-162,1993,229,-13198,533,-5994
-377,1913,430,-10225,-3264,-4101
-440,1840,586,-6409,-5199,-867
-402,1764,673,-3469,-8449,555
-178,1787,763,-1793,-6997,-531
118,1749,846,-846,-1670,-2644
216,1668,913,-51,3189,-4135
48,1607,946,1245,4997,-3774
-257,1585,944,2806,2436,-2984
-443,1604,925,4086,-1044,-2565
-471,1646,937,4526,-3673,-1801
-413,1659,939,4938,-6140,-986
-294,1613,963,4812,-7629,-100
-83,1588,1086,4616,-6256,762
153,1625,1144,4095,-3713,785
310,1672,1130,3127,637,230
323,1721,1095,2542,3161,-60
237,1797,994,1959,5247,-120
75,1828,846,1655,5614,94
-109,1804,679,1853,2811,585
-245,1833,590,1674,634,613
-307,1883,593,1521,-1423,787
-280,1908,594,1922,-2120,764
-212,1918,584,1716,-2270,473
-144,1903,580,1700,-2658,30
-52,1891,597,1409,-1224,-546
53,1877,616,1493,-342,-852
143,1872,630,417,1753,-1054
144,1859,636,85,2216,-1253
130,1860,634,-122,2245,-966
66,1867,618,-295,1425,-716
14,1872,623,-25,1115,-526
-31,1865,609,-1,246,-452
-47,1857,573,-297,-576,-99
-65,1859,569,-232,-749,-79
-76,1877,583,-214,-1609,-178
-56,1886,600,-198,-1279,-349
-44,1868,576,-245,-1752,-344
-17,1862,576,-137,-1555,-343
24,1861,582,1,-1044,-225
41,1858,581,214,-123,-250
29,1867,582,234,118,-270
-7,1867,583,192,254,-193
-34,1864,583,449,346,-56
-59,1869,599,481,3,94
-78,1873,602,492,-82,150
-103,1879,605,698,-207,49
-124,1874,601,781,-653,85
-111,1869,606,1050,-292,47
-83,1867,585,1185,-725,46
-40,1872,568,1001,-308,28
-16,1883,558,778,-163,128
-1,1877,550,833,42,137
14,1881,567,928,451,232
14,1883,586,660,335,396
-5,1884,607,513,235,279
-32,1884,629,275,-239,348
-56,1882,630,337,-582,284
-57,1875,600,375,-1073,140
-19,1870,587,413,-687,8
25,1876,588,98,-243,132
39,1876,588,215,264,104
31,1885,607,214,964,-73
18,1883,583,215,751,-179
11,1874,561,328,1072,-244
2,1878,569,367,830,-167
-5,1882,586,457,624,-98
-11,1882,595,327,560,-80
-12,1889,601,456,1008,-318
-12,1897,600,345,710,-322
-20,1886,560,236,308,-305
-31,1888,546,131,-140,-363
-16,1893,552,137,228,-441
-1,1893,557,161,21,-417
8,1884,553,184,-35,-260
17,1873,548,321,-494,57
28,1879,554,288,-361,80
28,1880,546,232,-424,131
30,1882,549,288,-197,240
22,1884,557,248,-299,297
14,1883,568,389,-294,203
0,1883,569,202,-370,47
5,1879,576,449,-3,-85
12,1882,574,423,199,-90
20,1878,582,464,474,-29
21,1881,591,299,351,13
15,1883,595,225,650,-129
16,1886,593,213,658,-117
13,1885,595,410,846,-3
-8,1876,573,613,359,141
-18,1879,559,580,403,74
-20,1888,569,620,188,137
-26,1892,563,378,146,75
-18,1896,561,406,441,-25
-13,1891,556,533,160,-25
-4,1889,547,427,336,-49
6,1894,544,380,345,52
3,1903,545,177,404,-22
0,1897,539,202,468,-26
7,1897,544,181,467,-70
7,1891,534,349,431,-124
8,1894,543,277,350,-122
4,1893,542,180,553,-133
-1,1896,552,65,339,58
-2,1895,555,105,296,31
-11,1896,557,91,355,-70
-21,1892,555,59,-30,-71
-23,1890,556,100,-206,3
-12,1891,560,122,-74,-21
8,1893,564,181,148,-91
17,1891,550,46,37,-41
23,1885,544,109,321,-98
19,1889,545,171,243,-71
16,1892,548,167,383,-32
1,1886,546,167,138,-42
4,1887,559,197,127,-27
10,1887,549,236,-86,18
19,1889,550,228,196,-91
18,1892,550,159,324,-100
21,1889,552,178,337,-123
16,1888,554,152,355,-122
4,1889,556,143,261,-106
-1,1889,560,95,178,-91
0,1889,565,60,121,-48
-3,1892,569,-31,-64,-12
-7,1886,571,86,-153,-22
-5,1886,579,70,-96,-77
-3,1887,574,80,-396,-83
9,1886,570,123,-176,-72
20,1887,570,19,-242,-21
33,1885,563,40,223,-124
37,1883,558,59,205,-129
38,1886,557,132,404,-133
33,1885,545,95,206,-49
24,1884,551,205,352,-80
21,1884,557,210,268,-14
24,1885,558,223,268,-54
25,1886,560,159,428,-33
17,1886,554,111,300,39
7,1886,559,226,240,3
-2,1887,569,174,106,16
-3,1884,568,243,23,-42
9,1885,573,184,-65,-7
22,1887,570,223,221,15
23,1883,576,228,343,-54
20,1878,577,222,231,-44
20,1884,576,190,210,-49
18,1885,571,195,17,-67
27,1885,569,177,150,-8
29,1880,563,229,132,37
26,1879,559,288,180,-33
31,1883,559,255,11,7
32,1884,564,197,264,-26
26,1891,569,188,257,-53
23,1884,560,143,235,-51
17,1878,550,330,-94,-36
25,1884,558,328,59,-43
33,1888,557,278,176,-81
36,1887,555,187,472,-154
33,1887,559,165,254,-39
23,1883,553,182,137,-15
14,1890,563,174,-95,-55
17,1885,562,318,8,-112
21,1885,560,277,-297,7
27,1885,556,306,-141,-62
34,1886,562,377,-202,-83
41,1884,571,249,-189,-66
46,1886,585,-97,63,-100
47,1890,609,-279,326,-133
55,1887,637,-392,341,-92
86,1884,655,-550,445,27
118,1878,661,-501,595,188
164,1874,696,-895,462,523
233,1880,775,-2426,767,1017
275,1876,869,-4194,2166,1214
217,1849,917,-5411,3481,745
134,1791,916,-6272,5076,86
22,1735,932,-6763,5896,-506
-106,1686,975,-6915,5990,-922
-248,1635,1037,-6778,4523,-983
-340,1575,1110,-6709,2787,-773
-362,1544,1217,-6171,552,606
-374,1533,1358,-3513,1671,1264
-382,1449,1186,-1295,1413,510
-315,1454,966,-615,565,-314
-189,1543,938,-196,457,1115
-64,1585,855,2392,4010,1949
-20,1582,818,2784,2122,2778
-96,1651,863,4507,3182,3362
-386,1706,902,5460,954,3850
-732,1746,875,7905,-4858,3755
-896,1761,656,9387,-12698,3473
-705,1890,493,12183,-15452,2676
-264,2072,225,13106,-16186,2770
241,2176,14,13895,-13047,2858
677,2185,-149,14155,-8687,2345
1002,2105,-298,14174,-3784,2455
1073,2063,-337,13780,334,2767
891,2034,-326,13244,1973,2367
603,1998,-292,13596,1809,2043
329,1954,-233,14681,-1813,2462
278,1948,-160,15026,-3766,4357
213,1914,-54,14741,-5252,5620
239,1961,51,12975,-4980,5463
224,1958,100,11338,-5299,3016
387,1978,112,8957,-4919,381
657,1980,62,8007,-3122,-47
802,1954,-4,6424,-1510,-876
813,1993,-16,5135,1078,-1001
664,2058,-77,4631,360,197
392,2116,-208,3848,-1609,1476
84,2085,-339,3860,-7820,2519
-23,2077,-459,3444,-12915,3021
113,2077,-483,1962,-14627,2578
541,1912,-497,1579,-11340,1951
984,1810,-495,1308,-4892,1306
1175,1844,-505,-382,2418,-278
1005,1846,-545,-542,4160,-1094
692,1866,-613,-1036,3150,-867
454,1837,-729,-778,874,31
336,1889,-765,-1020,1485,-267
266,1931,-804,-410,1831,-957
217,1953,-830,-804,2230,-1755
265,1940,-842,-853,2524,-1737
329,1926,-810,-598,3599,-1806
361,1915,-747,-958,3734,-2483
371,1863,-654,-851,2982,-2994
537,1934,-509,-1453,5039,-3465
664,1945,-440,-2801,8114,-2651
551,1945,-423,-3538,7740,-2749
401,1958,-419,-4179,6027,-3208
344,1974,-416,-3722,1632,-2446
474,1968,-374,-3879,1759,-336
504,1975,-374,-4209,2689,976
580,2015,-377,-5181,3454,1050
699,1999,-460,-7625,7690,348
480,1945,-593,-8880,7579,-2353
302,2011,-546,-9100,6633,-3258
164,2083,-467,-8689,3540,-3021
209,2101,-354,-10182,43,-1448
471,2005,-221,-10578,4705,-1655
656,1990,-131,-10417,4704,-1472
730,1977,-91,-11501,8698,-1720
518,1947,-109,-13190,7833,-2380
352,1921,-23,-13857,8870,-4176
291,1946,74,-13932,5546,-5030
312,2011,65,-14251,6429,-5353
172,2034,34,-15052,5045,-6032
-57,1985,109,-12843,6066,-7635
-304,1979,299,-11164,-1055,-6838
-301,1858,514,-8226,1480,-4950
-409,1748,652,-6498,-3915,-3276
-386,1723,810,-4582,-3966,-2494
-330,1668,948,-1520,-6166,-2087
-167,1628,1025,1865,-7701,-1205
84,1643,1044,4259,-6092,125
278,1674,1008,4857,-4683,744
359,1643,1034,4968,-1554,-35
368,1580,1101,5087,720,-347
353,1528,1141,5565,4123,-690
240,1548,1151,4741,5654,-1563
39,1573,1098,4088,5037,-1870
-118,1619,1040,2975,3798,-1983
-244,1686,987,1895,943,-1306
-310,1751,978,706,-359,-824
-286,1755,885,367,-1315,-789
-227,1768,780,-483,-1563,-431
-189,1825,673,-779,-2628,-451
-110,1886,621,109,-2379,-621
-25,1925,562,390,-2283,-231
30,1939,520,546,-880,-38
17,1921,503,174,-403,44
-5,1894,517,134,454,-169
-37,1891,533,-209,408,-356
-76,1898,578,-347,528,-632
-136,1891,603,-403,260,-1062
-163,1870,615,-205,-182,-1105
-169,1861,589,-86,-1202,-816
-127,1869,586,-61,-1428,-577
-62,1869,596,59,-1521,-430
0,1876,619,146,-903,-328
44,1861,608,258,-885,47
82,1840,622,693,72,417
78,1855,650,824,655,454
64,1849,648,1147,1576,301
21,1850,631,1120,1409,295
-23,1857,617,1038,1525,202
-47,1860,603,1084,906,241
-43,1864,582,856,816,362
-34,1870,570,891,578,426
-23,1874,561,1104,650,351
-18,1877,552,1114,819,42
-9,1881,553,1127,170,76
21,1890,560,1136,367,34
61,1895,562,1250,738,80
82,1908,553,965,1190,136
75,1904,548,1003,1223,196
47,1898,530,964,1031,210
9,1893,524,927,767,159
9,1902,532,742,508,195
20,1894,540,596,811,105
11,1898,564,149,766,-56
-16,1888,587,-171,1081,-194
-68,1876,606,-336,169,-176
-92,1867,604,-349,-440,-31
-91,1868,613,-305,-436,51
-82,1867,628,87,-448,-143
-63,1873,617,80,-685,-175
-21,1887,605,271,-355,-170
-3,1887,574,219,-491,-119
8,1883,573,300,-278,-128
15,1881,572,274,3,-133
16,1875,580,301,309,-197
7,1878,573,36,278,-205
-9,1876,594,-50,394,-309
-21,1873,608,-102,440,-338
-35,1862,610,-19,166,-306
-45,1867,612,87,-348,-145
-29,1868,602,93,-813,40
2,1870,606,160,-413,107
9,1866,605,384,-516,43
12,1864,606,266,-208,-57
17,1864,628,350,201,-140
20,1864,620,346,326,-155
11,1865,612,461,413,-137
-1,1867,613,529,586,-296
-3,1868,608,342,368,-202
3,1869,613,229,483,-129
22,1868,616,37,573,55
18,1867,611,-82,785,143
-3,1863,605,116,761,121
-23,1865,597,254,724,82
-41,1871,596,286,627,-55
-42,1878,587,276,461,-111
-40,1882,581,226,440,-225
-45,1885,593,185,351,-244
-44,1874,599,377,309,-248
-32,1870,609,256,185,-187
-15,1872,605,115,301,-184
-2,1866,600,214,488,-126
8,1864,588,191,334,36
16,1872,587,239,558,-3
21,1880,586,391,790,-87
20,1882,578,412,926,-59
3,1879,569,411,1093,-124
-14,1883,573,460,812,-78
-27,1889,566,397,806,-171
-45,1889,563,330,503,-110
-50,1889,570,387,500,-159
-47,1891,564,275,195,-204
-36,1888,555,286,307,-257
-30,1892,547,200,246,-269
-27,1898,549,135,223,-302
-25,1894,546,206,183,-174
-29,1894,549,152,12,-108
