90,1964,-571,-75,34,91
93,1972,-572,143,-82,170
89,1976,-571,140,-104,118
85,1976,-571,208,-16,85
82,1976,-572,181,-107,110
81,1981,-568,179,-35,146
80,1986,-566,202,-101,168
76,1989,-566,118,-107,97
77,1989,-563,32,1,99
81,1988,-559,19,50,138
87,1988,-557,-35,133,104
89,1988,-558,-33,98,105
89,1987,-561,-115,70,117
91,1982,-563,-117,65,153
92,1978,-563,-58,17,156
91,1973,-560,2,108,147
86,1971,-564,-27,97,128
87,1968,-566,16,197,135
85,1970,-572,-35,224,83
85,1971,-575,-52,397,67
84,1971,-578,73,363,76
84,1970,-583,113,314,103
85,1969,-583,94,385,112
83,1972,-584,266,394,113
82,1974,-587,178,436,46
79,1975,-592,55,378,-17
77,1972,-592,124,341,-25
77,1969,-589,187,427,-30
76,1972,-594,149,372,-19
76,1973,-595,125,309,19
76,1973,-597,182,205,-18
71,1975,-601,249,12,102
71,1979,-599,199,260,90
67,1983,-599,60,280,33
66,1979,-598,-25,110,41
70,1973,-593,-12,53,86
75,1969,-591,-9,101,74
75,1971,-590,-65,219,54
70,1970,-592,60,54,120
73,1973,-593,-57,79,160
74,1973,-593,-240,13,160
75,1970,-584,-85,142,163
73,1971,-588,-149,1,184
78,1972,-593,-179,114,133
76,1968,-592,-44,83,155
74,1965,-597,-90,-51,189
77,1966,-598,-68,33,205
79,1972,-598,-103,56,213
84,1973,-593,-35,173,175
84,1971,-593,-19,304,113
79,1965,-594,5,158,154
77,1965,-593,65,119,212
79,1964,-595,67,106,226
83,1966,-598,-6,129,193
87,1968,-597,-54,275,135
88,1968,-598,28,274,140
87,1967,-600,-28,356,150
83,1966,-597,93,220,180
82,1970,-595,54,223,178
83,1973,-597,3,195,157
81,1976,-601,4,263,142
80,1979,-604,-137,334,116
78,1973,-600,-60,434,95
77,1968,-597,-4,429,118
75,1968,-600,-113,318,106
76,1967,-600,-107,265,117
79,1966,-602,-79,307,108
80,1966,-606,-130,265,140
79,1964,-606,-54,134,129
77,1962,-605,37,36,187
79,1962,-605,46,26,178
78,1965,-605,83,33,168
74,1967,-603,141,-44,194
70,1967,-604,112,-35,190
70,1968,-607,53,-111,190
78,1968,-609,-34,-103,183
85,1964,-608,144,-126,201
88,1965,-609,19,-72,201
87,1965,-606,-8,-59,258
87,1962,-600,40,-52,278
90,1962,-600,59,-2,320
95,1964,-605,25,126,269
94,1965,-607,-61,-35,289
101,1964,-606,183,-65,329
106,1969,-614,-1,-83,299
107,1971,-615,-94,98,202
102,1969,-614,11,-51,247
102,1969,-616,-26,61,239
100,1967,-616,25,192,229
102,1965,-618,-34,246,257
104,1963,-619,53,183,229
107,1962,-620,56,181,232
112,1964,-622,-119,276,161
107,1963,-620,-11,246,178
108,1964,-621,-11,235,164
111,1965,-620,-2,422,84
109,1967,-617,39,546,70
105,1965,-617,59,558,36
97,1964,-622,-42,437,42
90,1961,-622,-21,269,90
92,1960,-623,-135,374,44
96,1958,-623,-74,475,23
95,1960,-621,-35,411,-18
95,1964,-623,10,398,47
93,1966,-621,54,319,1
91,1966,-625,48,247,34
91,1964,-627,-162,277,39
85,1962,-625,8,159,85
83,1964,-621,-104,150,118
87,1968,-618,-226,178,121
91,1968,-612,38,145,91
97,1968,-615,-118,7,146
95,1965,-616,-27,-33,180
88,1961,-617,-29,34,175
86,1962,-618,-140,131,198
87,1961,-617,-75,127,199
91,1960,-618,-38,8,202
96,1958,-619,-73,-70,189
97,1956,-616,-20,-45,228
103,1953,-617,-41,157,175
107,1952,-620,-61,363,78
105,1952,-620,117,117,165
110,1956,-628,65,54,142
115,1960,-626,120,205,154
111,1959,-627,235,147,218
108,1962,-629,156,231,235
111,1963,-629,145,555,140
109,1966,-629,103,504,114
109,1968,-631,130,468,142
107,1968,-632,-30,387,116
102,1964,-630,119,199,162
101,1964,-631,-15,312,144
102,1957,-631,-96,354,106
105,1951,-630,34,449,73
107,1951,-633,14,479,97
107,1953,-637,19,522,64
107,1954,-638,48,416,37
106,1954,-640,47,238,27
108,1954,-638,108,217,29
108,1957,-636,143,328,1
104,1958,-636,135,414,-52
100,1960,-640,200,382,-52
97,1961,-642,196,333,-23
93,1957,-641,208,190,6
93,1959,-639,119,424,-89
89,1960,-642,141,244,-87
96,1955,-645,-9,148,-51
96,1954,-642,92,37,50
96,1954,-641,248,6,78
93,1951,-642,168,-12,34
91,1949,-641,144,-66,108
93,1949,-640,221,-85,162
91,1947,-641,234,-63,160
89,1944,-643,106,61,126
89,1941,-645,185,6,155
93,1943,-646,293,-145,243
103,1947,-652,187,-155,199
112,1948,-653,187,188,81
107,1946,-654,335,335,89
103,1948,-661,297,316,127
106,1951,-665,281,330,135
109,1954,-666,345,399,127
109,1956,-668,335,506,58
102,1954,-671,311,393,77
96,1950,-677,219,185,134
95,1948,-677,203,58,151
96,1946,-676,151,220,126
96,1948,-679,35,469,75
94,1949,-683,120,524,96
92,1949,-686,6,219,125
94,1945,-686,44,119,109
98,1942,-688,-34,183,114
100,1937,-687,62,206,120
97,1937,-687,85,148,131
96,1940,-690,60,123,192
93,1942,-692,35,73,214
94,1945,-691,-60,36,198
96,1942,-694,-121,103,149
99,1942,-689,-74,52,136
100,1946,-689,-80,127,111
99,1947,-690,-161,152,137
98,1946,-685,-216,238,113
98,1945,-684,-185,286,69
99,1945,-684,-177,274,120
106,1946,-686,-248,422,65
101,1945,-685,-208,320,66
98,1945,-683,-172,240,142
99,1946,-682,-224,349,107
99,1944,-683,-292,155,116
106,1943,-677,-252,252,89
102,1941,-675,-95,-55,148
99,1942,-676,-156,20,191
99,1945,-674,-202,145,128
98,1945,-672,-92,123,135
100,1944,-672,-173,86,116
103,1940,-669,-10,184,126
104,1942,-670,-48,234,107
103,1942,-672,26,131,97
105,1945,-674,-56,123,135
106,1946,-676,-65,73,79
107,1943,-674,9,25,85
107,1942,-676,10,76,112
107,1945,-674,-37,178,91
101,1944,-673,60,8,138
101,1942,-674,-60,49,122
103,1937,-671,-63,291,107
101,1935,-671,69,319,122
110,1941,-679,-22,287,114
112,1944,-679,170,223,89
105,1949,-684,252,202,109
96,1951,-687,172,182,127
90,1948,-685,107,126,216
92,1948,-690,49,328,142
95,1946,-692,-27,293,144
103,1942,-692,-19,241,94
105,1941,-689,47,219,136
104,1940,-690,139,217,144
98,1940,-694,55,121,151
96,1940,-698,-1,57,159
101,1940,-696,40,18,185
105,1939,-697,32,16,114
105,1940,-698,-5,29,80
100,1939,-693,41,94,67
96,1940,-693,8,95,59
96,1940,-692,15,159,58
97,1940,-691,-6,151,120
98,1940,-690,-6,114,114
108,1941,-690,-128,226,55
112,1940,-689,-81,230,45
114,1941,-692,-121,113,48
111,1942,-691,-81,110,33
100,1940,-691,20,10,148
97,1943,-690,-66,162,110
99,1944,-694,-128,243,61
104,1940,-693,-85,255,102
107,1939,-692,-61,264,67
104,1938,-693,16,388,75
99,1937,-696,4,343,65
97,1940,-699,23,271,58
101,1941,-702,-10,301,93
105,1940,-705,-66,370,23
102,1937,-699,131,380,24
97,1938,-700,164,346,37
95,1939,-704,51,298,18
90,1938,-702,79,252,85
88,1938,-704,23,312,118
83,1938,-705,-133,204,90
84,1936,-705,-127,95,131
91,1935,-707,-175,149,97
95,1937,-703,-120,72,129
96,1938,-703,-153,151,135
93,1939,-702,-152,73,134
94,1940,-701,-155,-89,147
96,1939,-699,-179,-145,154
99,1938,-696,-195,-8,146
98,1938,-693,-231,27,139
99,1937,-689,-237,155,128
99,1936,-687,-221,125,100
102,1937,-687,-157,150,107
105,1940,-688,-178,235,98
104,1940,-688,-85,216,127
102,1938,-690,-153,178,118
103,1934,-688,-111,325,108
100,1937,-686,-43,264,102
100,1941,-688,-90,287,105
104,1941,-689,-155,440,80
98,1936,-690,-71,300,91
101,1935,-692,-98,361,41
104,1935,-692,-53,338,38
107,1937,-694,-20,294,23
101,1941,-697,38,182,76
95,1944,-696,169,139,128
91,1946,-698,24,200,131
93,1942,-701,-71,308,112
96,1937,-701,-60,279,97
98,1934,-697,-11,213,116
97,1937,-693,-6,206,106
97,1939,-693,43,86,113
99,1940,-695,6,208,103
102,1938,-696,-94,280,59
106,1936,-694,-37,337,44
112,1933,-690,-63,435,-91
112,1932,-687,78,429,-71
113,1933,-693,13,554,-99
105,1933,-698,21,622,-28
96,1935,-700,72,665,2
91,1940,-703,-153,543,-6
95,1941,-704,-188,475,23
98,1940,-700,-83,400,16
100,1943,-700,-78,404,33
100,1946,-699,-23,449,38
99,1943,-704,-33,418,9
96,1941,-706,-230,394,7
96,1939,-703,-68,458,-1
96,1938,-705,-82,431,-18
95,1936,-709,-81,228,9
99,1937,-705,-134,258,21
100,1937,-700,-104,188,0
101,1937,-698,-125,265,-40
98,1936,-697,-257,308,-58
95,1934,-696,-120,330,-51
93,1935,-696,-256,270,-59
91,1933,-694,-112,326,-9
93,1934,-694,-130,321,-35
91,1934,-695,-102,262,-9
90,1938,-697,-128,215,35
91,1940,-696,-177,257,-2
90,1941,-699,-269,235,-37
87,1938,-692,-94,74,17
91,1940,-690,-108,234,17
91,1940,-695,-226,272,-15
89,1938,-691,-131,92,57
89,1940,-692,-79,72,117
89,1945,-695,-175,71,89
90,1947,-691,-173,167,81
89,1949,-688,-190,132,94
87,1945,-684,-82,152,102
87,1941,-687,-151,86,92
89,1941,-687,-153,150,93
84,1940,-684,20,151,101
83,1939,-688,-91,196,82
81,1935,-687,-105,198,136
81,1933,-684,56,276,110
78,1934,-691,63,309,98
82,1938,-696,-77,337,51
82,1941,-695,-29,444,80
79,1939,-693,48,411,68
77,1940,-693,-11,384,15
75,1944,-695,101,332,47
71,1949,-696,37,287,57
66,1949,-698,7,154,33
68,1946,-698,-121,104,69
73,1942,-694,-167,35,39
77,1942,-693,-179,28,45
76,1942,-690,-164,-96,74
75,1943,-685,-128,-162,97
75,1942,-684,-104,-194,154
78,1942,-685,-114,-189,175
82,1939,-684,-160,-48,180
83,1935,-685,-149,-27,233
83,1936,-686,-162,-91,249
86,1935,-687,-230,-155,227
90,1934,-683,-177,-72,212
93,1934,-685,-140,-30,187
97,1938,-688,-252,140,216
98,1938,-683,-82,154,196
103,1940,-684,-101,284,151
106,1941,-682,10,434,114
98,1944,-687,64,388,87
94,1946,-693,72,365,144
91,1947,-698,-42,393,144
91,1947,-696,-80,498,95
91,1947,-693,-117,451,60
94,1945,-697,-239,371,53
92,1941,-693,84,335,117
87,1946,-699,136,359,149
85,1948,-702,-121,444,101
81,1941,-699,-77,261,144
82,1933,-696,-99,248,87
84,1930,-692,-85,277,59
87,1932,-691,-81,259,1
87,1935,-693,6,186,-11
86,1938,-696,-43,238,-13
85,1938,-695,-127,302,-23
81,1939,-692,-18,252,-16
80,1941,-692,-26,247,2
82,1948,-694,-8,206,-50
82,1950,-693,-49,136,-29
77,1949,-692,-11,122,29
74,1948,-691,-248,201,-10
73,1945,-688,-216,168,2
76,1942,-687,-128,94,29
82,1943,-687,-188,157,35
79,1938,-684,-41,138,70
76,1937,-687,-107,171,82
74,1939,-689,-246,272,113
78,1941,-689,-284,124,116
86,1937,-685,-118,150,108
89,1938,-688,-189,214,85
86,1938,-689,-161,340,61
79,1935,-690,7,159,89
78,1940,-695,-109,293,95
76,1943,-695,-74,183,115
74,1943,-691,50,68,172
76,1945,-693,-99,120,139
76,1944,-693,-63,196,122
78,1946,-695,-122,135,126
82,1944,-697,-156,96,136
83,1940,-693,-111,94,167
81,1938,-690,-134,68,185
79,1937,-688,-123,-72,219
83,1941,-685,-95,-50,212
86,1942,-684,-168,-26,182
84,1939,-683,-95,39,151
83,1936,-684,-20,58,202
85,1938,-689,-157,105,186
78,1938,-690,7,-63,250
78,1940,-689,-13,-92,289
86,1944,-688,-125,59,231
89,1945,-685,-78,111,146
90,1944,-687,-137,37,161
94,1942,-685,-77,-64,176
100,1940,-681,18,238,112
96,1940,-682,104,215,137
93,1940,-685,180,232,165
91,1937,-688,84,222,182
90,1934,-691,-41,220,154
92,1934,-692,6,251,149
97,1937,-692,71,408,123
100,1939,-694,-4,563,45
96,1939,-695,131,254,93
95,1941,-697,147,308,105
92,1942,-699,164,351,124
86,1943,-700,156,326,111
87,1944,-701,12,473,88
87,1944,-699,41,524,77
87,1943,-703,-22,447,54
89,1942,-705,-88,324,79
91,1942,-705,-119,294,61
90,1940,-701,-15,223,88
92,1938,-701,-53,279,87
90,1935,-701,-4,348,57
83,1933,-702,-21,266,68
86,1933,-707,-97,169,109
87,1935,-704,-61,298,89
84,1935,-702,35,308,54
80,1937,-705,-27,198,89
77,1942,-708,-194,132,73
77,1945,-701,-52,127,65
80,1946,-701,-239,217,23
81,1941,-697,-152,291,-17
82,1935,-697,-18,176,38
85,1935,-700,-163,144,64
86,1935,-697,-80,197,85
82,1938,-697,-90,209,40
81,1939,-698,-68,89,121
86,1942,-702,-224,210,101
85,1941,-702,-178,131,120
81,1940,-701,-71,25,196
82,1942,-703,-150,-49,169
85,1942,-696,-59,-3,187
87,1940,-695,-18,74,148
86,1940,-696,-93,227,92
80,1938,-692,-31,337,76
78,1933,-692,20,379,94
77,1929,-696,98,282,98
76,1930,-700,53,156,174
81,1935,-701,98,126,213
86,1937,-706,75,131,164
89,1938,-707,28,251,140
87,1937,-702,153,297,119
88,1937,-703,214,293,135
84,1935,-707,345,93,174
80,1935,-714,207,43,217
80,1935,-710,185,127,220
82,1931,-709,222,150,178
89,1931,-713,81,228,145
95,1932,-711,114,230,108
100,1933,-712,134,250,66
99,1933,-714,116,52,65
103,1932,-711,107,203,73
106,1931,-712,32,496,28
104,1926,-714,59,607,-25
104,1928,-717,-49,561,15
106,1929,-716,141,582,24
108,1933,-716,170,578,28
105,1938,-717,147,763,11
94,1936,-719,288,748,12
91,1934,-724,100,854,-16
89,1931,-726,174,678,27
96,1929,-725,172,686,-9
97,1927,-730,90,631,-61
95,1925,-732,54,672,-43
89,1922,-728,201,655,14
87,1924,-733,299,600,25
89,1928,-736,151,520,8
93,1926,-735,204,590,2
92,1923,-737,128,573,-17
89,1923,-735,212,574,-15
84,1927,-742,177,490,21
81,1927,-747,94,294,109
82,1927,-747,14,177,109
85,1925,-746,38,142,152
89,1925,-748,-120,217,90
92,1927,-742,-44,257,123
89,1925,-740,46,79,136
90,1927,-742,-105,-12,173
96,1925,-741,-129,62,162
100,1927,-738,-195,318,95
99,1928,-737,-251,386,22
97,1929,-733,-134,309,31
94,1928,-734,-142,275,-22
93,1926,-734,-121,267,37
88,1927,-734,-143,240,52
88,1929,-732,-101,316,50
92,1929,-732,-282,273,-13
93,1924,-733,-124,236,-23
95,1923,-734,-145,451,-45
84,1918,-732,55,303,55
73,1916,-736,154,123,163
69,1918,-737,53,-108,226
75,1921,-737,-2,-256,236
80,1923,-735,9,-85,190
85,1925,-733,71,82,143
83,1924,-737,30,152,125
82,1924,-738,-46,129,134
80,1925,-736,46,125,195
79,1928,-737,34,59,249
82,1931,-740,-78,-108,257
86,1929,-735,13,-50,235
88,1926,-738,-162,0,231
91,1923,-740,-309,-1,199
95,1921,-736,-243,-44,129
102,1919,-731,-199,10,83
105,1920,-731,-198,117,130
107,1918,-729,-113,264,108
112,1915,-729,-41,476,57
110,1915,-738,-40,310,77
114,1920,-739,18,428,85
110,1923,-740,122,380,64
104,1924,-741,272,470,47
102,1928,-747,96,430,51
106,1930,-748,22,501,-14
104,1927,-746,87,444,-41
103,1925,-754,-49,442,-76
98,1925,-753,-43,517,-94
98,1924,-758,-100,454,-97
99,1924,-756,-207,634,-195
111,1921,-765,-261,1332,-269
103,1913,-810,-668,1060,-218
118,1889,-836,-953,2132,-370
106,1837,-886,-984,1953,-385
74,1782,-933,-1229,1568,-351
53,1747,-984,-1942,848,-285
39,1710,-1020,-2092,178,-203
29,1676,-1080,-1610,-448,173
21,1654,-1148,-1327,-214,1246
19,1659,-1199,-330,-694,1793
73,1719,-1215,-1282,4013,562
90,1790,-1196,-1902,9032,-1585
69,1818,-1252,-5718,11898,-3412
-28,1812,-1190,-3857,11314,-3477
-43,1902,-1215,-3482,10985,-3897
-153,1974,-1139,-302,7478,-2874
-155,2135,-1177,2787,5271,-2049
-78,2346,-1217,3263,1433,-634
-34,2489,-1136,5821,-2007,863
-7,2637,-1035,3475,-3506,1713
-31,2706,-853,962,-3361,1215
-125,2647,-596,452,-6770,-100
-143,2493,-361,673,-9230,-482
-160,2298,-235,1458,-8644,453
-271,2128,-217,2538,-8411,1665
-415,2004,-292,2585,-10888,2781
-455,1911,-344,-1173,-11335,2666
-361,1753,-310,-4617,-8044,1289
-186,1604,-257,-5000,-3965,285
-3,1508,-269,-4504,-2529,762
235,1504,-347,-3996,-2123,1253
450,1575,-350,-4583,-4876,1022
578,1599,-265,-1432,-7720,1400
679,1648,-255,679,-6495,2110
687,1716,-311,52,-7768,2133
655,1761,-346,1334,-7949,2969
597,1852,-412,-1297,-7639,3575
484,1902,-401,-2787,-8673,3733
401,1898,-424,182,1746,2945
259,1963,-530,-5349,8789,1172
220,2062,-453,-7553,12606,-888
191,2204,-363,-5429,9906,-482
172,2254,-325,-3378,5685,959
119,2207,-449,-2259,2952,1961
22,2207,-490,-4629,1604,1949
-35,2233,-459,-4684,461,2187
-9,2208,-378,-5181,444,2691
48,2134,-358,-1834,847,2687
148,2145,-431,-4526,2365,1833
212,2136,-365,-5721,801,1325
282,2056,-197,-2580,720,1407
332,1933,-225,1515,2316,1197
311,1860,-371,-2464,814,588
303,1814,-253,-5133,-59,277
379,1783,-59,-1213,4661,-555
371,1780,-112,421,4549,-1202
356,1790,-240,-2119,5549,-1665
370,1843,-174,-4286,4879,-2451
425,1894,-6,-3537,7048,-3289
343,1809,108,1393,6818,-2937
243,1756,82,2157,4638,-1978
276,1823,59,1306,5617,-1973
318,2004,102,-1011,7389,-2455
225,2048,174,-126,5595,-2384
136,1930,191,1593,566,-1113
163,1868,190,161,1438,-1524
101,1865,176,97,3363,-1833
-45,1858,191,1930,5443,-1636
-151,1886,135,416,5689,-1771
-166,1894,125,-1804,2890,-2128
-134,1851,196,-2130,-2943,-2293
-115,1847,331,-2403,-3687,-2452
-189,1909,373,-2247,-2743,-2179
-181,2000,289,-1647,1999,-2086
-38,2087,43,-3750,7255,-2713
99,2122,-132,-3821,4845,-2560
99,2195,-210,-4544,1926,-2192
-94,2278,-163,524,-2735,-590
-220,2470,-217,4347,-5643,1864
-276,2660,-344,4541,-5002,3240
-229,2758,-475,4233,1563,2117
-224,2811,-761,3398,4537,1515
-246,2761,-944,1026,-146,2067
-118,2504,-827,1709,-4686,2111
95,2141,-638,5344,-5061,1358
204,1870,-586,5849,-5587,1163
177,1711,-594,4795,-5632,742
43,1630,-541,5978,-5876,754
-79,1622,-523,6814,-4713,1395
-145,1679,-544,5844,-1950,1757
-163,1759,-615,5672,-774,2064
-117,1868,-706,3685,-529,2575
5,1935,-747,1401,-1573,2162
151,1936,-758,1180,-1797,1229
246,1978,-793,-349,-140,875
225,2037,-741,-440,-1314,1114
219,2066,-667,1032,-1672,974
221,2043,-628,1126,-1642,576
213,2005,-561,2344,-539,338
158,1986,-533,3420,-172,166
97,1975,-533,3621,102,63
34,1957,-539,2930,518,-119
-56,1927,-570,3189,133,-240
-134,1934,-640,1713,-67,-452
-134,1952,-674,290,1469,-718
-80,1973,-665,22,2022,-958
11,1975,-667,191,1162,-1026
100,1986,-654,81,614,-1138
127,1997,-616,814,158,-1042
116,1994,-604,1238,221,-637
102,1993,-611,715,493,-528
91,1978,-607,550,888,-626
63,1953,-592,795,1037,-488
34,1945,-587,894,1010,-419
17,1952,-592,496,1063,-444
16,1966,-601,44,1266,-505
16,1975,-609,-302,1114,-580
18,1976,-615,-186,750,-563
21,1975,-625,-270,406,-414
23,1978,-618,-71,497,-264
14,1978,-624,9,567,-109
0,1982,-632,-141,475,-37
-13,1980,-638,113,460,-104
-22,1972,-632,145,342,54
-16,1958,-626,239,408,90
-9,1942,-626,93,44,147
-3,1934,-630,238,-156,115
0,1937,-634,504,-107,197
7,1949,-640,354,-303,421
20,1960,-637,110,-274,400
40,1967,-630,-22,-113,329
51,1970,-628,-77,-241,317
59,1966,-624,60,-32,184
60,1959,-625,-42,282,146
55,1947,-628,131,454,187
55,1947,-637,221,585,223
54,1959,-643,199,450,230
53,1970,-645,171,451,235
48,1966,-643,414,538,203
40,1963,-656,277,309,218
33,1954,-665,301,14,298
46,1954,-668,212,136,298
59,1958,-660,228,415,291
59,1958,-662,285,220,262
59,1961,-664,97,271,273
61,1958,-662,250,256,302
62,1955,-662,412,285,334
58,1956,-665,256,374,346
48,1957,-659,389,438,447
45,1961,-662,116,446,416
49,1956,-660,-152,546,309
57,1949,-656,-167,659,246
66,1945,-661,-175,791,159
69,1945,-661,10,726,237
73,1949,-660,80,607,247
75,1949,-667,172,536,167
74,1948,-671,61,545,173
68,1943,-670,156,506,251
58,1945,-673,134,323,199
54,1945,-672,244,748,115
50,1945,-675,337,968,42
45,1946,-684,299,775,56
47,1952,-688,253,683,75
51,1960,-688,373,672,80
51,1967,-693,388,353,55
55,1966,-693,292,293,57
54,1959,-690,290,147,53
54,1954,-687,166,128,81
56,1946,-686,243,112,116
57,1942,-685,-76,152,151
54,1932,-676,-40,284,112
52,1925,-674,-62,329,105
52,1923,-680,-58,194,161
57,1924,-688,-32,64,223
69,1930,-691,-23,203,101
73,1934,-696,105,254,134
71,1941,-700,114,179,163
70,1945,-697,230,155,156
65,1949,-697,250,285,43
62,1951,-697,59,113,170
57,1949,-695,140,80,177
55,1948,-693,106,150,222
57,1946,-697,-4,232,170
62,1944,-695,-74,222,245
71,1942,-697,-136,147,172
77,1938,-699,-32,8,195
82,1939,-703,-121,22,250
79,1940,-700,76,18,270
77,1935,-701,31,-153,303
85,1933,-696,-69,142,263
86,1931,-693,51,168,216
83,1930,-694,75,190,138
83,1928,-693,-57,407,112
80,1930,-696,-96,570,111
84,1932,-693,52,741,37
90,1937,-701,84,801,-48
96,1942,-705,-122,795,-25
93,1945,-704,265,577,44
92,1955,-715,90,680,45
86,1957,-716,59,632,-26
81,1949,-710,119,605,-5
79,1943,-713,-1,533,21
73,1938,-715,153,277,44
76,1938,-722,-151,307,-1
75,1934,-721,-199,344,0
75,1928,-715,100,412,31
78,1927,-720,-29,353,62
80,1924,-719,185,412,82
74,1928,-721,133,297,75
69,1930,-724,169,197,120
69,1930,-720,112,234,121
70,1930,-721,129,362,54
67,1934,-725,1,223,67
65,1938,-720,-40,305,6
63,1937,-721,-121,220,-17
68,1934,-721,-91,186,12
74,1938,-724,-127,128,72
74,1943,-722,-75,133,67
64,1942,-716,-33,-189,120
63,1937,-711,-121,-125,153
66,1931,-710,-226,118,54
75,1928,-714,-330,369,-11
74,1924,-711,-155,296,-16
70,1926,-712,115,80,39
69,1936,-717,-124,-36,117
62,1937,-713,-77,-82,89
65,1935,-713,-308,154,5
68,1929,-714,-293,197,-51
78,1925,-722,-305,341,-133
73,1918,-726,-296,209,-148
80,1899,-761,538,702,-390
81,1898,-817,-814,1104,-471
92,1873,-839,-1041,2121,-247
84,1810,-883,-1121,3227,68
42,1718,-931,-782,3481,308
-7,1645,-1025,464,3221,931
-49,1639,-1127,36,461,2081
9,1645,-1140,158,137,2582
108,1680,-1194,-2183,2101,1378
145,1697,-1251,-2982,2679,253
184,1711,-1304,-4219,5197,-1214
198,1731,-1256,-7238,8485,-3308
105,1727,-1158,-3808,7946,-3819
10,1835,-1113,-184,4346,-2889
-36,2020,-1118,3591,2077,-2331
-167,2267,-1186,5324,-1076,-1462
-222,2531,-1186,2622,-2895,-676
-230,2680,-1097,3328,-4073,258
-207,2745,-993,-8,-4231,662
-205,2712,-744,-727,-9733,1026
-103,2586,-410,-553,-14308,561
-4,2444,-179,-6,-14586,403
-23,2318,-102,2187,-9843,2348
-120,2187,-147,3192,-4280,3290
-248,2064,-214,2642,-2251,2409
-315,1957,-330,796,-4736,2315
-277,1812,-422,-2046,-9759,3376
-5,1639,-365,-280,-5714,3513
246,1522,-405,-56,-4115,2996
381,1459,-408,-413,-3008,2689
448,1439,-403,-509,-2876,2698
523,1441,-388,475,-3785,2459
569,1459,-393,3572,-6163,2710
569,1545,-409,5051,-8326,3216
580,1645,-415,4887,-7211,2477
483,1686,-480,5684,-5181,1876
325,1742,-654,2309,-2482,1764
216,1786,-676,-957,-386,702
151,1815,-655,534,-1576,336
119,1900,-733,855,-4069,1082
223,2054,-728,-3147,4128,78
163,2131,-745,-3947,4285,-210
162,2157,-728,-5180,6298,-1001
197,2186,-738,-5412,10620,-2146
25,2317,-688,-5486,3869,-458
-62,2418,-586,-2163,1402,1147
-64,2386,-711,-2840,-1264,1996
83,2307,-701,-6762,1816,1710
189,2258,-660,-6365,2082,1176
238,2213,-553,-5033,402,798
265,2059,-603,-334,1050,1327
292,1970,-640,-6183,772,1099
324,1823,-497,-4782,971,238
369,1748,-390,-3796,3072,-503
393,1663,-404,-3068,4334,-1029
388,1620,-393,-4796,4192,-1831
378,1591,-278,-3833,4350,-2373
365,1644,-152,-4024,6533,-2262
334,1706,-62,-1390,9819,-2466
262,1790,-69,-1536,10969,-2968
185,1813,-49,307,9470,-2371
160,1846,-32,1929,1645,-362
296,1983,-13,-932,2212,-531
227,2034,-11,-2026,5237,-1907
55,2007,12,-2714,9017,-3506
-82,1886,60,-2090,7694,-3892
-85,1743,56,-1879,2675,-3558
-14,1713,137,-5512,4000,-3940
-60,1708,210,-2689,5028,-3258
-130,1826,104,-3560,2466,-1816
-53,1934,-7,-2955,2583,-1650
8,2070,-131,-2183,4393,-2447
-28,2239,-320,-1673,2310,-2074
-113,2358,-455,236,356,-614
-174,2433,-524,3053,805,992
-234,2578,-743,7608,8730,1915
-542,2839,-1133,5912,3799,4156
-631,2908,-1164,2112,-8607,5272
-178,2651,-954,1520,-7183,3511
292,2366,-832,-1222,-4205,333
469,2083,-733,-2403,-158,-1923
293,1804,-607,2432,-834,-2575
6,1637,-544,7973,-3308,-2238
-180,1640,-584,8032,-2191,-1365
-285,1717,-618,6761,-2052,754
-292,1806,-622,6990,-2100,2637
-239,1851,-675,4880,-2439,2626
-150,1847,-735,1133,-3360,1548
-12,1889,-725,-1024,-3539,140
104,1943,-684,530,-2333,-563
161,1971,-657,1310,-2132,-302
178,1949,-640,1737,-1391,62
149,1929,-644,2012,-1331,545
103,1929,-642,1995,-1422,1021
49,1934,-631,2234,-1304,1178
8,1943,-622,2352,-1109,1053
-18,1951,-616,2336,-843,618
-19,1970,-641,1568,407,44
-52,2000,-652,710,-162,-44
-74,2018,-663,733,194,26
-65,2016,-706,-571,530,-19
-34,2001,-704,-882,582,-57
17,1976,-696,-394,-193,-110
72,1949,-684,-189,-544,-150
99,1931,-662,383,-625,76
91,1943,-640,667,-40,226
62,1968,-632,668,339,162
35,1979,-638,-56,633,-114
11,1966,-624,-573,667,-299
6,1941,-611,-621,778,-312
13,1927,-628,-1049,1426,-274
0,1931,-630,-1240,1237,47
-4,1950,-618,-225,1244,356
-8,1979,-644,-448,1300,355
-7,1997,-648,-867,725,374
7,2007,-642,-484,286,332
25,2011,-638,-714,166,268
43,2006,-621,-480,736,156
46,2002,-617,-498,1056,-89
37,1992,-606,-304,882,-42
27,1981,-586,-63,861,21
7,1973,-579,258,709,92
-8,1971,-582,1,650,233
-6,1959,-584,-144,748,259
-1,1955,-587,-229,869,272
-2,1955,-586,-12,483,449
9,1960,-588,191,284,483
18,1969,-593,74,425,381
12,1969,-594,353,161,428
15,1969,-602,459,72,503
24,1970,-600,606,221,507
27,1969,-604,769,177,468
27,1969,-617,469,201,333
26,1963,-613,596,42,293
35,1967,-622,538,57,178
44,1975,-625,240,279,118
47,1970,-627,439,296,183
47,1969,-633,286,420,138
48,1965,-642,216,510,166
51,1965,-654,102,544,214
52,1960,-657,1,612,286
52,1954,-647,83,464,306
45,1946,-647,-11,678,244
31,1943,-653,-146,747,232
26,1943,-657,-142,820,284
30,1943,-663,-60,942,171
36,1943,-663,18,1003,116
41,1946,-665,272,1047,73
40,1948,-679,281,563,83
45,1950,-686,231,496,99
40,1954,-689,254,249,105
30,1956,-691,178,97,77
22,1960,-689,21,-112,107
25,1963,-678,-150,-1,136
27,1959,-667,-91,-65,155
33,1960,-664,-361,-44,80
45,1961,-657,-449,-42,131
49,1956,-649,-186,-418,177
49,1957,-646,-154,-503,148
48,1961,-641,-380,-534,268
47,1958,-634,-445,-222,247
48,1950,-636,-676,-4,133
57,1943,-635,-654,213,48
61,1943,-629,-361,117,78
59,1945,-628,-144,-128,205
63,1954,-628,-110,132,210
56,1958,-629,161,233,230
59,1964,-640,-87,315,208
66,1964,-639,-51,385,203
69,1964,-638,67,465,133
69,1964,-638,164,370,109
67,1966,-636,85,383,142
60,1965,-636,281,297,212
59,1966,-642,170,355,183
57,1969,-642,66,383,113
60,1973,-642,64,515,74
56,1976,-640,25,507,-3
53,1974,-642,-119,426,-44
50,1974,-641,-228,339,-31
53,1975,-641,-226,442,-27
51,1974,-647,-402,300,-41
48,1971,-645,-399,302,11
46,1969,-642,-350,278,70
48,1962,-643,-431,164,38
53,1952,-635,-337,315,73
46,1947,-635,-105,80,170
41,1946,-637,-69,18,179
42,1953,-641,-147,97,183
44,1954,-644,-246,175,182
47,1951,-641,-36,250,121
48,1945,-646,36,182,129
47,1940,-655,-77,-91,160
50,1936,-662,-185,-160,171
64,1934,-656,-237,210,151
73,1930,-647,42,384,207
79,1940,-650,-113,372,236
65,1950,-640,338,55,438
54,1963,-644,78,87,388
53,1967,-649,-334,397,283
54,1961,-654,-334,393,300
65,1960,-660,-522,406,237
71,1963,-656,-555,227,218
77,1965,-643,-226,327,173
76,1965,-639,-169,423,77
69,1961,-638,-161,429,30
66,1964,-637,-183,486,37
66,1963,-636,-145,618,-22
60,1958,-634,-50,439,-30
60,1953,-632,-32,537,-27
59,1950,-632,61,588,-91
63,1953,-637,-42,568,-64
67,1958,-633,228,320,-27
67,1966,-632,163,372,-21
57,1967,-630,228,242,24
51,1970,-629,115,381,11
48,1966,-635,-58,248,-27
51,1963,-634,-126,267,3
52,1962,-631,-69,245,38
52,1960,-634,-57,95,79
59,1958,-635,-67,29,146
71,1958,-634,-100,87,175
77,1955,-632,76,105,127
75,1952,-633,1,45,126
73,1949,-631,-32,238,140
71,1946,-634,157,357,116
72,1953,-638,-39,554,115
72,1954,-638,136,526,94
80,1958,-646,168,558,80
84,1965,-650,33,700,27
76,1962,-651,434,634,9
63,1965,-660,447,510,81
52,1973,-668,201,447,65
45,1973,-663,295,354,84
46,1976,-664,41,252,81
40,1972,-658,-100,34,108
36,1958,-654,194,-27,165
34,1950,-659,-122,-10,231
38,1942,-657,-44,77,226
43,1938,-663,-122,-77,240
55,1940,-657,-131,-145,221
63,1943,-650,219,-309,285
66,1950,-649,96,-306,244
63,1948,-651,-26,-211,184
57,1944,-648,39,-257,210
57,1949,-650,-104,107,177
57,1955,-649,-77,71,174
60,1957,-647,-6,62,105
65,1954,-647,-81,356,30
64,1951,-647,-69,430,23
65,1948,-654,-169,320,24
68,1949,-655,25,279,14
65,1957,-657,142,223,99
59,1961,-660,104,89,134
63,1958,-659,33,277,42
62,1955,-658,-60,392,54
62,1953,-656,43,381,4
64,1955,-660,-129,250,33
68,1952,-658,-157,257,14
59,1935,-660,-88,333,-103
74,1909,-684,364,1519,-458
80,1900,-735,-722,2422,-692
102,1868,-767,-803,4241,-845
101,1802,-822,-285,5765,-905
55,1701,-902,1094,5127,-590
15,1616,-981,2219,2735,209
26,1581,-1049,2674,1367,944
50,1590,-1111,2825,1187,1201
55,1636,-1144,2916,1987,720
52,1708,-1212,1043,1373,-235
46,1767,-1246,-308,1806,-1501
53,1825,-1269,-3979,6355,-3458
-60,1871,-1174,-5739,7733,-3643
-172,2022,-1084,555,4724,-2093
-160,2338,-1173,1315,311,-1287
-195,2587,-1141,938,-3771,-1167
-197,2685,-1062,1566,-3559,763
-174,2707,-1039,-573,-2786,1752
-154,2619,-809,-2929,-6731,1472
-67,2449,-473,-1329,-9014,835
4,2312,-281,-190,-9492,1100
26,2207,-216,735,-6959,2446
-19,2097,-248,3072,-4722,3500
-90,2029,-329,2294,-3672,3220
-188,1942,-391,1062,-6177,3325
-192,1831,-374,39,-7830,3412
-118,1696,-366,146,-9639,3682
51,1594,-385,-1805,-6673,3260
162,1515,-434,-2566,-6520,3029
311,1517,-493,-3170,-4824,2212
445,1569,-530,-2009,-3509,1160
519,1622,-511,-361,-4502,930
567,1663,-502,1088,-5199,1101
551,1703,-476,1847,-6140,1533
492,1734,-496,2651,-5242,2332
338,1776,-581,1732,-4331,2592
139,1842,-667,-1278,-3963,2229
46,1932,-724,-2449,-3990,1739
175,1992,-694,-3510,3464,603
182,2030,-618,-4629,5516,338
57,2088,-568,-1208,-419,1395
71,2212,-636,-4050,2285,867
78,2240,-583,-5780,601,753
119,2198,-538,-1958,3419,1029
107,2226,-651,-5755,1594,1008
84,2235,-589,-7145,129,951
96,2212,-437,-3547,369,1486
64,2154,-447,-206,-1913,2949
153,2098,-532,-5293,-162,2593
224,1997,-482,-6533,-746,2135
271,1951,-286,-5020,-985,2500
306,1883,-237,-174,85,3135
349,1833,-404,-2252,1763,1914
339,1770,-329,-6999,-214,110
355,1736,-87,-4599,-100,-203
409,1753,-38,-1447,3293,-73
434,1769,-143,-4073,7199,-1428
318,1753,-142,-3859,2769,-1712
355,1808,-22,-2702,446,-1435
448,1880,109,-2921,5187,-2284
401,1898,137,-2614,11310,-3967
206,1852,147,376,9159,-3482
244,1883,82,310,3497,-1867
475,1949,134,-2727,5234,-2414
435,1908,224,-473,7496,-3661
214,1782,205,645,7284,-3414
59,1666,173,1312,3437,-2750
94,1681,192,-1899,3911,-3322
58,1682,261,-389,3672,-3750
-63,1734,226,798,5227,-3643
-206,1902,126,-1064,5530,-2514
-237,2068,18,1673,2765,-817
-157,2221,-184,864,3110,-806
-159,2296,-340,1590,1876,-909
-201,2419,-451,3230,407,300
-223,2559,-547,3418,180,1293
-174,2648,-697,4604,3317,831
-276,2729,-909,4772,1584,1515
-397,2751,-1035,4345,-6829,3259
-242,2552,-909,6613,-8403,2947
58,2246,-839,7756,-6284,2041
248,2005,-803,4320,-4751,776
219,1816,-712,4079,-4503,-329
65,1678,-661,6121,-3676,-1068
-105,1639,-708,5124,-2826,-788
-202,1722,-724,3639,-1012,1156
-222,1858,-720,4879,-85,3114
-184,1932,-748,4724,-1745,3640
-51,1914,-822,1477,-2471,2216
125,1911,-844,-2155,-808,34
205,1940,-801,-1251,-756,-680
236,1960,-749,400,-1702,-306
237,1970,-726,730,-1824,-11
189,1993,-705,434,-476,-124
104,2011,-665,477,-706,140
17,1991,-642,2283,-1259,163
-49,1960,-674,2011,-1361,77
-87,1941,-678,624,-164,-436
-130,1927,-689,104,-240,-659
-125,1933,-695,-1063,-192,-775
-68,1953,-690,-1623,-13,-1141
0,1975,-672,-1499,431,-1387
34,1968,-657,-872,825,-1128
43,1948,-645,-349,1163,-854
50,1928,-646,-195,816,-665
55,1917,-626,39,325,-286
58,1915,-601,428,-42,-28
45,1932,-584,613,413,-109
18,1957,-569,469,865,-163
-8,1967,-558,498,761,-240
-7,1974,-564,-14,1111,-373
1,1976,-567,-558,1673,-343
-11,1972,-560,-391,1557,-141
-22,1975,-561,-384,1863,-175
-31,1975,-575,-114,1446,2
-17,1982,-587,-192,1376,149
1,1982,-585,-54,1427,262
7,1973,-587,71,1469,294
-19,1965,-589,573,958,406
-35,1968,-611,656,754,432
-32,1971,-629,200,911,359
-18,1961,-627,377,969,285
-1,1949,-629,631,1015,188
4,1946,-640,534,998,156
-10,1955,-639,735,656,252
-27,1968,-651,819,282,296
-35,1971,-666,568,232,394
-29,1972,-666,341,515,312
-15,1966,-673,45,632,189
5,1961,-668,-83,526,117
26,1961,-667,112,368,47
36,1964,-663,190,401,55
27,1961,-660,616,54,180
22,1964,-667,584,-6,189
13,1962,-675,376,6,149
3,1957,-680,253,-6,209
-1,1953,-680,3,161,258
-4,1956,-669,-191,247,210
1,1963,-663,-203,108,182
11,1968,-666,-435,237,150
14,1964,-658,-197,-25,210
26,1963,-658,-62,97,261
35,1959,-660,29,115,295
40,1949,-656,212,173,259
38,1951,-656,185,325,187
26,1961,-659,60,366,147
6,1967,-658,-1,134,217
5,1968,-660,-180,185,189
18,1967,-663,-255,498,31
23,1960,-662,-281,504,6
25,1951,-657,-237,486,-29
20,1947,-653,30,272,15
17,1951,-655,-103,330,28
6,1952,-654,62,294,54
-2,1957,-666,-2,236,115
0,1959,-670,-236,386,135
5,1954,-665,-136,265,121
12,1949,-663,-166,138,117
19,1942,-659,-62,181,100
18,1942,-663,-178,221,125
6,1943,-663,-51,112,163
2,1941,-664,73,19,195
11,1938,-669,83,104,228
20,1940,-674,-32,218,169
26,1943,-675,-68,335,160
22,1948,-674,-49,273,149
19,1950,-672,-43,260,151
16,1950,-671,-71,230,148
23,1950,-668,-161,392,98
28,1955,-668,-58,341,96
28,1962,-668,-27,302,129
26,1963,-665,-9,325,79
22,1960,-663,-52,270,86
20,1955,-658,-43,375,114
23,1955,-662,-82,353,87
18,1957,-664,-64,181,117
18,1959,-662,-100,377,95
13,1955,-660,-189,182,165
14,1955,-660,-67,326,192
18,1952,-661,-207,232,134
25,1950,-662,-178,198,147
29,1949,-662,-121,131,139
28,1950,-664,-12,224,135
21,1953,-668,-113,135,177
16,1952,-666,8,114,231
22,1952,-668,-126,194,119
26,1950,-671,-37,175,127
29,1949,-670,-48,86,171
28,1953,-661,168,160,188
25,1959,-663,46,317,150
20,1959,-660,35,328,109
22,1955,-660,109,402,159
25,1954,-665,-9,406,127
24,1951,-664,177,362,129
24,1953,-667,61,237,208
28,1952,-663,33,274,204
28,1951,-663,80,249,224
30,1953,-664,77,380,212
32,1955,-662,40,579,161
32,1952,-663,-50,455,175
34,1950,-665,13,333,135
36,1950,-667,125,309,122
34,1950,-675,47,272,141
36,1946,-678,-30,435,78
30,1935,-678,182,262,153
31,1938,-682,111,348,151
23,1942,-689,361,-36,217
25,1952,-693,108,95,227
26,1956,-690,218,128,209
28,1953,-692,62,10,181
37,1947,-688,-191,147,135
37,1937,-673,160,-120,168
40,1938,-669,77,-64,188
41,1943,-668,-40,225,142
33,1946,-672,-47,143,186
35,1945,-679,-239,276,197
40,1945,-682,-405,441,258
46,1944,-685,-305,262,284
55,1943,-694,-202,-82,317
74,1948,-698,-421,324,207
72,1948,-689,-326,321,253
68,1946,-682,-26,303,197
64,1946,-690,137,317,124
58,1956,-688,42,263,180
50,1964,-686,162,307,145
40,1969,-689,-89,493,79
36,1963,-688,-246,541,22
39,1958,-692,-466,591,-8
43,1951,-686,-346,320,26
50,1946,-685,-305,135,57
55,1944,-679,-268,307,78
54,1941,-677,-167,292,101
49,1936,-674,-35,260,157
46,1931,-673,129,290,179
38,1934,-676,103,90,240
36,1941,-675,60,122,189
34,1946,-676,17,106,177
34,1951,-677,-104,243,104
36,1951,-678,-93,179,93
42,1952,-679,-189,302,95
48,1953,-674,-109,293,94
50,1951,-675,17,165,84
55,1953,-676,-166,255,69
48,1955,-673,-7,128,202
49,1961,-673,-78,290,154
47,1957,-669,-136,273,91
47,1952,-670,-99,279,103
49,1951,-674,-154,130,100
52,1954,-671,-267,230,90
49,1953,-667,-256,51,122
51,1950,-663,-83,318,60
48,1951,-666,-122,287,140
50,1950,-669,-154,171,106
51,1943,-672,-307,97,27
48,1927,-667,134,296,-53
54,1912,-693,513,644,-293
77,1907,-743,104,2693,-642
33,1889,-786,-353,2619,-306
26,1836,-824,233,3722,-40
17,1760,-914,507,4106,-64
-15,1658,-1019,1694,1949,501
-18,1605,-1083,2223,-480,1488
28,1608,-1128,1913,-623,1719
53,1645,-1160,1657,730,1093
34,1727,-1218,-1605,1266,112
30,1752,-1253,-2357,1685,-804
37,1741,-1289,-3667,4528,-2232
11,1726,-1281,-5780,7342,-3114
-38,1764,-1171,-3871,7912,-2997
-48,1909,-1079,-768,7554,-2921
-99,2180,-1135,2098,2009,-2016
-155,2509,-1102,1486,-2628,-843
-244,2724,-1043,1320,-6149,102
-272,2821,-979,-1475,-5592,1682
-276,2802,-811,-3810,-9010,2612
-147,2679,-462,-4165,-12068,1912
12,2492,-206,-3758,-11435,1439
67,2316,-98,-2628,-7167,2626
40,2153,-79,-286,-2402,3203
-18,2043,-135,-227,-1472,2778
-41,1953,-198,-892,-2712,2812
-19,1861,-221,-2865,-4483,3129
-4,1716,-213,-1710,-6607,3656
88,1619,-213,-3029,-5227,3636
168,1545,-250,-2941,-4340,3443
265,1529,-280,-3139,-3721,2815
411,1551,-286,-2348,-2566,1414
499,1563,-269,-337,-3725,856
541,1586,-224,1613,-4927,1278
517,1596,-156,4917,-5033,2112
456,1618,-256,9145,-4682,2927
421,1731,-568,3157,-1717,2296
231,1813,-608,-1279,-3289,524
158,1929,-491,-460,1095,-1861
55,2054,-463,1178,305,-2363
-18,2085,-502,-1786,-3727,-423
159,2082,-386,-849,3601,-726
167,2125,-537,2086,175,-21
148,2223,-625,-5405,590,-396
143,2204,-482,-1426,2281,-1223
128,2178,-489,-1357,3814,-1275
69,2170,-537,-3792,1975,-499
-9,2181,-448,-1902,-1695,959
18,2180,-430,-697,-1002,1555
62,2131,-495,-1925,-400,1360
128,2088,-475,-4475,533,187
159,2074,-338,-3818,802,272
158,2023,-343,1751,-621,1559
257,1953,-509,-1229,1398,1261
338,1884,-472,-6246,423,-534
372,1830,-273,-3003,1099,-755
385,1842,-229,-316,2232,-107
399,1839,-310,-2331,3446,-315
363,1783,-303,-3405,2372,-1125
333,1763,-172,-2447,2434,-1919
309,1833,-136,-1925,4626,-1973
252,1935,-84,-4519,6443,-1466
174,1901,1,-1566,5088,-13
184,1880,65,-49,2957,860
256,1867,-11,-895,1507,-28
316,1895,18,-3535,6340,-1968
214,1833,58,-1255,8853,-2296
73,1763,49,-23,5813,-1682
140,1795,59,-3089,5631,-2409
208,1835,112,-3735,3553,-3365
165,1866,257,-4203,3556,-3634
8,1854,310,-1492,2239,-2916
-128,1975,221,-2809,3907,-1747
-216,2128,66,-645,2564,312
-192,2305,-155,-680,2614,918
-149,2396,-284,-1108,1083,231
-141,2396,-354,-248,-1009,-328
-135,2420,-401,1249,2562,-373
-200,2574,-686,2949,8011,406
-463,2768,-1027,2819,-3900,3692
-384,2786,-922,1109,-7011,4161
-82,2490,-682,4029,-4443,2320
164,2217,-644,3077,-4106,1405
257,1988,-620,561,-3278,214
172,1769,-527,5034,-2707,-404
32,1665,-529,7128,-1720,-640
-95,1641,-524,6973,-124,-563
-165,1680,-548,7413,276,418
-153,1790,-601,6679,782,1466
-137,1889,-667,5610,-540,1657
-121,1921,-725,4377,-2890,1290
-22,1979,-765,1879,-2618,499
91,2035,-736,1190,-1881,-125
170,2038,-674,1975,-2082,-403
214,1998,-626,2228,-1508,-443
200,1963,-589,2854,-101,-289
141,1948,-594,3484,-322,81
77,1927,-608,3638,-259,294
19,1909,-619,3274,-410,322
-28,1892,-639,3587,-1157,333
-42,1909,-679,2885,-1433,230
-38,1943,-701,2372,-603,113
-28,1967,-751,2294,-1290,414
10,1997,-755,625,-638,349
46,2001,-740,174,-109,421
90,1988,-759,-337,-88,569
140,1957,-771,-830,1471,531
116,1925,-778,-831,-405,1147
113,1918,-713,-143,-1421,1640
156,1917,-718,-116,484,1288
115,1919,-722,-955,-225,1629
98,1918,-706,-45,-109,1808
105,1946,-718,-863,-308,1825
147,1961,-695,-865,281,1450
193,1959,-672,-864,536,1102
230,1964,-666,-1183,1427,894
235,1961,-648,-533,1283,719
219,1946,-630,69,1643,260
170,1924,-620,853,1922,99
113,1923,-642,769,1768,158
86,1931,-658,853,2192,174
75,1946,-698,296,2428,-76
72,1968,-705,-174,2095,-274
61,1976,-689,299,1216,-104
49,1976,-700,144,519,87
49,1978,-697,-344,254,215
79,1967,-690,-478,476,-43
117,1943,-689,-720,441,-347
150,1917,-669,-431,1113,-615
158,1900,-657,25,1253,-714
150,1911,-642,516,1416,-568
119,1937,-653,519,1054,-277
103,1953,-667,244,971,-81
110,1955,-669,-84,1247,-143
130,1948,-673,0,1130,-242
151,1942,-679,-39,876,-420
159,1950,-666,-54,624,-431
129,1958,-653,339,-175,-149
107,1957,-654,362,-276,60
102,1950,-660,56,16,176
107,1941,-656,68,362,192
110,1936,-664,244,152,138
119,1945,-678,76,143,73
119,1960,-686,95,341,54
104,1968,-695,29,262,142
93,1967,-706,-272,-267,209
103,1964,-713,-91,-294,261
113,1965,-718,134,-300,324
115,1957,-721,526,-539,404
117,1945,-728,535,-803,294
120,1935,-732,125,-446,132
110,1923,-744,247,-765,155
107,1924,-745,-166,-879,99
106,1920,-732,35,-912,172
114,1918,-731,-196,-875,328
125,1907,-726,-320,-688,326
139,1899,-720,-196,-629,357
145,1902,-711,-460,-510,354
140,1903,-696,-284,-200,278
118,1914,-694,-15,-540,404
128,1930,-703,-536,-365,403
148,1933,-702,-579,-209,268
155,1931,-694,-496,-322,135
152,1938,-685,-432,-411,70
140,1944,-675,-209,-297,62
130,1945,-671,-107,173,50
120,1939,-676,-268,430,3
114,1933,-676,-163,712,-51
115,1933,-677,-193,874,-121
120,1928,-672,213,798,-27
130,1928,-680,385,786,-85
128,1930,-693,418,629,-62
121,1931,-693,583,709,-49
113,1929,-699,698,691,-105
110,1933,-706,578,731,-58
102,1935,-710,683,403,-73
96,1942,-715,592,396,-42
92,1948,-713,471,451,-63
90,1954,-712,400,447,-110
92,1950,-708,284,469,-179
98,1936,-703,303,465,-160
104,1929,-706,358,454,-117
106,1928,-710,356,352,1
106,1925,-713,448,350,15
104,1918,-718,317,138,66
101,1913,-715,389,375,77
94,1911,-724,414,189,122
95,1918,-732,305,307,116
97,1926,-738,436,190,131
102,1940,-747,265,269,101
103,1943,-750,116,244,77
102,1933,-755,308,123,-18
99,1926,-761,91,11,25
97,1920,-754,329,153,64
91,1924,-752,175,94,139
89,1922,-749,190,65,209
87,1920,-751,106,199,225
81,1917,-755,-62,139,237
84,1911,-760,-204,107,273
102,1907,-762,-210,82,246
116,1909,-759,-144,108,144
115,1916,-756,28,-11,138
108,1925,-758,58,-227,165
105,1930,-754,-186,-177,185
100,1929,-750,-195,-108,160
97,1924,-749,-433,-136,48
94,1916,-747,-482,-229,24
93,1919,-748,-254,-338,148
95,1935,-748,-358,-192,265
97,1933,-740,-340,-308,315
102,1919,-736,-423,-617,381
116,1913,-727,-589,-448,367
118,1906,-728,-494,-363,293
121,1912,-729,-583,-139,306
127,1922,-720,-382,54,275
126,1922,-720,-104,-163,290
138,1919,-723,-429,162,239
148,1910,-723,-327,565,155
153,1903,-730,-35,813,84
154,1909,-729,203,828,18
141,1919,-728,741,679,70
127,1932,-736,748,664,130
116,1939,-744,557,700,126
110,1934,-749,429,680,113
116,1926,-757,213,667,14
127,1923,-757,57,846,-120
124,1921,-752,478,684,-39
119,1925,-756,474,719,-9
110,1923,-766,314,467,52
112,1918,-773,114,379,132
112,1913,-773,-131,550,24
113,1907,-771,146,608,-1
117,1915,-782,-4,355,24
112,1923,-785,78,81,53
100,1927,-779,147,-276,140
98,1932,-773,-300,-125,127
94,1925,-765,-194,-90,124
98,1919,-763,-478,8,65
103,1915,-759,-570,103,42
108,1912,-753,-457,105,51
110,1911,-748,-362,-99,120
116,1913,-744,-539,-16,105
117,1909,-739,-449,-55,94
121,1910,-737,-469,14,67
125,1913,-742,-599,274,-24
126,1911,-743,-616,305,-151
123,1903,-739,-581,296,-258
134,1906,-740,-589,761,-518
125,1897,-761,-272,982,-512
120,1881,-780,-375,2099,-538
122,1851,-811,-549,3173,-810
112,1800,-852,-418,3469,-1221
74,1729,-923,454,2700,-1048
49,1671,-1006,1109,1978,-325
25,1645,-1095,555,151,513
53,1650,-1163,-37,-109,496
85,1675,-1202,-286,-581,-84
122,1695,-1201,-884,610,-521
152,1705,-1222,1,1133,-819
144,1719,-1240,454,4209,-1726
89,1774,-1272,-2164,7992,-2910
12,1811,-1244,-5730,11273,-3860
-104,1880,-1114,-5760,8811,-3935
-99,2041,-1100,-715,5668,-3323
-91,2270,-1111,392,584,-2474
-138,2439,-1017,250,986,-1616
-205,2575,-987,439,1942,-210
-168,2649,-921,-2092,-873,213
-71,2566,-605,-3442,-5497,-201
-11,2428,-275,-1074,-8753,-277
-15,2352,-147,517,-10108,1316
-25,2305,-136,1129,-5181,2624
-132,2248,-212,509,-1094,2042
-272,2162,-260,-1449,-702,1193
-298,2040,-257,-1970,-2851,1652
-216,1890,-238,-2609,-5573,2343
-76,1705,-270,-2767,-6156,2850
57,1582,-293,-3905,-5268,3029
161,1549,-317,-3892,-3194,2633
256,1604,-313,-3333,-2238,1739
349,1651,-306,-1412,-3583,1154
448,1677,-281,-196,-4970,999
495,1675,-200,3026,-6850,1504
482,1680,-244,6975,-8565,2852
473,1755,-419,3688,-6992,3166
393,1768,-509,867,-4284,1352
226,1745,-515,867,-2381,20
33,1819,-569,100,-2016,-639
-55,1967,-523,-2713,-396,-1124
48,2060,-485,-677,4783,-1663
119,2146,-496,-3891,3020,-846
160,2169,-454,-58,3581,-395
97,2224,-476,-1230,2529,-406
18,2219,-517,-377,1682,-163
-37,2225,-534,-1972,-5,-111
-56,2200,-521,-1546,-1960,520
-10,2184,-500,-1711,-1655,1107
87,2130,-502,-2227,-495,1023
169,2056,-425,-1993,23,365
255,1946,-390,-266,1775,-409
394,1859,-440,-2316,5840,-1947
484,1771,-440,-4682,7512,-3497
489,1680,-376,-2116,5651,-3261
559,1633,-393,-1268,4978,-3569
614,1680,-364,-6668,7403,-4708
490,1750,-125,-7471,6948,-4368
211,1790,147,1751,4402,-588
65,1887,23,3521,4564,1783
0,1913,-113,97,5732,478
-13,1925,-110,-1530,9250,-1837
22,2003,-59,-3333,10767,-3349
17,2015,29,-2460,8172,-2384
61,2018,71,-1762,3471,-2044
95,2054,95,-4329,3106,-2605
-87,2070,106,-3036,4249,-2277
-328,2154,-30,-1113,7821,-1266
-569,2393,-271,-5170,4074,682
-542,2558,-361,-2457,-4799,3411
-253,2536,-377,-3109,-3159,2210
-69,2359,-417,-3464,-3224,1054
23,2282,-487,-797,-1166,1071
-107,2327,-613,783,-1012,2535
-308,2347,-718,3634,-3778,4690
-377,2284,-737,4588,-5890,5753
-247,2101,-708,3224,-4511,4935
-16,1907,-713,1467,-4758,3270
188,1757,-655,943,-3529,1234
261,1663,-610,3370,-2480,57
200,1689,-615,6421,-2190,-134
53,1800,-646,7741,-1116,763
-96,1876,-661,8267,-296,2127
-132,1894,-726,7943,-242,2339
-92,1889,-831,5651,-735,1713
-32,1885,-895,4447,-2442,965
41,1893,-901,4314,-4066,744
113,1923,-858,4365,-3000,414
102,1933,-811,4671,-3382,271
79,1929,-792,3837,-2935,-59
52,1921,-773,2548,-2336,-136
37,1918,-742,1955,-2067,-70
37,1921,-743,1377,-2703,-81
68,1931,-768,169,-2483,41
103,1928,-782,-669,-1787,102
126,1918,-773,-397,-1711,29
171,1934,-764,-431,-1277,-190
214,1958,-768,-704,-874,-158
224,1982,-741,-660,42,-115
185,2001,-717,-571,-26,117
149,2005,-691,-98,221,43
119,1980,-695,-418,-399,-70
132,1952,-671,-690,364,-132
134,1938,-653,-523,731,-406
113,1928,-656,-97,668,-524
101,1932,-653,-138,1142,-581
95,1931,-661,569,1831,-612
81,1942,-682,106,1789,-472
63,1945,-671,391,1810,-285
42,1952,-672,642,1354,-157
45,1964,-680,266,1323,-67
60,1957,-682,272,1233,-52
80,1952,-681,30,1329,-20
93,1950,-673,25,1623,-69
79,1951,-673,506,1562,-22
69,1958,-694,135,1448,-170
67,1951,-695,86,1502,-260
59,1945,-703,101,1506,-187
46,1939,-712,-102,1361,-108
40,1927,-714,109,919,38
46,1928,-723,-129,1010,0
45,1925,-729,11,1015,50
40,1926,-732,6,1261,164
14,1930,-726,240,846,385
2,1930,-742,247,588,414
5,1934,-775,-605,-326,303
32,1938,-765,-1107,-366,26
50,1930,-727,-279,-710,54
68,1923,-711,94,-878,87
78,1920,-707,259,-869,45
78,1925,-710,266,-584,-51
73,1928,-720,155,-403,-95
70,1929,-722,-44,36,-185
52,1925,-715,43,-105,-94
43,1919,-710,291,-210,66
51,1918,-712,122,-77,179
70,1913,-712,116,17,241
99,1915,-710,203,331,168
105,1921,-705,283,203,197
103,1929,-704,667,40,232
97,1939,-717,522,-203,286
91,1945,-720,378,-106,286
75,1941,-723,313,-184,368
72,1939,-726,-43,-104,406
74,1941,-723,-253,-64,375
74,1944,-719,-148,148,301
67,1949,-723,-390,225,241
65,1951,-726,-536,223,303
66,1954,-730,-626,-407,441
88,1955,-727,-794,-202,374
100,1949,-720,-625,294,326
108,1942,-716,-325,712,230
118,1937,-730,-407,758,29
116,1932,-733,-491,640,-50
99,1925,-725,-174,313,-4
86,1920,-727,-167,99,62
85,1915,-728,-257,285,73
83,1913,-728,-205,446,128
72,1917,-724,-113,240,176
74,1920,-718,-34,350,84
77,1921,-714,15,328,66
87,1923,-712,61,448,47
100,1925,-712,20,646,-32
100,1919,-710,279,569,-2
91,1919,-717,373,535,10
75,1924,-723,275,667,98
58,1928,-728,274,346,268
60,1937,-733,127,401,183
71,1937,-733,133,623,38
72,1940,-740,-50,408,67
71,1937,-738,46,173,105
73,1935,-741,15,14,98
74,1937,-742,24,117,76
69,1937,-744,-5,155,68
60,1933,-742,-33,117,91
52,1928,-734,58,286,167
49,1923,-739,-22,164,186
55,1920,-739,-275,168,180
64,1918,-735,-251,177,111
69,1917,-734,-381,2,110
74,1917,-732,-335,-71,72
72,1918,-729,-79,-130,95
71,1928,-730,-95,7,85
68,1932,-731,-78,-45,143
70,1935,-728,-295,-9,162
78,1933,-720,-273,-3,130
86,1927,-720,-292,-25,62
91,1925,-714,-444,158,-22
89,1923,-708,-148,212,54
84,1927,-708,-102,197,133
75,1931,-708,-115,126,168
71,1933,-707,-38,-39,218
77,1934,-709,-60,-26,198
81,1937,-707,-85,58,185
85,1935,-708,-146,298,117
80,1929,-707,-104,133,190
83,1928,-708,-2,203,183
84,1931,-710,-7,79,191
86,1931,-713,-33,134,191
88,1927,-709,-177,95,171
96,1919,-706,-98,378,116
96,1919,-710,-29,330,108
95,1927,-716,-15,420,111
85,1931,-713,241,240,131
82,1936,-723,30,335,99
84,1932,-726,-57,457,78
86,1928,-725,104,508,54
87,1928,-732,117,435,56
86,1932,-734,194,257,79
85,1933,-739,163,254,78
80,1930,-737,176,244,20
74,1928,-738,90,307,25
71,1926,-738,134,177,79
78,1927,-742,156,169,111
81,1929,-741,41,164,65
83,1926,-740,38,160,63
87,1925,-745,-95,187,62
88,1923,-740,32,109,80
85,1926,-740,283,-87,152
81,1933,-740,65,11,149
76,1932,-737,180,141,126
78,1931,-740,-203,430,97
77,1928,-735,-182,481,51
75,1926,-738,-16,214,81
81,1930,-742,-254,169,105
82,1927,-735,-64,134,133
83,1926,-737,-110,283,55
80,1926,-739,-210,147,69
85,1921,-733,-78,175,84
88,1919,-732,-132,235,25
81,1916,-726,61,163,68
82,1923,-732,-72,337,23
77,1927,-733,-95,138,91
75,1927,-732,-101,216,90
73,1928,-733,-297,307,22
77,1925,-731,-382,464,-7
81,1921,-726,-325,880,-109
85,1924,-731,-238,623,-98
90,1931,-737,-329,606,-117
90,1930,-731,-352,590,-61
89,1927,-735,-527,843,-151
88,1923,-738,-756,915,-282
88,1918,-747,-426,924,-297
69,1929,-755,-593,387,40
56,1943,-745,-257,182,204
51,1953,-748,-641,77,116
53,1952,-740,-1004,-1,227
61,1945,-719,-889,165,216
70,1939,-712,-1053,500,49
71,1929,-703,-1078,367,46
77,1920,-696,-992,494,3
84,1914,-701,-1064,826,-39
83,1902,-719,-943,1150,-76
77,1881,-742,-891,1701,-64
77,1848,-783,-1031,2676,-221
74,1809,-817,-1101,3750,-435
70,1758,-864,-539,4119,-427
52,1711,-926,-462,3609,-124
51,1677,-977,-330,3583,72
77,1701,-1036,-957,3999,-206
78,1747,-1088,-1505,3155,-561
77,1770,-1110,-1153,2497,-1151
64,1769,-1119,-1228,2985,-1941
63,1763,-1119,-1980,6161,-2966
-37,1736,-1083,-1050,5247,-2820
-84,1785,-1007,701,5263,-2487
-74,1919,-973,1328,4948,-2599
-75,2108,-1007,4180,2493,-2254
-70,2393,-1022,2425,1376,-2427
-123,2576,-960,2858,317,-2027
-135,2662,-906,1524,-502,-1199
-151,2661,-765,-833,-4582,-808
-103,2556,-469,-504,-7468,-418
-23,2409,-272,-455,-6787,-400
0,2276,-208,-99,-4740,226
-31,2157,-220,2005,-3274,1484
-63,2104,-275,1210,235,1411
-195,2048,-312,497,-14,1307
-275,1942,-318,-834,-2809,1786
-221,1768,-321,-1152,-4818,2582
-99,1609,-428,-3530,-8510,3586
161,1520,-402,-4057,-2825,2210
294,1527,-381,-2014,152,711
333,1592,-374,-327,195,261
341,1639,-417,1518,-1637,1124
382,1713,-406,880,-4070,1898
432,1768,-376,4036,-4071,2250
378,1852,-437,6283,-3980,2877
266,1971,-581,2267,-3116,2428
145,2038,-634,-2213,-1363,274
49,2042,-599,-2243,1239,-1144
-61,2036,-660,-2600,286,-646
-117,2060,-762,-6622,-4374,-11
-78,2108,-539,-4470,-813,-589
-100,2143,-525,-1861,-2192,-260
-112,2209,-627,-6860,-2730,238
-127,2220,-590,-6465,-3540,507
-119,2246,-553,-4996,-4730,1196
-30,2250,-528,-6421,-3958,1313
48,2146,-475,-6050,-2580,1223
93,1992,-413,-4013,-888,1059
93,1870,-431,-3224,-787,954
158,1853,-362,-6936,574,83
205,1793,-231,-3408,711,-120
280,1736,-225,-240,1397,-43
423,1728,-343,-2793,2936,-1233
479,1809,-200,-6562,3233,-2465
426,1927,21,-2366,6064,-2165
285,1961,39,-130,6775,-1182
211,1884,-47,-2202,7039,-1298
223,1840,-52,-2903,8999,-2373
213,1861,-21,-3473,9333,-2598
206,1879,115,-3043,11255,-1503
169,1889,175,-280,7798,-513
188,1954,161,-1331,6286,-819
179,1976,165,-644,6031,-2152
55,1995,205,-1543,3642,-2539
-65,1977,272,-2550,2192,-2359
-191,1969,300,-2879,2331,-2652
-316,2043,190,-3633,4016,-2458
-429,2133,92,-4243,3110,-1309
-422,2181,10,-2919,1999,-185
-344,2205,-106,-3205,2274,-191
-317,2230,-209,-2514,380,222
-325,2254,-274,-350,-1628,1732
-318,2270,-331,2086,-2694,2910
-293,2248,-401,3466,-3084,3379
-290,2218,-441,4958,-2967,3658
-330,2228,-549,6407,-2886,4154
-345,2241,-657,6416,-3876,4585
-217,2217,-686,5362,-3593,4034
-52,2129,-659,4874,-3671,3115
83,2026,-615,4983,-3059,2035
129,1944,-611,4182,-1829,837
79,1868,-617,4427,-1262,377
-9,1848,-605,5252,-1308,556
-80,1874,-621,5557,-516,531
-120,1911,-677,5177,-625,600
-65,1974,-728,3381,-490,13
2,1994,-753,2597,-2333,-722
73,1997,-679,2138,-3009,-1267
116,1972,-607,3823,-2428,-1253
73,1977,-624,4081,-3378,-918
-6,2007,-641,3109,-3330,-792
-74,2018,-641,2157,-2840,-378
-110,2004,-620,1459,-2554,75
-76,1993,-608,264,-1568,-34
-29,1967,-596,-857,-575,-372
15,1936,-584,-1086,-294,-249
70,1912,-573,-1298,105,44
110,1897,-554,-775,807,213
125,1900,-539,-374,1229,356
115,1925,-531,507,1266,482
87,1960,-535,1013,1427,444
38,1999,-550,1663,768,670
15,2042,-581,1179,728,708
11,2068,-607,314,876,506
3,2071,-606,-119,1710,-22
-20,2053,-601,-188,1869,-264
-30,2030,-599,-351,2252,-543
-62,2008,-592,-33,1495,-517
-77,1996,-601,267,1013,-345
-75,2002,-617,-441,1128,-350
-74,1995,-612,-172,840,-319
-71,1986,-605,-203,345,-285
-67,1979,-596,-334,-345,-241
-59,1975,-579,-362,-292,-220
-55,1967,-573,-413,58,-263
-55,1959,-569,-450,152,-272
-39,1948,-569,-509,186,-242
-24,1940,-560,-329,207,-252
-16,1939,-551,-1,-57,-99
-17,1946,-551,308,-23,74
-32,1966,-552,397,-319,264
-44,1980,-554,490,-308,332
-53,1986,-553,497,-516,442
-38,1984,-547,523,-207,494
-22,1977,-546,654,-304,412
-1,1974,-545,737,-277,371
14,1973,-542,853,-167,426
22,1970,-539,1314,101,445
23,1967,-557,1090,360,522
21,1964,-555,951,676,667
13,1961,-560,1177,1021,731
-2,1963,-575,1176,1012,764
-8,1966,-589,1442,629,933
-3,1978,-602,1191,430,974
5,1984,-610,1120,378,1013
11,1983,-629,968,253,1021
11,1976,-644,922,310,922
13,1968,-662,1141,532,844
10,1966,-679,916,484,799
13,1960,-689,1028,429,643
17,1956,-698,873,405,526
20,1950,-706,796,456,426
21,1947,-712,864,326,351
21,1945,-718,864,170,313
24,1941,-719,818,63,313
35,1943,-716,729,380,199
40,1941,-718,611,605,110
49,1939,-719,433,823,-38
50,1929,-724,520,615,-24
46,1923,-727,543,261,21
43,1926,-728,422,341,28
38,1928,-725,497,521,4
35,1926,-737,249,608,2
31,1923,-740,90,201,94
34,1920,-738,325,338,199
38,1926,-744,130,222,224
50,1927,-743,250,475,192
51,1929,-751,285,164,250
57,1928,-750,217,128,270
55,1929,-741,447,126,335
51,1932,-742,374,490,263
38,1936,-751,389,410,275
39,1936,-755,265,486,274
42,1936,-756,148,460,245
44,1935,-753,145,266,250
52,1933,-751,-40,351,233
62,1927,-753,130,335,197
66,1921,-752,180,100,237
68,1919,-751,136,159,209
58,1921,-744,152,178,185
47,1923,-745,259,100,246
49,1927,-755,43,300,198
48,1925,-762,33,70,231
54,1921,-756,76,-24,260
54,1919,-750,86,38,245
58,1918,-747,115,199,214
60,1917,-751,-22,249,150
61,1911,-746,163,203,210
59,1910,-749,208,222,202
58,1910,-753,179,166,162
58,1911,-758,202,107,141
64,1911,-765,109,215,107
67,1916,-771,-78,336,77
59,1918,-768,-26,283,68
56,1921,-769,-222,282,9
63,1918,-768,-215,323,-41
68,1912,-769,-93,42,5
74,1911,-768,31,42,83
72,1915,-766,42,96,78
65,1920,-769,45,296,65
57,1921,-768,-49,383,61
50,1917,-767,-84,162,125
54,1917,-768,-158,277,125
61,1914,-768,-269,310,73
67,1912,-763,-159,312,59
68,1913,-763,15,201,133
67,1917,-764,-85,175,137
59,1919,-761,-155,184,156
57,1920,-759,-74,344,156
60,1918,-765,-199,347,133
66,1918,-767,-256,406,156
65,1919,-763,-108,258,208
66,1919,-762,-70,259,156
65,1921,-760,-131,348,99
62,1920,-756,-62,475,89
60,1920,-763,-109,292,109
62,1920,-765,-257,399,86
56,1920,-762,-46,380,105
52,1923,-764,-162,454,111
51,1924,-769,-260,455,110
50,1919,-771,-235,300,101
55,1913,-763,-88,274,100
60,1909,-765,-111,158,110
63,1908,-762,-15,38,144
62,1909,-759,125,-35,179
58,1909,-758,6,103,178
52,1911,-755,45,137,172
51,1914,-759,-105,154,121
51,1916,-758,-19,-36,126
56,1920,-760,-13,17,135
58,1925,-757,-77,-50,152
56,1924,-754,-26,-58,124
59,1925,-753,-194,250,85
56,1923,-754,-283,186,108
63,1921,-754,-386,99,110
63,1919,-752,-336,-77,197
65,1917,-747,-195,61,260
65,1918,-748,-345,202,221
66,1911,-747,-183,258,220
68,1907,-747,-238,208,214
73,1904,-749,25,116,235
79,1910,-755,57,71,212
79,1919,-756,116,82,204
76,1924,-753,241,200,145
69,1930,-757,239,406,96
60,1928,-763,50,435,91
53,1923,-767,50,374,86
51,1921,-767,7,318,81
59,1921,-769,-188,506,22
58,1919,-771,-69,133,129
66,1916,-769,-26,16,147
71,1913,-776,3,-185,175
70,1914,-772,33,-143,219
64,1915,-771,89,-231,312
65,1921,-774,-139,-155,308
65,1923,-766,-70,-133,270
65,1923,-765,-148,-248,304
71,1922,-763,-276,-237,289
76,1921,-759,-264,-283,269
84,1917,-756,-332,-150,253
88,1912,-751,-282,81,225
91,1914,-746,-131,288,175
95,1913,-758,-70,319,147
97,1912,-768,-376,281,92
100,1911,-768,-204,389,46
108,1910,-775,-322,891,-174
99,1898,-789,-207,1279,-170
108,1883,-817,-361,2532,-254
112,1859,-849,-1158,3377,-602
112,1795,-871,-862,3679,-755
107,1715,-923,-9,2746,-681
107,1654,-983,64,1737,-241
101,1638,-1035,24,1727,-97
63,1657,-1104,-124,1249,-51
35,1709,-1161,-1548,1604,-552
35,1750,-1193,-2437,2457,-1107
36,1744,-1214,-1933,2685,-1444
29,1719,-1250,-2342,2673,-1604
25,1708,-1219,-4572,5892,-2325
-65,1718,-1082,-3663,5549,-2587
-4,1804,-1039,-1744,7641,-3606
-23,1943,-1021,-353,3355,-3400
-39,2103,-1017,2663,2592,-2849
-96,2280,-996,2572,4078,-1821
-183,2407,-1012,4334,2791,-899
-209,2519,-954,2302,-677,-402
-224,2555,-707,1926,-5732,601
-199,2540,-456,1625,-9887,1560
-132,2490,-314,393,-9265,1716
-125,2404,-271,-487,-5567,1452
-144,2275,-288,-908,-220,892
-213,2190,-342,-830,1139,821
-260,2140,-384,-1311,-1475,1492
-231,2025,-422,-1843,-5744,2617
-124,1883,-435,-3716,-7752,3538
-8,1751,-416,-5159,-5843,3464
108,1660,-363,-3552,-2266,2408
189,1612,-367,-1768,-2271,2033
292,1601,-390,-1046,-3490,1956
397,1584,-330,646,-3644,2390
452,1556,-310,5643,-4121,3126
490,1658,-412,4767,-4922,3109
488,1741,-464,3318,-3036,2851
395,1793,-466,4299,1222,1548
199,1856,-539,1227,2772,35
23,1877,-612,-407,731,-477
-33,1921,-628,-2030,-893,-372
-3,1988,-659,-3787,-2035,-423
58,2031,-600,-2069,256,-509
87,2038,-632,-1897,487,20
158,2052,-683,-4870,3950,-471
119,2097,-613,-5841,4276,-1028
-31,2160,-487,-2429,1008,-82
-83,2199,-483,-749,-1633,1428
47,2172,-582,-4026,-656,1328
163,2133,-572,-5958,226,779
192,2104,-451,-4968,-1352,1148
191,2019,-380,512,-2150,2138
207,1990,-509,28,-2705,2518
247,1993,-510,-5437,-2121,1190
254,1911,-360,-2417,-1095,166
272,1856,-329,713,1653,168
329,1852,-409,-3764,2458,-728
374,1842,-317,-4448,2945,-2100
356,1848,-198,-770,4358,-1811
350,1892,-177,-447,6372,-1701
333,1903,-186,-1790,8790,-2514
228,1863,-164,-1297,6280,-2158
200,1841,-104,-1926,4390,-854
279,1824,-1,-2064,6464,-480
273,1798,16,-220,7148,-1427
146,1757,-42,516,4747,-1662
-1,1723,-54,1087,-32,-1073
-18,1812,25,-1260,-1982,-907
-53,1864,90,-843,-1179,-1185
-192,1910,10,-691,3036,-1569
-310,2099,-181,-3807,5244,-785
-271,2333,-384,-1862,4379,-237
-139,2499,-527,-3634,3583,-1026
-88,2461,-538,-2591,545,-931
-124,2393,-538,684,-3588,-9
-130,2337,-610,527,-5998,625
-58,2267,-718,2868,-1937,766
-119,2359,-943,6039,-1892,2660
-238,2447,-1059,4062,-5747,4553
-206,2244,-869,5848,-9126,4742
-43,1979,-763,7085,-9397,4065
119,1820,-820,2607,-6842,2230
147,1707,-811,2171,-3908,407
43,1648,-786,4013,-1969,-352
-67,1660,-779,6051,-564,-147
-108,1716,-811,6571,-1009,519
-44,1772,-828,5374,-2341,1012
77,1815,-806,4655,-3519,1227
155,1833,-787,6021,-3393,1327
159,1873,-835,5914,-3496,1562
144,1926,-883,4739,-3031,1639
118,1948,-880,4201,-2662,1564
97,1957,-857,3325,-2165,1235
110,1956,-863,1710,-1284,843
129,1946,-858,-19,-966,444
159,1922,-826,111,-390,174
196,1911,-827,-560,272,-257
219,1899,-845,-1113,1427,-808
196,1891,-840,-809,1497,-888
151,1907,-823,128,891,-287
115,1924,-841,347,1098,122
77,1942,-857,170,1280,487
52,1942,-854,25,766,605
55,1949,-832,-142,270,534
94,1948,-824,-564,572,110
123,1934,-804,-687,914,-102
124,1928,-787,-334,1469,-231
96,1917,-808,-188,911,-410
63,1911,-800,-695,1006,-430
31,1899,-783,-325,1097,-281
22,1893,-790,-667,1340,-273
25,1891,-784,-985,1550,-170
38,1895,-776,-356,1440,-237
59,1911,-808,-939,493,-315
88,1924,-807,-1565,22,-416
97,1916,-784,-728,-594,-388
95,1914,-782,-579,-769,-321
83,1917,-783,-847,-358,-247
60,1916,-767,-717,-195,-45
46,1917,-756,-792,-317,-84
44,1913,-749,-895,-647,-98
60,1909,-736,-976,-587,8
74,1908,-723,-837,-225,139
75,1907,-711,-798,-336,277
82,1900,-700,-373,-42,339
90,1899,-708,-296,86,334
100,1905,-711,-207,185,305
110,1908,-709,230,70,299
118,1920,-715,253,99,219
115,1929,-714,476,-33,243
107,1935,-718,650,257,175
89,1939,-725,533,421,97
74,1937,-723,624,611,98
62,1936,-727,485,750,-29
59,1933,-728,391,831,-20
68,1931,-725,254,1422,-146
73,1929,-740,426,1516,-249
64,1930,-757,361,855,-251
71,1926,-767,346,651,-159
81,1918,-778,473,599,-179
83,1911,-780,303,627,-187
72,1901,-778,515,607,-301
52,1897,-784,560,287,-275
45,1898,-788,534,345,-270
40,1899,-793,487,229,-211
40,1900,-795,380,89,-106
52,1904,-791,290,149,-101
63,1905,-792,56,340,-176
58,1904,-788,161,83,-116
61,1903,-788,56,457,-113
56,1901,-787,76,386,14
54,1901,-788,366,90,198
61,1914,-789,128,348,193
60,1917,-791,-57,320,184
60,1914,-792,-224,196,262
63,1906,-790,-93,273,266
65,1903,-793,-169,235,294
69,1905,-798,-158,273,267
70,1906,-800,-37,192,275
74,1909,-802,-107,193,285
77,1907,-797,24,433,237
72,1908,-800,-196,680,166
53,1905,-800,31,457,284
45,1905,-803,192,230,343
52,1910,-809,-128,184,322
60,1906,-811,-268,65,288
74,1902,-807,-342,64,169
85,1898,-799,-210,49,157
85,1896,-791,-29,-241,220
85,1896,-787,49,-134,215
79,1896,-788,-97,206,166
68,1897,-789,-136,319,190
69,1901,-793,-335,170,220
76,1902,-784,-291,133,167
80,1900,-778,-260,131,171
80,1901,-775,-318,108,203
80,1904,-774,-423,-96,244
95,1908,-769,-291,291,113
99,1906,-770,-293,452,97
102,1905,-767,-78,319,74
105,1905,-766,-36,394,90
102,1912,-770,-91,575,101
90,1920,-772,-28,889,116
79,1925,-785,-64,871,141
80,1925,-789,-222,774,179
90,1920,-785,-45,668,214
94,1917,-786,-81,411,246
94,1913,-778,-94,605,148
87,1910,-776,-1,662,113
75,1905,-777,55,441,221
72,1895,-782,100,237,224
83,1893,-779,-74,403,157
92,1891,-772,213,610,56
91,1902,-779,180,426,-38
89,1914,-778,-33,485,-91
85,1920,-776,60,706,-85
82,1918,-778,154,839,-19
87,1917,-786,-15,740,-2
100,1926,-789,-517,770,-37
109,1934,-783,-618,641,-4
107,1943,-767,-900,938,39
94,1935,-764,-429,636,261
75,1890,-783,-17,213,448
68,1843,-800,213,-276,774
95,1846,-806,-268,748,679
90,1860,-808,373,433,584
89,1878,-825,416,18,197
98,1919,-828,-354,1360,-531
55,1918,-827,261,737,-470
19,1863,-841,1196,-1032,105
56,1857,-843,141,-329,216
105,1898,-821,-90,162,362
151,1935,-803,9,-92,80
174,1937,-781,-113,-681,-651
147,1907,-758,594,-785,-801
94,1890,-761,1043,-255,-349
31,1888,-784,495,95,4
2,1897,-796,491,-50,352
26,1934,-797,-272,12,179
64,1959,-790,-587,-507,119
106,1960,-772,-758,-479,53
122,1934,-749,-590,-445,52
125,1910,-730,-55,-65,204
114,1904,-726,161,60,299
99,1906,-733,229,-212,457
92,1909,-737,206,-361,600
97,1912,-747,189,-43,529
97,1911,-760,-136,99,447
99,1905,-762,-122,350,311
101,1899,-767,77,449,265
112,1901,-773,99,848,207
115,1900,-783,288,951,184
111,1896,-796,440,840,182
110,1891,-803,609,651,225
117,1887,-807,580,807,115
113,1888,-811,588,951,34
97,1892,-822,420,990,-10
83,1890,-833,440,665,-18
79,1891,-840,-28,449,1
81,1886,-832,-148,648,-74
88,1892,-840,-791,474,-331
106,1901,-865,-1385,217,-632
108,1899,-899,-1548,-70,-632
108,1890,-934,-1183,150,-518
101,1896,-946,-1562,-50,-217
105,1876,-954,-2194,188,-216
97,1825,-974,-3280,379,-581
90,1742,-1025,-3454,579,-720
65,1678,-1071,-2961,833,-375
31,1647,-1091,-2010,1511,538
20,1635,-1154,-1583,2193,686
7,1615,-1173,-474,3749,641
0,1662,-1215,-1019,4640,-59
7,1708,-1261,-1764,7284,-1263
-3,1722,-1299,-3903,9463,-2223
-11,1758,-1259,-6741,10999,-2741
-103,1827,-1120,-4800,8052,-2585
-156,1967,-1090,555,3591,-1421
-108,2210,-1143,87,-557,-625
-71,2337,-1076,856,-2208,-626
-93,2446,-965,1636,-297,-90
-108,2560,-918,-201,-2400,1008
-61,2578,-703,-846,-7446,1949
51,2507,-425,-460,-11619,2002
162,2404,-241,-375,-11868,1486
198,2309,-173,323,-7752,1666
142,2236,-184,643,-2118,1964
27,2187,-213,841,505,1858
-69,2120,-245,787,-544,2017
-110,1999,-259,111,-3957,2757
-82,1841,-258,-227,-6317,3830
26,1702,-283,-1456,-6147,4016
117,1605,-262,-2837,-5038,3307
152,1530,-231,-874,-6069,2469
236,1500,-238,-353,-5571,1945
351,1491,-318,1383,-5760,1796
474,1571,-400,259,-6042,1966
607,1675,-425,-1133,-6094,1943
685,1753,-410,72,-6301,2543
641,1870,-378,-156,-3812,2144
457,1893,-445,-786,1036,1643
213,1832,-500,844,3787,1526
52,1892,-472,-1660,6032,1139
91,2000,-514,-1984,8510,197
156,2114,-559,-4020,5072,774
290,2127,-563,-2921,6186,765
326,2158,-586,-4309,3620,1052
382,2162,-585,-2579,3755,1580
378,2179,-509,-4253,1363,1949
391,2136,-403,-1370,1693,1962
356,2115,-442,-1296,1268,1921
314,2090,-500,-1856,1492,1063
313,2078,-471,-5306,2585,287
303,1950,-417,-382,1218,559
358,1888,-408,-3497,1986,543
457,1838,-416,-3280,3676,-491
491,1868,-354,-5095,3696,-1669
493,1827,-270,-1321,3160,-2142
493,1804,-237,-739,3468,-2411
468,1785,-223,47,4563,-2771
451,1821,-183,251,7805,-2953
449,1891,-158,-1794,10203,-4008
366,1781,-80,1148,5226,-3566
426,1706,-19,1455,2602,-2601
456,1734,18,520,3892,-3475
295,1824,25,1725,4563,-3257
121,1873,44,1850,5751,-2243
32,1844,59,-42,5640,-2619
-27,1779,92,-1,3875,-3095
-78,1792,139,312,3405,-2972
-175,1855,154,-131,1108,-2498
-221,1958,137,-282,-925,-1997
-226,2137,146,-3978,-2611,-2185
-202,2242,203,-3513,-4438,-2366
-97,2299,166,-5891,-968,-3184
62,2253,-21,-4740,1781,-3626
246,2182,-192,-4187,373,-3387
260,2091,-226,-908,-451,-3101
46,2181,-316,4149,-1458,-1704
-173,2466,-500,3985,-15,869
-288,2713,-710,4822,6849,2349
-435,2901,-1026,6232,3579,3245
-382,3025,-1116,-1420,-1081,2537
-169,2699,-898,736,-3471,1878
105,2289,-705,5449,-3291,878
254,1935,-755,2644,-4739,180
284,1621,-760,1824,-4846,-673
183,1387,-675,5276,-3911,-1499
7,1329,-644,7645,-3144,-1277
-161,1453,-653,6859,-1057,223
-275,1631,-677,6297,554,2184
-271,1783,-721,5958,3,2751
-160,1873,-776,4031,-3271,1748
2,1917,-815,2810,-4625,1162
165,1962,-850,2212,-1882,-66
227,2004,-882,1787,621,-707
191,2016,-865,1957,-1276,-195
125,1983,-805,4249,-2187,516
90,1960,-824,3081,-1583,542
64,1929,-817,1845,60,227
51,1899,-795,2061,2659,-227
-24,1896,-744,2763,2145,-320
-104,1901,-714,4367,692,60
-113,1917,-785,2763,1506,-128
-113,1945,-819,293,815,-40
-86,1944,-813,1039,-30,10
-37,1943,-831,390,-488,-68
-7,1941,-837,-653,-1093,-265
-4,1936,-826,233,-1983,-183
5,1951,-831,32,-1576,-322
9,1946,-822,-264,-1176,-418
25,1936,-797,-647,-100,-572
20,1936,-777,-904,432,-766
-17,1928,-745,-526,275,-704
-42,1918,-738,-425,-14,-408
-43,1930,-724,-975,-439,-187
-22,1928,-703,-845,-42,-165
-14,1918,-697,-837,80,-119
-8,1911,-701,-542,181,-58
3,1926,-721,-820,984,-24
-10,1938,-728,-875,911,126
-20,1946,-721,-250,886,134
-30,1943,-730,-307,417,106
-41,1929,-726,-356,-152,208
-36,1913,-715,-118,-417,419
-23,1904,-714,-190,-374,458
-35,1901,-706,167,-730,562
-40,1913,-707,534,-739,867
-32,1938,-706,261,-634,935
-20,1936,-698,-13,-629,843
-14,1924,-675,-38,-949,782
-2,1908,-669,-270,-797,742
14,1894,-668,-375,-391,741
31,1892,-674,79,38,677
45,1905,-685,659,228,708
58,1923,-700,736,-6,743
65,1928,-704,1304,219,738
66,1945,-722,1357,814,645
47,1955,-750,1601,792,611
24,1947,-779,1498,673,730
17,1930,-797,1399,471,788
23,1914,-811,1222,483,707
28,1902,-816,855,816,620
28,1888,-821,1046,682,597
39,1886,-834,959,534,528
48,1889,-842,957,571,541
46,1894,-845,999,606,575
47,1894,-855,929,591,570
46,1889,-868,723,461,559
43,1888,-876,619,431,497
44,1888,-876,565,551,478
42,1889,-874,433,576,457
37,1890,-878,316,623,310
28,1892,-881,121,598,257
20,1892,-880,46,-88,549
21,1894,-877,-10,31,467
29,1886,-881,-120,-101,323
53,1877,-878,-321,-12,139
73,1877,-871,-54,-239,81
78,1888,-865,173,-258,96
64,1902,-860,174,-248,103
43,1914,-855,44,-134,84
29,1918,-852,-328,-80,126
35,1916,-845,-601,2,110
45,1908,-835,-766,-238,141
61,1896,-818,-636,-252,69
71,1890,-810,-787,-165,156
72,1885,-800,-556,-176,220
68,1883,-799,-473,-43,259
65,1888,-804,-451,-131,308
66,1888,-802,-328,-1,323
65,1881,-799,-30,-39,382
69,1885,-805,-184,110,341
69,1887,-811,-292,140,355
65,1885,-804,-262,303,349
63,1882,-799,-164,313,308
65,1881,-803,-82,324,367
74,1880,-810,-227,315,396
85,1880,-808,0,416,329
98,1888,-811,264,550,331
100,1899,-816,286,543,415
93,1902,-821,544,151,471
89,1906,-829,271,122,355
84,1904,-831,291,198,332
82,1901,-834,323,424,290
81,1896,-838,60,440,224
86,1892,-837,-59,487,196
89,1886,-835,-140,499,130
93,1879,-837,-174,511,123
100,1876,-838,-319,797,81
104,1870,-837,-327,627,58
117,1865,-837,-379,1054,-75
123,1861,-837,-240,1138,-137
122,1862,-837,77,960,-82
117,1870,-847,270,694,50
108,1888,-844,371,913,31
93,1903,-845,274,863,26
76,1905,-849,299,734,96
67,1905,-851,113,555,103
72,1897,-845,81,620,33
80,1895,-845,-42,549,3
91,1900,-838,1,760,-43
88,1902,-830,-1,586,-31
78,1903,-826,17,480,12
70,1900,-826,-71,296,85
78,1893,-828,-374,345,115
87,1885,-821,-247,513,62
96,1878,-822,-233,585,-22
97,1875,-825,-292,394,-10
104,1877,-824,-137,347,-16
101,1882,-824,-131,223,-20
96,1886,-823,-24,271,-43
89,1889,-827,-119,393,-38
81,1887,-825,56,540,-6
75,1886,-836,44,228,6
83,1888,-837,-50,386,-50
86,1885,-832,100,302,-13
85,1888,-838,94,212,-2
82,1890,-838,125,84,61
83,1890,-837,195,111,37
83,1890,-834,145,-1,56
82,1889,-833,38,-46,56
83,1887,-834,-100,64,13
84,1881,-835,-184,12,-6
91,1881,-834,-237,148,-56
100,1883,-841,-329,436,-16
85,1889,-840,-221,114,235
79,1892,-841,-42,288,249
85,1895,-844,-363,201,219
100,1885,-835,-298,390,141
104,1881,-831,115,282,133
98,1889,-833,5,105,197
88,1892,-829,71,293,251
80,1892,-834,-41,573,187
77,1886,-837,-42,535,216
80,1885,-836,66,421,172
83,1888,-834,64,167,203
86,1890,-833,159,315,176
78,1889,-836,167,129,305
72,1890,-834,77,85,335
70,1887,-830,84,51,301
78,1882,-829,36,-96,223
95,1882,-830,-295,-6,20
101,1881,-827,-318,88,-131
96,1880,-825,-36,67,-61
99,1888,-849,-254,-37,-155
94,1890,-867,-635,-210,-99
93,1888,-869,-181,-393,43
86,1884,-904,-397,-1356,108
93,1878,-915,-1186,-1149,-116
96,1854,-943,-916,-1287,-173
87,1841,-966,-2051,-1610,-6
80,1795,-991,-1321,-1840,336
61,1760,-1037,-1590,-2377,637
65,1729,-1060,-1923,-850,718
75,1701,-1118,-2633,228,515
107,1666,-1154,-3364,1583,159
137,1652,-1173,-3299,2921,-341
152,1656,-1170,-3185,3833,-298
188,1680,-1194,-3224,6548,-1178
177,1678,-1229,-4614,10482,-2781
88,1665,-1220,-6949,12125,-3613
-16,1682,-1123,-6598,11197,-3619
-64,1727,-1039,-3766,9476,-3580
-125,1853,-1018,-1674,5782,-3015
-158,2014,-1007,2630,2848,-2152
-210,2268,-1021,2305,613,-982
-241,2462,-982,1656,3078,-593
-211,2610,-912,1359,1954,-199
-98,2669,-772,287,-722,153
-72,2599,-535,925,-5528,739
-45,2521,-319,1113,-9154,969
-15,2439,-214,1164,-9212,1479
-27,2343,-199,1249,-4141,2007
-112,2238,-222,1292,40,2114
-212,2148,-258,2361,-778,2476
-251,2059,-326,1132,-4454,3273
-226,1905,-374,-755,-8017,3809
-98,1757,-305,-2794,-6335,3675
20,1622,-236,-2140,-3992,3425
84,1521,-224,-726,-5011,3465
203,1482,-263,-871,-4242,3059
321,1478,-301,-91,-5940,2594
475,1543,-342,104,-5801,1933
610,1660,-357,-312,-2799,1103
650,1720,-438,3374,-1898,1157
625,1775,-480,2031,-1709,1369
548,1787,-489,3075,-1979,1801
352,1792,-532,4405,-6094,3507
242,1808,-581,1761,-2537,3374
163,1839,-602,-938,1128,1629
217,1911,-604,-3443,10004,-523
270,1967,-639,-4573,12141,-1996
224,2022,-670,-3568,6846,-519
300,2091,-664,-3378,8065,-854
220,2134,-674,-2698,3254,-198
152,2172,-634,-1495,768,272
72,2176,-659,-807,-143,38
40,2160,-751,-771,-1981,-176
90,2241,-724,-5331,-327,-906
127,2276,-626,-2764,163,-1159
126,2325,-574,-4180,-1423,-821
133,2294,-549,-3031,-1866,-37
129,2198,-465,-3528,-3795,550
163,2030,-373,-2486,-3770,700
232,1875,-304,-2552,-2384,634
298,1726,-293,-39,-1757,240
373,1651,-315,-1299,-746,-623
462,1649,-288,-4287,1419,-2049
497,1658,-182,-3007,3838,-3128
459,1708,-137,-1945,5040,-3329
415,1766,-129,-1602,4490,-3018
406,1861,-106,-1154,4723,-2621
381,1926,-46,-846,8322,-3199
234,1892,34,1235,7935,-3025
143,1903,-14,2246,3323,-1346
256,2020,-73,-1733,2892,-1720
295,2064,-5,-3630,6316,-3814
153,1968,47,-2676,7192,-3979
27,1866,35,-1999,3491,-3206
-12,1808,59,-3634,-363,-3087
-33,1764,94,-1978,987,-3020
-162,1852,-4,-1986,5113,-2353
-368,2048,-224,-1668,6364,-223
-434,2330,-420,-2403,2530,1683
-210,2460,-520,-2700,2680,749
-17,2425,-559,-5168,2078,-223
30,2293,-541,-2609,447,11
-16,2184,-571,213,-2040,256
-43,2143,-583,2568,-738,384
-187,2221,-682,6956,-986,2082
-361,2381,-831,7586,-4136,4603
-317,2354,-831,6254,-5332,5078
-95,2166,-798,4909,-3429,3480
55,1968,-792,3493,-3149,1517
90,1805,-787,2790,-3835,540
68,1693,-737,4170,-3513,195
-32,1676,-706,6348,-2566,168
-142,1756,-723,7012,-1340,790
-170,1845,-759,6526,-1294,1219
-84,1889,-794,5364,-2012,1293
42,1895,-810,3865,-2069,964
110,1864,-790,4638,-2885,794
136,1865,-781,4984,-2782,841
145,1894,-815,4560,-766,578
103,1942,-865,2334,617,252
28,1971,-833,2252,-775,534
20,1985,-809,2320,-1443,568
72,1973,-822,620,-1457,181
108,1959,-808,57,-1128,-287
107,1953,-788,516,-1563,-48
105,1975,-799,54,-1494,-167
67,1972,-797,257,-1610,-308
33,1963,-810,356,-510,-384
-16,1961,-818,-732,-142,-211
-42,1947,-794,-838,150,-106
-32,1929,-783,-1128,-400,-7
25,1920,-754,-1176,-277,82
72,1919,-716,-1116,32,-35
90,1914,-690,-617,187,-119
89,1914,-678,-589,537,-163
68,1922,-676,-362,504,-101
42,1929,-687,-434,196,-33
32,1946,-689,-448,131,51
37,1969,-680,-208,645,60
43,1973,-678,-150,556,133
51,1960,-683,-580,609,76
55,1934,-681,-270,1035,43
46,1921,-699,-753,998,115
36,1912,-692,-241,660,317
30,1915,-694,-97,142,458
25,1921,-691,-5,-422,690
30,1925,-689,-226,-469,706
37,1922,-692,-790,-365,637
40,1917,-684,-839,156,571
42,1912,-694,-596,347,532
57,1919,-709,-554,716,375
67,1924,-714,-94,151,495
87,1934,-702,277,42,537
94,1943,-699,541,56,444
85,1942,-711,543,8,443
70,1939,-716,563,139,451
57,1941,-725,644,333,393
54,1940,-730,414,422,377
61,1934,-727,491,671,303
72,1937,-726,344,917,200
74,1938,-722,549,860,115
79,1939,-721,824,735,141
79,1938,-728,747,559,109
78,1930,-730,834,543,74
75,1920,-732,1017,429,102
78,1922,-742,1091,477,107
72,1925,-759,1057,33,97
65,1930,-774,1014,-284,125
55,1934,-782,832,-314,172
46,1929,-782,609,-194,319
40,1921,-782,559,-185,436
42,1912,-788,474,-456,458
53,1906,-787,480,-479,463
65,1904,-794,432,-387,527
71,1904,-798,357,-477,648
76,1904,-792,213,-349,670
75,1892,-787,441,-561,734
84,1885,-797,232,-593,726
96,1882,-802,188,-555,683
100,1884,-805,250,-628,669
105,1888,-801,404,-357,564
105,1890,-804,420,-311,495
103,1891,-813,424,-217,479
99,1895,-820,287,-24,455
87,1896,-819,405,11,446
85,1899,-830,316,55,420
92,1902,-838,-19,336,295
99,1896,-835,20,486,216
109,1890,-832,207,568,129
116,1892,-835,242,520,91
109,1893,-842,378,158,151
105,1893,-843,374,359,114
101,1889,-848,162,399,71
95,1881,-848,192,163,54
95,1881,-851,205,-64,43
95,1884,-852,24,-76,22
91,1886,-850,42,97,-31
90,1888,-850,-164,306,-38
83,1892,-843,-266,236,20
82,1893,-835,-181,83,109
86,1892,-834,-257,57,115
91,1885,-833,-405,118,88
95,1877,-826,-431,292,90
99,1870,-821,-292,312,121
105,1869,-821,-362,396,132
103,1871,-816,-229,364,122
94,1878,-818,-36,156,143
97,1888,-827,-212,317,130
97,1892,-827,-216,500,100
92,1892,-825,-80,316,158
99,1894,-828,-148,539,91
99,1895,-826,-256,373,104
98,1896,-820,-211,318,81
91,1899,-819,-78,54,183
91,1908,-815,-127,233,192
87,1905,-812,-233,366,194
84,1897,-811,-160,383,223
88,1889,-815,-311,273,251
96,1884,-811,-294,218,194
104,1884,-810,-18,337,128
106,1888,-814,-58,375,114
108,1893,-810,-71,484,114
104,1891,-810,126,471,86
101,1890,-816,-38,469,45
97,1887,-816,32,472,40
97,1888,-815,-44,527,-25
96,1884,-817,-75,298,-54
99,1885,-816,10,186,-48
101,1896,-818,187,235,30
100,1903,-821,108,202,113
91,1903,-822,-120,209,125
90,1898,-820,-135,324,97
98,1893,-819,-420,460,52
105,1886,-811,-262,361,50
108,1892,-810,-64,232,130
110,1897,-814,14,188,196
108,1897,-823,-144,294,209
103,1894,-819,-281,331,244
103,1891,-815,-179,422,213
105,1892,-812,-324,335,178
107,1892,-808,-213,309,165
105,1897,-810,-338,384,188
99,1901,-810,-320,292,234
98,1904,-810,-357,377,243
100,1904,-808,-400,138,258
109,1902,-803,-453,282,173
114,1901,-801,-496,395,123
114,1898,-798,-494,516,142
108,1893,-798,-312,201,216
108,1893,-797,-271,102,290
108,1896,-798,-378,66,347
113,1894,-795,-252,97,414
120,1886,-795,-216,199,380
122,1874,-798,-220,333,244
120,1870,-800,197,468,226
117,1881,-805,164,387,316
120,1887,-805,346,353,265
124,1895,-808,233,339,155
132,1901,-809,161,247,200
141,1902,-805,206,233,161
147,1901,-799,336,225,52
146,1902,-803,-20,439,-61
136,1900,-799,99,772,-95
123,1905,-808,27,567,57
117,1909,-815,-63,392,124
120,1903,-811,-38,315,189
124,1899,-813,-307,292,79
131,1894,-815,-417,56,71
145,1894,-812,-448,122,-128
145,1887,-811,-435,-78,-247
152,1876,-828,-106,544,-462
145,1871,-872,-220,924,-522
137,1870,-896,-749,1153,-388
147,1850,-894,-1720,2153,-484
146,1771,-905,-1627,2834,-872
101,1663,-945,-527,1947,-895
71,1583,-1024,565,1097,-417
50,1555,-1112,1463,702,526
30,1575,-1182,1358,14,910
35,1617,-1238,2,1572,525
41,1635,-1281,-740,2960,238
71,1659,-1319,-1073,3698,-56
139,1716,-1325,-3210,7522,-1739
157,1769,-1255,-7207,12702,-4239
29,1786,-1141,-5256,10640,-4339
4,1878,-1134,-1702,7483,-4096
-1,2023,-1145,-1342,2314,-3475
7,2120,-1095,781,3182,-3132
-88,2266,-1100,3150,3550,-1745
-145,2459,-1107,2428,3143,-838
-128,2589,-1022,1428,1071,-756
-91,2653,-827,598,-4574,-563
-69,2634,-578,1282,-11614,690
-8,2588,-395,804,-14383,1804
-5,2507,-327,221,-11558,2110
-82,2304,-288,914,-5843,1683
-146,2079,-302,884,-640,1024
-203,1933,-335,-220,860,1116
-239,1832,-345,-280,-831,1751
-244,1711,-382,-95,-5648,3139
-155,1592,-450,-2336,-9350,4659
38,1525,-371,-4542,-5656,4497
161,1488,-304,-2152,-4204,3855
270,1514,-318,-1424,-6016,3154
415,1533,-357,817,-6945,2466
489,1564,-392,4260,-7996,2037
520,1656,-458,3920,-7389,1173
545,1758,-508,1345,-3858,301
537,1810,-606,2703,-4888,694
546,1906,-689,536,-4973,585
444,1961,-601,-1868,-220,-643
177,1910,-573,49,249,-391
-15,1869,-709,-2659,-1688,351
54,1853,-787,-5966,6265,-1030
-17,1986,-683,-6292,2637,-2007
-38,2131,-603,-4061,3403,-1946
-51,2231,-619,-4145,1112,-864
-27,2240,-655,-1399,-1153,195
3,2277,-736,-3314,-4502,994
82,2287,-696,-5162,-3626,1172
199,2224,-607,-4478,-1837,884
278,2109,-575,-1718,817,720
322,2058,-567,-5788,3924,-413
297,1960,-487,-5823,4831,-1615
218,1850,-367,-1106,3260,-1465
263,1822,-396,-1830,3874,-654
332,1783,-386,-3200,2408,-732
357,1743,-297,-3548,3347,-1092
309,1688,-222,-648,4255,-1361
238,1720,-238,-2897,6108,-1660
107,1740,-159,-2072,4139,-1481
73,1816,-108,-914,5247,-592
150,1955,-135,-2405,7034,-1252
196,2064,-114,-4220,8641,-2848
133,2085,-42,-2671,7129,-3571
91,2063,36,-577,6400,-2245
102,2091,40,-463,5852,-1600
69,2064,-5,-1213,2737,-1406
43,1985,43,-3004,2178,-1879
-65,1918,149,-3403,890,-2226
-204,1928,113,-991,3701,-1621
-362,2102,-54,-2249,2891,371
-326,2237,-221,-2551,1359,534
-189,2228,-304,-2892,1609,-1145
-136,2157,-352,-3376,1293,-1985
-184,2119,-385,-1190,-187,-1139
-236,2164,-448,-238,-1613,338
-208,2179,-576,2945,45,1120
-231,2242,-748,3768,906,2315
-311,2264,-798,6479,-1262,4009
-359,2165,-750,9938,-5637,5237
-258,2012,-752,10228,-6882,4824
-102,1881,-822,6717,-5682,3369
-20,1775,-809,5451,-3749,2106
-31,1721,-772,7097,-2688,1705
-88,1721,-771,8669,-1810,1450
-151,1767,-803,9265,-1491,1589
-182,1846,-851,9008,-2301,2259
-155,1915,-902,8037,-3204,2690
-92,1932,-963,5677,-4035,2686
-4,1906,-989,3529,-4685,2458
102,1859,-974,3268,-3843,2009
178,1806,-963,2912,-2715,1593
229,1768,-941,3137,-1192,1057
248,1780,-938,3368,-353,740
251,1842,-938,3389,1159,405
226,1922,-973,2393,2632,263
130,1986,-974,626,1646,379
18,1989,-949,1792,-846,744
-2,1983,-983,794,-1356,466
50,1950,-1024,-1289,-652,-170
115,1916,-1002,-1875,773,-728
123,1904,-963,-881,1211,-738
90,1905,-941,-39,817,-354
67,1914,-943,-433,1119,112
44,1906,-938,-994,583,451
54,1882,-910,-1195,776,297
72,1859,-888,-1454,807,-162
91,1848,-864,-1919,723,-158
114,1849,-841,-2135,491,46
129,1853,-814,-1673,403,246
145,1856,-803,-1281,1073,-99
149,1859,-798,-1394,1398,-452
142,1859,-788,-868,1681,-632
121,1865,-794,-508,1424,-665
92,1879,-799,-311,985,-414
69,1903,-802,-85,1090,-284
43,1920,-798,7,1108,-207
35,1923,-798,-383,1259,-332
33,1909,-790,-656,1269,-461
40,1892,-779,-486,1189,-431
57,1889,-780,-403,1231,-489
67,1896,-774,-282,1224,-409
65,1901,-766,194,1144,-253
59,1905,-769,286,762,-88
63,1906,-775,62,425,30
78,1901,-777,125,194,27
91,1899,-775,265,429,16
86,1894,-777,293,398,63
75,1893,-778,396,293,118
74,1893,-791,179,264,71
74,1892,-797,11,374,91
73,1892,-806,80,316,153
78,1901,-815,-5,182,270
88,1902,-819,240,573,199
89,1900,-827,279,426,245
93,1896,-829,274,248,226
98,1895,-829,436,327,265
91,1894,-830,513,185,351
85,1894,-833,571,336,329
80,1892,-843,263,346,306
79,1889,-844,181,458,196
85,1888,-843,246,438,112
90,1893,-849,-101,448,-4
82,1893,-848,82,399,39
81,1893,-853,37,354,131
79,1894,-854,-238,216,159
84,1895,-850,-306,480,53
93,1896,-845,-443,632,-61
101,1899,-837,-581,663,-106
103,1896,-832,-468,537,-145
100,1900,-833,-655,435,-200
93,1900,-830,-696,215,-164
92,1898,-829,-717,258,-188
89,1896,-827,-891,265,-155
70,1886,-822,-650,-101,72
60,1885,-813,-808,139,129
54,1879,-808,-768,226,112
57,1874,-807,-701,80,209
75,1872,-810,-830,56,173
83,1874,-803,-545,-255,263
89,1882,-797,-337,-308,278
88,1888,-794,-277,-331,325
88,1892,-795,-187,-280,360
92,1892,-793,-249,-103,338
94,1892,-787,-115,15,292
92,1897,-785,-33,-211,338
98,1908,-783,-103,-99,360
97,1919,-782,-228,77,340
91,1927,-784,-193,229,286
88,1924,-791,-348,288,213
87,1916,-787,-389,62,265
92,1914,-779,-258,-22,264
97,1916,-774,-324,2,202
97,1916,-772,-331,105,178
92,1915,-774,-275,19,178
93,1908,-775,-315,239,148
90,1903,-777,-330,188,78
92,1904,-778,-246,302,57
90,1907,-782,-152,310,35
87,1908,-784,-108,437,5
80,1905,-786,-54,386,40
80,1908,-788,-67,402,18
79,1908,-790,-92,245,-31
78,1908,-788,-230,186,-45
77,1905,-785,-156,230,-46
76,1902,-786,-194,290,-69
77,1901,-785,-231,195,-75
83,1901,-787,-326,186,-97
85,1904,-783,-222,14,18
84,1907,-782,-11,-315,109
85,1916,-782,-195,-50,18
81,1915,-776,-120,-48,68
79,1916,-773,-213,-68,115
84,1916,-769,-375,66,91
81,1915,-764,-310,-13,84
85,1918,-758,-418,111,142
90,1918,-754,-404,147,131
97,1915,-753,-389,137,142
105,1914,-756,-451,148,148
105,1914,-751,-386,196,222
100,1910,-749,-155,187,273
103,1913,-753,-335,412,239
104,1914,-757,-407,298,238
104,1913,-754,-160,177,299
106,1917,-756,-218,287,234
99,1918,-758,-174,261,277
97,1919,-758,-144,495,274
97,1918,-761,-192,397,215
98,1914,-757,-115,495,188
94,1911,-756,-38,517,151
91,1912,-758,24,546,146
91,1912,-765,3,445,175
99,1912,-767,-112,490,112
104,1909,-764,7,467,70
101,1908,-759,146,372,35
97,1913,-762,132,538,-5
88,1923,-765,53,497,-4
82,1924,-767,101,517,12
82,1923,-771,-134,416,8
86,1918,-768,-47,412,11
96,1919,-766,-139,590,-71
96,1922,-766,-148,488,-105
92,1922,-766,-158,354,-75
86,1923,-769,-120,72,21
88,1920,-767,-140,159,27
92,1919,-768,-188,268,-37
93,1912,-765,-242,229,-57
96,1909,-762,-208,250,-48
98,1910,-756,-175,249,-57
94,1911,-749,-179,176,-55
93,1910,-748,-182,381,-89
84,1910,-748,-358,304,-48
80,1908,-745,-245,250,17
87,1910,-749,-357,351,5
99,1912,-742,-391,567,-69
110,1914,-742,-33,709,-137
118,1918,-748,-143,578,-200
115,1917,-743,121,515,-133
106,1921,-745,280,578,-135
93,1925,-750,104,484,-82
86,1928,-745,101,604,-86
77,1927,-745,84,623,-49
73,1925,-747,17,551,-15
73,1921,-750,-50,477,16
76,1918,-750,-108,452,21
77,1914,-753,-51,311,87
83,1915,-753,-135,438,108
90,1914,-756,-133,580,96
93,1914,-756,-43,470,57
96,1913,-754,117,449,79
96,1913,-756,145,333,95
94,1915,-757,110,450,-1
86,1918,-757,111,370,-1
80,1922,-761,24,325,-14
79,1923,-764,-268,249,-85
84,1919,-759,-342,403,-197
97,1915,-765,-603,884,-418
117,1908,-787,-371,2182,-750
123,1911,-812,-1132,2875,-694
124,1892,-837,-868,3881,-630
105,1861,-891,-1147,3985,-721
87,1797,-949,-1517,3805,-750
69,1721,-982,-1014,3372,-402
59,1673,-1030,-693,2761,-84
62,1654,-1079,-1046,2911,-146
58,1671,-1118,-1136,2770,-244
68,1718,-1143,-819,2285,-414
78,1770,-1201,-1882,3085,-1113
53,1783,-1248,-2097,5308,-2075
-10,1782,-1262,-3923,6487,-2589
-78,1779,-1150,-5024,6751,-2716
-99,1794,-1037,-2984,6200,-2869
-26,1904,-1020,-443,5224,-3331
-46,2068,-1040,1402,1123,-2850
-100,2250,-1013,1889,-79,-2419
-186,2416,-941,2839,-283,-1112
-245,2522,-892,3203,-2565,262
-230,2564,-770,837,-7262,729
-174,2487,-476,1226,-12246,1518
-45,2384,-280,1635,-11749,1494
-2,2284,-250,994,-7369,1184
-37,2161,-253,1448,-2605,1536
-65,2086,-285,2066,806,1679
-120,2051,-338,2662,-546,2314
-156,1991,-397,1257,-5070,3340
-124,1875,-425,-30,-7909,4511
-34,1750,-439,-2179,-8420,4684
90,1663,-383,-2594,-4689,3586
145,1623,-376,-1596,-5073,2773
222,1611,-400,-1146,-6433,2565
352,1611,-388,358,-7986,2811
507,1646,-373,4337,-8525,2708
599,1779,-452,5143,-5723,1904
517,1907,-571,2529,-4698,2101
359,1979,-638,-1181,-5211,3094
243,1942,-646,-1982,-5001,3295
198,1892,-675,-2688,-3864,1879
189,1897,-616,-4523,-459,751
104,1925,-583,-4202,-820,1351
73,1992,-589,-6888,-210,1919
124,2027,-573,-5899,1521,709
103,2112,-616,-4491,692,126
55,2245,-614,-6654,656,306
24,2228,-496,-5091,1522,530
45,2105,-489,-1277,2554,1502
79,2054,-575,-3925,445,1218
139,2041,-554,-4262,79,701
198,2026,-468,-2356,-532,492
221,1992,-406,-861,-254,781
234,1930,-479,-898,434,806
231,1900,-459,-4386,-1619,527
287,1878,-366,-3678,-287,667
355,1888,-293,-2559,1592,733
378,1912,-319,-4331,1565,747
381,1906,-240,-4130,820,105
374,1930,-162,-4931,1202,-635
360,1909,-101,-4100,3301,-1613
336,1887,-47,-5419,6868,-2553
298,1846,-8,-3392,6706,-2645
354,1880,-26,-2657,5636,-2638
457,1922,5,-1967,6462,-2610
446,1930,78,-808,7348,-2756
301,1861,115,1663,1832,-1822
300,1834,134,1671,2541,-1583
264,1833,83,1614,3238,-2370
174,1844,74,703,4328,-3202
63,1870,140,-949,5267,-3509
-28,1886,174,-357,5505,-3285
-111,1935,107,-1311,7092,-2838
-232,2025,-7,752,8678,-1413
-344,2153,-188,546,6917,-56
-336,2222,-333,712,3994,-133
-222,2314,-427,-76,2369,-1239
-199,2330,-517,-346,1021,-1033
-196,2304,-581,1355,1614,-173
-180,2266,-655,5597,1808,688
-165,2237,-739,9158,-1913,2510
-126,2171,-808,10471,-5283,3920
-97,2097,-838,9800,-5701,3803
-90,2031,-865,8192,-6042,2709
-77,1969,-890,6477,-5674,1441
-87,1890,-905,5549,-3545,293
-128,1822,-891,5407,-1151,-75
-184,1801,-889,5164,891,144
-217,1824,-901,4455,1152,728
-181,1851,-917,3763,165,956
-97,1867,-927,2613,-1643,660
-1,1883,-922,2244,-3478,592
95,1928,-928,2376,-3806,870
153,1955,-912,2237,-2998,1201
157,1939,-892,2274,-1453,956
103,1922,-874,979,-1364,949
22,1904,-811,2072,-1779,1382
-39,1911,-809,1806,-1778,1493
-57,1911,-838,12,-963,1217
-55,1909,-818,-696,-70,937
-14,1925,-820,-1695,1149,554
16,1941,-799,-2478,734,427
42,1956,-760,-1771,48,435
64,1962,-737,-993,-647,334
88,1965,-737,-945,-553,227
99,1967,-729,-828,591,-142
75,1950,-720,-231,500,-301
45,1931,-721,-330,142,-233
26,1934,-710,-287,527,-446
2,1935,-691,-289,701,-649
-19,1926,-687,-292,355,-755
3,1922,-691,-706,399,-947
41,1911,-679,-559,819,-973
59,1886,-669,-91,1047,-1007
60,1869,-673,486,625,-895
63,1876,-689,1089,240,-608
57,1897,-698,865,241,-412
30,1913,-694,1287,664,-277
-5,1926,-711,1147,559,-5
-12,1936,-730,736,854,25
4,1940,-753,290,1132,-130
21,1941,-751,319,1638,-188
25,1945,-758,461,1707,-100
19,1956,-750,390,1461,57
11,1959,-753,651,1000,265
11,1953,-762,412,718,339
14,1939,-767,406,663,377
17,1922,-769,278,785,372
9,1910,-766,365,791,382
-5,1915,-771,213,679,398
-23,1921,-773,212,348,478
-23,1924,-780,35,492,467
-19,1919,-784,58,334,503
-4,1917,-786,-234,226,439
11,1918,-789,-362,65,248
9,1915,-779,-188,-350,179
7,1917,-775,-48,-610,344
10,1920,-772,92,-279,326
5,1917,-778,141,-25,280
1,1910,-783,68,408,327
3,1904,-787,198,335,332
17,1901,-793,86,-214,428
43,1903,-787,204,-394,407
61,1913,-787,201,-285,201
61,1912,-785,317,-271,144
58,1908,-791,226,-117,162
54,1907,-788,212,18,235
58,1904,-788,420,240,207
61,1905,-794,-6,500,153
57,1903,-786,236,537,111
52,1903,-792,252,348,188
47,1909,-796,-4,284,178
40,1914,-792,240,149,238
35,1916,-793,11,339,262
33,1914,-796,-134,231,350
42,1910,-794,-276,302,276
52,1904,-789,-287,394,288
55,1901,-788,-276,302,322
52,1900,-789,-269,72,400
51,1900,-788,-182,115,434
52,1901,-792,-185,434,399
48,1907,-797,-306,269,462
52,1903,-795,-202,131,464
60,1903,-789,-262,47,435
