-69,2050,50,-141,-140,129
-70,2050,57,-166,137,134
-69,2048,64,-84,73,72
-71,2047,64,-66,77,69
-70,2039,64,-12,186,119
-66,2037,62,13,248,81
-61,2044,62,3,286,44
-59,2051,62,-23,359,31
-63,2053,61,-16,270,74
-63,2051,61,75,384,67
-60,2052,60,26,496,37
-64,2052,61,8,321,16
-65,2054,60,-27,319,61
-65,2059,60,-33,355,36
-66,2058,61,-79,317,43
-66,2055,59,-25,279,60
-69,2052,54,-1,222,105
-69,2049,52,-21,160,127
-70,2048,55,-60,79,195
-73,2046,55,5,-19,242
-72,2049,52,77,-203,236
-70,2059,49,44,-184,159
-67,2064,46,-14,-201,132
-59,2062,46,-5,39,114
-64,2052,43,74,-216,100
-64,2048,42,17,-77,150
-69,2044,45,68,-251,193
-63,2043,47,4,-88,209
-62,2044,41,68,-173,148
-68,2048,35,-65,-221,130
-65,2051,40,25,-48,136
-57,2049,41,38,-109,114
-59,2044,38,18,-78,133
-62,2039,41,67,-112,144
-66,2046,41,107,-127,121
-62,2053,41,49,2,95
-59,2050,41,99,93,64
-60,2043,38,85,-18,79
-60,2039,37,61,75,122
-62,2041,37,82,50,82
-63,2045,31,53,30,94
-60,2050,30,52,65,94
-52,2055,29,85,185,55
-50,2057,29,60,224,81
-50,2057,30,36,306,69
-56,2056,34,-1,246,65
-62,2055,37,31,223,17
-65,2059,38,-31,176,29
-63,2059,43,-72,205,24
-59,2059,44,-66,266,1
-60,2057,45,-68,166,-8
-64,2060,48,-79,172,-24
-64,2061,50,-37,152,-18
-64,2059,51,-94,202,-4
-59,2058,48,-161,330,18
-58,2057,51,-146,285,35
-61,2059,49,-174,90,57
-66,2062,37,-353,-16,91
-65,2060,45,-315,235,123
-61,2056,51,-252,226,53
-62,2051,55,-172,237,51
-62,2041,51,-84,267,113
-63,2037,49,-86,144,140
-64,2037,45,-45,276,142
-67,2039,43,44,202,223
-64,2046,42,37,276,238
-61,2047,40,77,366,194
-61,2046,39,95,351,142
-65,2047,36,128,249,97
-71,2049,32,68,285,150
-75,2053,36,85,250,122
-73,2058,36,77,260,152
-73,2057,31,-43,265,173
-71,2053,31,-41,216,130
-71,2056,26,-172,115,112
-71,2055,27,-40,74,117
-68,2055,27,-114,149,76
-65,2051,26,-41,253,96
-66,2048,26,8,233,99
-68,2048,22,-86,190,102
-68,2049,26,42,314,116
-74,2052,24,-28,193,146
-74,2056,24,-55,270,143
-74,2059,28,-73,203,77
-75,2056,34,-65,333,110
-82,2055,27,-39,36,113
-79,2058,27,-171,243,149
-74,2056,32,-144,265,52
-74,2053,34,-146,220,37
-74,2052,33,-195,317,66
-73,2051,33,-145,319,88
-69,2054,34,-182,409,47
-67,2054,34,-121,419,40
-68,2054,32,-162,439,49
-68,2051,29,-156,383,90
-64,2047,35,-71,628,49
-64,2044,34,-70,540,23
-70,2043,27,-91,421,65
-71,2046,28,-76,436,72
-70,2049,29,-70,414,81
-67,2051,27,-19,450,68
-62,2051,24,-27,493,36
-68,2052,22,-32,399,52
-76,2054,21,9,231,101
-76,2056,19,-87,215,105
-73,2052,25,34,248,94
-75,2054,26,24,209,78
-79,2057,28,-42,67,88
-78,2057,27,-69,130,83
-75,2054,27,-50,135,73
-74,2053,29,9,110,85
-72,2055,29,-58,223,95
-70,2053,30,-31,215,121
-70,2050,34,-53,256,160
-85,2049,32,7,-76,142
-91,2052,29,-58,86,177
-79,2054,35,9,234,94
-69,2051,34,15,236,42
-66,2047,31,34,358,69
-73,2044,23,-27,299,36
-78,2048,25,40,334,20
-76,2055,25,3,411,63
-74,2054,26,5,374,99
-70,2054,24,-54,529,52
-74,2053,24,-8,491,83
-79,2054,22,0,405,88
-81,2056,21,-108,378,72
-78,2057,24,-73,319,109
-78,2055,23,-3,241,83
-82,2052,22,-24,298,112
-85,2053,21,-52,256,114
-88,2053,17,-3,158,145
-84,2050,16,-52,149,171
-77,2047,19,-34,231,116
-76,2050,19,-76,209,158
-84,2052,18,-27,113,147
-90,2052,17,-62,91,133
-88,2053,19,-4,172,116
-85,2056,20,-98,79,125
-77,2054,22,-120,269,123
-80,2050,25,-40,120,99
-81,2054,26,-72,212,81
-85,2054,22,-73,119,131
-80,2052,24,-31,310,145
-79,2049,13,-126,196,141
-80,2051,12,-199,83,175
-77,2052,15,-95,221,140
-78,2053,20,-23,148,152
-77,2054,18,-48,193,106
-77,2049,19,-9,151,135
-72,2048,18,-85,265,100
-73,2051,17,-43,292,94
-75,2052,16,-87,205,140
-76,2054,16,51,268,121
-72,2057,14,-14,296,98
-69,2053,13,-2,162,83
-70,2052,13,-36,192,98
-75,2055,15,-27,184,122
-77,2057,16,-38,139,127
-76,2056,18,-55,230,117
-73,2054,19,11,174,109
-73,2051,17,43,183,101
-77,2052,17,-33,94,120
-80,2055,18,52,87,124
-77,2055,15,-26,141,130
-73,2053,13,-29,196,129
-73,2051,10,-43,175,161
-81,2053,9,-67,137,185
-82,2053,8,-60,68,148
-75,2052,10,-4,159,119
-70,2051,9,9,218,78
-69,2049,10,-28,334,87
-73,2051,8,-133,240,115
-70,2050,15,-103,376,161
-68,2051,20,-119,309,229
-65,2051,21,-172,503,267
-67,2050,9,-215,159,259
-63,2056,12,-255,595,270
-67,2060,15,-105,508,172
-74,2063,15,-45,404,135
-83,2057,12,-52,326,156
-87,2051,6,-28,182,106
-86,2051,2,17,85,84
-79,2051,5,-3,108,104
-71,2046,7,54,84,102
-65,2044,4,83,281,106
-63,2041,6,117,247,94
-67,2042,1,42,228,125
-72,2048,0,37,195,104
-75,2057,2,68,278,74
-78,2062,5,61,146,68
-73,2059,4,22,273,119
-74,2056,7,37,126,106
-75,2057,8,3,97,110
-78,2060,8,-50,74,88
-80,2062,6,-19,0,102
-75,2059,6,-58,-11,93
-70,2053,10,56,74,108
-71,2052,6,-89,75,107
-74,2051,8,-19,109,135
-74,2051,7,-53,150,127
-72,2051,4,29,171,73
-65,2051,1,-18,246,70
-66,2048,5,105,166,67
-69,2050,-1,25,298,72
-74,2050,-2,33,102,115
-69,2052,2,93,362,107
-76,2056,-5,33,50,112
-80,2058,-9,-55,32,123
-75,2058,-4,-16,224,139
-70,2055,0,-13,136,36
-71,2052,-1,5,163,67
-70,2047,-6,27,258,86
-72,2049,-5,-8,234,81
-72,2053,-2,-3,256,75
-72,2055,-4,4,253,122
-67,2053,-7,76,392,118
-67,2052,-10,9,405,72
-75,2051,-7,20,303,65
-83,2052,-8,-36,277,108
-87,2054,-7,21,231,112
-80,2058,-7,25,249,126
-78,2057,-9,19,190,96
-77,2056,-11,-4,149,100
-76,2053,-8,-5,170,93
-74,2050,-6,70,252,100
-73,2050,-11,11,253,135
-75,2049,-13,50,205,138
-75,2051,-17,31,152,134
-78,2054,-17,6,104,146
-79,2056,-16,-2,178,140
-77,2056,-17,-1,157,125
-74,2055,-19,-55,170,121
-72,2052,-14,-6,175,88
-72,2054,-19,-63,163,129
-72,2054,-19,-115,120,152
-69,2051,-13,-18,268,190
-69,2055,-14,-96,241,175
-81,2058,-25,-168,1,204
-82,2059,-20,-186,198,263
-76,2057,-18,-55,130,152
-73,2055,-18,-206,207,110
-72,2048,-13,-113,254,155
-71,2045,-9,-113,184,140
-70,2049,-9,-69,209,137
-71,2051,-13,-66,228,164
-70,2053,-15,-46,224,177
-67,2055,-16,-138,366,155
-67,2053,-10,-69,379,126
-74,2051,-11,-107,269,118
-80,2054,-16,-110,194,169
-76,2058,-18,-165,197,157
-69,2058,-14,-99,264,119
-68,2055,-17,-93,184,127
-70,2054,-18,-131,208,130
-72,2056,-17,-76,257,134
-71,2055,-14,-92,201,162
-71,2053,-15,-133,163,165
-70,2053,-17,-98,167,188
-69,2053,-15,-75,231,147
-70,2055,-15,-182,183,145
-68,2052,-15,-84,202,156
-65,2049,-17,-136,182,148
-64,2053,-14,-138,181,136
-64,2056,-14,-27,206,110
-64,2056,-16,-170,272,151
-62,2053,-11,-133,151,141
-60,2050,-12,-48,298,168
-71,2054,-19,-174,-57,166
-71,2058,-18,-185,109,184
-63,2057,-13,-109,149,157
-62,2057,-11,-77,105,155
-66,2057,-13,-94,45,112
-70,2057,-13,-106,16,103
-67,2061,-9,-196,81,125
-61,2054,-5,-109,40,117
-53,2050,-3,-68,139,130
-50,2047,-7,-95,241,170
-52,2045,-5,-68,280,167
-55,2043,-4,-36,331,145
-62,2044,-11,-119,222,190
-66,2046,-8,15,202,212
-65,2051,-10,-111,199,198
-65,2052,-9,-48,246,178
-65,2050,-8,-43,247,140
-63,2050,-6,-47,272,157
-65,2051,-12,-8,181,143
-63,2054,-13,-90,194,162
-60,2054,-11,-17,286,138
-58,2055,-15,-50,343,134
-59,2056,-13,-20,373,136
-62,2059,-16,-119,315,108
-68,2059,-16,-68,219,88
-67,2059,-19,-147,221,83
-60,2056,-17,-169,310,27
-61,2051,-16,-47,285,26
-61,2053,-24,-218,457,22
-60,2051,-20,-130,429,65
-59,2051,-17,-232,429,73
-71,2051,-22,-207,152,72
-73,2052,-17,-180,381,111
-67,2053,-14,-109,281,47
-65,2057,-10,-158,283,27
-66,2058,-14,-192,270,41
-69,2058,-11,-170,141,60
-67,2062,-4,-172,77,52
-63,2062,-6,-216,124,76
-60,2057,-2,-166,114,83
-57,2056,-4,-229,143,80
-57,2054,2,-204,150,86
-60,2051,0,-201,14,94
-64,2049,-4,-278,50,121
-62,2051,-3,-202,171,77
-61,2054,-4,-271,100,82
-60,2055,-3,-207,149,93
-56,2052,-5,-130,145,93
-55,2051,-6,-125,264,72
-58,2053,-7,-138,271,52
-64,2055,-5,-133,258,60
-66,2056,-1,-178,213,100
-68,2053,0,-102,154,76
-69,2052,0,-182,155,60
-69,2051,2,-102,154,46
-70,2052,3,-120,113,64
-69,2052,2,-72,104,76
-63,2054,1,-127,187,31
-58,2052,6,-84,200,36
-58,2050,4,8,339,32
-65,2048,2,-96,235,60
-68,2047,5,15,212,66
-69,2052,5,-60,286,118
-74,2057,-4,-87,-25,127
-75,2058,-3,-153,138,132
-69,2058,4,-9,173,48
-72,2056,5,-66,-17,36
-70,2052,3,-30,120,61
-68,2046,0,-27,61,76
-64,2046,0,-22,212,63
-62,2052,-2,-112,283,77
-64,2053,2,-17,209,81
-68,2056,2,-57,305,75
-72,2057,5,-43,393,95
-77,2052,-3,-110,179,65
-76,2048,-8,-125,209,82
-73,2053,-7,-101,297,116
-67,2057,-4,-103,355,79
-65,2055,-1,-85,415,82
-69,2054,-6,-103,311,93
-79,2053,-7,-105,224,95
-84,2053,-5,-75,205,139
-79,2052,-4,-104,284,82
-73,2049,-3,-65,364,86
-68,2046,-1,-35,430,76
-72,2045,-3,28,336,47
-77,2047,-4,-6,344,37
-81,2050,-4,64,344,53
-83,2051,-5,35,292,48
-83,2054,-4,46,330,-12
-85,2056,-6,6,203,-6
-79,2058,-2,23,364,9
-81,2058,-1,-31,261,12
-85,2057,1,-35,253,28
-88,2056,3,-83,162,79
-83,2056,8,-61,285,96
-87,2056,-3,-153,10,96
-91,2057,-3,-263,260,157
-89,2056,3,-99,220,136
-80,2056,1,-147,339,88
-76,2049,-1,-148,484,116
-81,2043,-5,-102,242,119
-83,2050,-6,-129,259,117
-83,2059,-5,-128,369,64
-84,2056,-6,-48,339,121
-81,2053,-11,-40,443,134
-81,2051,-9,-44,355,70
-89,2049,-7,-18,220,84
-94,2051,-8,-32,201,69
-91,2052,-8,-10,212,94
-84,2051,-10,-38,231,105
-81,2049,-7,-49,188,106
-83,2049,-6,-39,148,121
-86,2050,-6,-45,146,139
-85,2053,-5,-94,185,181
-82,2055,-6,-73,211,150
-83,2056,-5,-141,129,184
-81,2054,-1,-32,176,155
-80,2055,-3,-113,200,151
-79,2055,-2,-79,136,173
-82,2053,-6,-78,147,156
-81,2052,-8,-99,103,163
-79,2052,-7,-119,212,122
-76,2052,-2,-36,224,143
-73,2050,-4,-26,266,130
-71,2048,-10,-70,239,135
-68,2047,-8,-10,315,162
-69,2052,-7,-11,305,164
-81,2059,-17,-170,58,196
-83,2061,-9,-156,249,237
-76,2060,-5,-70,151,87
-76,2057,-7,-122,205,73
-76,2047,-3,7,150,147
-73,2045,-3,-12,96,113
-70,2053,-5,-103,173,154
-69,2055,-3,-9,179,127
-67,2055,-7,-79,299,132
-66,2053,-7,-80,381,124
-68,2051,-5,-35,272,113
-75,2052,-4,-60,145,129
-79,2054,-7,-79,180,144
-78,2056,-6,-57,105,127
-70,2056,-7,-52,200,128
-67,2055,-7,-65,243,129
-69,2053,-11,-102,210,118
-73,2052,-12,-98,234,125
-75,2052,-11,-69,227,126
-76,2051,-12,-97,208,158
-77,2051,-11,-179,178,173
-77,2051,-7,-95,94,180
-72,2053,-4,-117,205,190
-71,2054,-4,-84,125,164
-67,2056,-5,-54,256,138
-62,2056,-7,-55,278,95
-63,2054,-7,-23,216,83
-68,2055,-8,-11,211,91
-72,2055,-13,-104,190,129
-68,2053,-7,14,264,108
-67,2055,-12,-77,242,112
-79,2057,-18,-177,27,64
-85,2057,-10,-119,101,127
-79,2057,-7,-48,90,49
-73,2054,-7,-68,108,40
-70,2048,-9,-47,160,40
-71,2049,-8,-16,190,61
-71,2056,-7,-90,241,76
-71,2057,-10,-67,254,50
-66,2054,-13,-192,311,108
-66,2051,-8,-78,272,118
-71,2054,-8,-118,178,100
-78,2058,-11,-152,64,129
-82,2058,-10,-106,36,133
-77,2057,-11,-115,35,95
-66,2056,-12,-112,160,21
-68,2052,-11,-97,174,52
-69,2052,-11,-91,262,40
-74,2049,-14,-68,257,71
-78,2048,-12,-108,192,112
-76,2051,-7,-52,245,89
-78,2054,-4,-62,221,70
-80,2053,-2,-52,253,13
-82,2055,-4,-77,224,41
-81,2056,-5,-80,173,49
-78,2058,-8,-131,124,78
-78,2058,-9,-124,101,104
-74,2056,-7,-97,194,94
-73,2056,-4,-111,177,86
-72,2056,-6,-111,257,97
-74,2054,-4,-24,219,128
-77,2055,-6,-124,202,146
-83,2058,-13,-194,117,139
-86,2058,-9,-196,153,176
-83,2055,-5,-114,159,136
-82,2054,-4,-114,113,113
-82,2048,-5,-165,170,99
-86,2039,-6,-23,149,162
-90,2043,-9,-255,51,182
-85,2043,-4,-14,105,204
-74,2041,-6,-58,240,200
-64,2046,-12,9,301,151
-64,2054,-10,-60,338,68
-72,2057,-11,65,251,56
-79,2059,-15,-45,249,84
-84,2060,-10,-29,222,89
-86,2060,-6,-13,189,75
-83,2059,-1,-83,233,54
-79,2057,1,-56,251,23
-81,2055,1,-40,265,57
-81,2056,-3,-82,234,61
-81,2058,0,-61,229,66
-77,2057,0,-84,285,81
-78,2057,-1,-64,309,86
-85,2053,-5,-54,227,99
-87,2048,-5,-13,215,114
-83,2046,-10,-100,262,120
-81,2045,-11,-41,133,85
-79,2048,-14,-108,169,112
-78,2052,-11,-66,273,104
-82,2053,-9,-58,247,126
-81,2052,-13,-61,158,139
-79,2050,-13,-110,225,141
-75,2053,-12,-95,250,152
-82,2055,-16,-196,89,166
-86,2056,-9,-221,235,194
-83,2056,-7,-36,213,92
-83,2057,-6,-113,213,109
-81,2052,-10,-91,171,128
-81,2047,-8,-76,168,134
-77,2052,-11,-160,257,115
-75,2054,-9,-131,248,109
-73,2054,-10,-90,220,143
-68,2055,-11,-122,382,105
-70,2053,-11,-116,293,128
-77,2053,-11,-74,240,121
-82,2054,-10,-98,245,156
-79,2056,-8,-138,200,155
-76,2054,-6,-89,210,157
-75,2054,-6,-126,255,119
-75,2053,-6,-101,242,127
-77,2052,-7,-114,256,173
-78,2052,-5,-111,227,161
-78,2053,-5,-111,197,154
-76,2054,-6,-153,304,120
-75,2056,-5,-175,291,128
-73,2053,-6,-200,360,160
-73,2051,-3,-426,438,171
-64,2051,-6,-199,816,151
-51,2052,-66,-366,1102,243
-23,2049,-179,-1338,2760,290
-28,2031,-237,-2722,4403,380
-102,1976,-230,-2161,3605,588
-198,1920,-253,-1327,2640,944
-266,1891,-307,-1734,1828,1080
-276,1859,-347,-1003,1914,908
-266,1852,-417,-1152,1560,558
-245,1877,-464,-940,1828,273
-260,1908,-494,-196,1762,171
-290,1974,-486,724,1143,57
-268,2074,-444,3116,1716,-56
-231,2177,-453,3654,2190,-186
-183,2304,-417,4147,3852,-386
-169,2468,-358,4752,5176,-147
-161,2685,-320,5118,5343,410
-120,2888,-246,3087,4485,972
-103,2889,-6,-269,-163,1190
-124,2687,361,-642,-5559,410
-115,2407,662,1912,-4795,-188
-95,2169,673,1004,-2885,848
-19,1956,575,3404,-468,2410
74,1888,360,389,-3492,4175
79,1900,279,2337,-6353,4937
76,1967,188,732,-7495,4695
89,1962,137,229,-7922,3970
99,1911,103,-358,-6057,2654
70,1842,82,206,-6110,1951
63,1793,41,741,-5815,2445
66,1772,-65,-800,-6060,2725
121,1781,-62,-1186,-5856,1850
197,1739,74,3631,-2453,1441
219,1674,-26,6027,-1167,1246
277,1638,-134,6870,1636,1206
327,1626,-252,9024,3390,1021
306,1692,-326,8297,720,1457
333,1733,-376,10838,1602,1147
280,1820,-512,9705,2037,293
209,1953,-512,6637,3526,-842
215,2075,-422,6281,4857,-909
213,2148,-375,3319,3332,362
160,2139,-317,3877,-165,633
65,2200,-287,1760,-1366,57
22,2256,-262,2247,-865,-1001
55,2332,-353,-779,-1735,-1000
128,2386,-362,-1661,-1831,-369
95,2413,-428,-3497,-4108,-106
56,2397,-511,-5440,-4390,-762
89,2347,-534,-6543,-2753,-1465
99,2279,-522,-7411,-3134,-1349
163,2173,-514,-5378,-2172,-1419
231,2067,-677,-6901,-1261,-1147
275,1959,-623,-9175,-681,-432
324,1856,-529,-5736,1960,-864
304,1787,-468,-4707,-1262,-754
298,1767,-536,-6710,4336,-1197
279,1770,-458,-10719,4393,-1701
277,1761,-155,-6229,1799,-1534
260,1811,6,-2535,2212,-1259
114,1856,-63,-4738,387,-549
146,1855,-101,-3237,4694,-401
213,1892,75,-7572,290,-589
243,1819,397,666,-1361,-1563
42,1805,321,-2778,-2400,-1337
-40,1765,340,617,1520,-1265
96,1802,254,-1916,5407,-1953
274,1798,226,-2446,4999,-2060
225,1727,337,-2204,-1576,-1390
144,1707,411,-3564,-1042,-1346
20,1718,517,-3043,-1047,-1423
-147,1740,462,-4262,-674,-994
-320,1800,468,-4053,-1515,-131
-336,1965,415,-4773,-519,-287
-174,2130,342,-2560,3410,-285
8,2141,176,-2412,4670,547
86,2027,68,-1683,4907,844
-43,1992,-37,-1149,3429,749
-221,2135,-126,-2061,3842,1694
-381,2348,-150,-1475,1484,2879
-319,2565,-97,-1729,-603,2861
-89,2573,-1,-1023,-376,1488
-11,2485,-53,257,4205,-1341
-316,2587,-261,333,-1408,-2588
-401,2723,-172,1567,-3821,114
-129,2568,-128,5108,-1392,1338
111,2370,-250,2431,1192,307
138,2134,-240,497,1131,-59
-5,1952,-135,-102,-2833,-1302
-204,1895,-6,-194,-4292,-2257
-340,1965,86,298,-4561,-1234
-278,2073,123,259,-3923,-712
-105,2063,127,781,-3310,-1251
54,1966,109,849,-1938,-1411
141,1915,37,1017,-581,-1176
115,1950,4,232,-1435,-774
64,1999,6,728,-294,-448
12,2032,-3,242,1019,-347
-39,2031,-6,111,1631,-181
-74,2031,22,-91,2049,-49
-120,2013,45,205,1378,-4
-150,1998,45,-59,641,161
-150,2005,80,124,228,195
-123,2021,83,611,488,45
-100,2024,48,635,809,58
-105,2016,5,481,531,166
-115,2015,1,517,319,183
-111,2025,-4,536,233,247
-93,2035,-10,535,571,196
-92,2040,3,344,833,109
-104,2044,14,465,980,-30
-125,2050,19,190,859,-32
-137,2050,29,412,726,-41
-144,2050,35,364,602,-117
-144,2056,37,526,592,-232
-128,2071,38,203,1604,-214
-129,2075,50,71,384,-238
-140,2065,65,380,460,-208
-153,2071,70,132,-173,-200
-165,2078,92,195,-449,-175
-156,2074,107,275,-226,-202
-133,2066,105,275,-185,-236
-107,2063,94,93,175,-171
-111,2059,91,128,-264,-65
-116,2063,88,3,-190,27
-119,2065,87,-31,-334,86
-119,2063,89,-144,78,90
-123,2059,101,-71,-57,113
-119,2060,90,-184,110,148
-107,2062,83,-131,231,161
-105,2060,71,-224,144,177
-118,2061,56,-299,-77,215
-131,2065,51,-331,45,312
-126,2061,55,-190,33,271
-116,2045,52,-35,178,203
-108,2037,34,-100,230,252
-104,2036,27,-164,39,217
-100,2037,32,-73,122,145
-96,2043,30,-120,283,148
-90,2044,29,-23,449,135
-91,2048,29,-201,512,121
-94,2048,33,-60,604,127
-98,2050,35,-202,539,134
-101,2049,42,-75,477,186
-107,2052,40,-203,462,186
-111,2055,41,-207,491,191
-109,2058,44,-107,534,164
-108,2052,45,-203,528,191
-105,2047,40,-102,567,251
-105,2049,40,-165,404,310
-100,2054,42,-161,468,319
-93,2055,44,-100,533,293
-95,2058,43,-192,480,298
-108,2056,44,-73,363,268
-113,2055,44,-158,252,254
-109,2056,47,-81,284,219
-101,2055,40,-180,283,136
-97,2054,43,-170,384,96
-99,2056,38,-217,556,133
-101,2057,45,-294,434,184
-102,2049,52,-66,525,160
-108,2046,47,-255,314,104
-115,2047,46,-111,115,191
-112,2051,44,-199,207,221
-102,2052,44,-163,61,133
-103,2052,47,-151,18,146
-105,2051,45,-119,-24,131
-96,2050,44,-149,52,103
-95,2051,44,-237,-30,116
-87,2054,47,-67,245,117
-84,2055,44,-244,239,117
-83,2051,49,-150,240,93
-82,2051,49,-49,296,83
-83,2050,40,-180,251,102
-82,2049,42,-290,288,57
-78,2045,41,-113,436,53
-79,2045,47,-134,492,48
-79,2041,50,-97,613,79
-82,2038,55,32,458,100
-80,2042,52,-24,547,62
-84,2045,52,49,495,46
-85,2051,47,-100,575,50
-89,2054,49,14,486,80
-95,2054,49,-26,524,74
-106,2055,48,-62,398,141
-106,2056,53,-84,351,134
-102,2055,58,-56,282,106
-97,2055,55,10,336,44
-89,2058,55,-78,338,-19
-88,2055,53,-40,508,-27
-99,2051,49,-116,430,49
-96,2051,52,19,676,2
-101,2054,52,-79,450,-51
-109,2053,50,-5,409,-72
-112,2054,48,-179,679,-88
-116,2047,57,125,538,-187
-128,2040,55,-48,469,-154
-130,2033,55,231,317,-81
-122,2038,48,145,271,-63
-110,2048,47,99,323,-51
-106,2052,43,82,378,24
-110,2055,44,46,366,26
-115,2055,47,79,382,51
-120,2053,50,31,367,69
-124,2053,53,84,119,80
-114,2056,48,-56,329,115
-109,2058,46,-52,460,81
-116,2057,46,-9,241,115
-121,2053,42,-35,341,170
-122,2051,41,-72,237,132
-116,2048,45,-9,246,120
-116,2050,41,-36,299,113
-122,2054,42,26,193,97
-129,2056,37,-10,230,119
-128,2055,31,-36,501,92
-137,2050,40,-1,10,80
-136,2053,45,-22,216,60
-127,2052,43,-7,151,17
-123,2054,44,-38,250,1
-123,2055,42,97,252,1
-121,2055,36,-55,409,34
-122,2048,35,-30,324,93
-116,2044,40,8,437,81
-124,2044,28,-103,127,130
-129,2046,24,-119,326,228
-121,2052,29,-141,314,144
-121,2050,34,-21,185,103
-121,2047,30,-167,165,160
-118,2041,32,44,63,185
-110,2044,23,-57,216,163
-107,2045,20,-26,207,191
-106,2045,18,-2,282,187
-109,2052,17,-108,215,137
-110,2055,20,-81,141,140
-110,2057,26,-92,141,102
-117,2058,33,-143,120,112
-115,2059,27,-165,188,101
-106,2061,28,-179,206,103
-99,2058,30,-110,386,97
-104,2054,28,-295,326,138
-117,2056,28,-129,197,136
-121,2058,31,-238,218,117
-120,2053,35,-188,245,125
-117,2046,30,-191,164,138
-112,2043,30,-211,172,120
-113,2043,30,-133,140,121
-116,2046,27,-225,201,110
-113,2047,26,-105,256,97
-109,2046,30,-196,313,98
-112,2042,33,-51,201,95
-110,2048,29,-219,428,42
-115,2049,29,-143,164,66
-117,2054,30,-252,350,96
-126,2056,23,-478,196,111
-133,2052,23,-555,307,198
-117,2045,29,-521,728,247
-125,2035,6,-755,651,323
-162,2023,-16,-986,638,478
-212,2006,-54,-1122,303,597
-250,1977,-105,-1444,86,762
-247,1927,-163,-1470,207,946
-233,1876,-231,-1511,206,864
-245,1854,-288,-1275,95,707
-259,1879,-334,-550,892,604
-266,1942,-365,57,1570,337
-262,1992,-376,1399,2356,-56
-254,2038,-409,2422,3724,-420
-249,2134,-394,2672,5467,-508
-250,2277,-330,4005,5774,-321
-228,2449,-317,6112,6550,-172
-157,2706,-353,4101,9103,95
-131,2855,-198,2362,7589,714
-152,2827,55,1902,1894,1333
-168,2685,327,-312,-2792,517
-144,2462,593,1717,-1109,-128
-116,2296,615,628,95,331
-84,2167,558,1173,317,1871
-70,2090,414,616,-1191,3033
-143,2078,317,203,-5352,3762
-193,2063,280,1365,-6864,3729
-188,2011,248,853,-6786,3141
-143,1894,200,804,-5899,2324
-80,1802,93,-2536,-5847,2080
-25,1716,142,-1640,-6019,2226
10,1723,66,-2860,-5602,2500
34,1785,36,-2579,-7166,2109
97,1814,48,-547,-7275,1746
54,1755,44,2041,-5750,2104
13,1646,104,5983,-2650,1823
105,1535,-6,10347,-934,709
245,1578,-249,7999,1494,537
324,1640,-281,9789,1115,673
364,1729,-345,10577,1740,1179
314,1867,-406,7372,2295,1190
256,1876,-389,8645,2465,-168
250,1898,-471,5615,3820,-849
153,1986,-423,3383,1621,74
-12,2048,-312,6281,414,-20
-140,2194,-307,3086,-713,-829
-161,2343,-332,752,-3010,-1196
-94,2423,-340,-1100,-4040,-1341
-1,2475,-432,-3587,-4784,-1514
72,2467,-551,-5942,-5210,-1225
49,2433,-481,-6185,-4919,-1002
-51,2374,-470,-6064,-6038,-781
-142,2316,-456,-8247,-8730,-423
-66,2187,-460,-6376,-7946,-1135
92,2086,-510,-6513,-4645,-591
246,1980,-552,-5962,-1388,881
260,1915,-566,-9490,-2876,2116
328,1795,-415,-4626,1874,1346
264,1739,-327,-5308,-368,578
287,1692,-395,-4455,2824,48
416,1694,-140,-8172,10027,517
435,1633,105,1973,6934,-90
410,1714,-80,552,8830,-892
376,1815,-272,-4705,9500,-1109
252,1893,-94,-7201,6278,-1259
60,1918,311,-1287,3759,-1925
-68,1888,338,1452,3675,-1283
5,1912,132,-3611,7054,-1028
73,1912,244,-1652,4914,-1855
93,1908,301,-1676,3641,-1717
4,1854,316,-2103,2888,-915
-99,1757,334,-1791,1065,33
-98,1709,331,-4231,1403,203
-127,1691,381,-4059,-1867,118
-152,1812,435,-6618,-2561,21
-248,1932,565,-5201,-5291,-124
-261,1998,532,-3262,-482,-353
-228,1971,317,-1835,-935,-157
-13,1983,159,-1992,861,-219
-23,1993,147,-3591,-1697,59
-156,2032,162,-1194,-1292,202
-336,2210,61,-1482,-1448,1000
-395,2403,15,29,-3858,1548
-227,2520,23,-234,-3339,1123
4,2470,48,756,1910,-225
-29,2395,-148,3642,5700,-2254
-369,2592,-368,1863,-77,-880
-301,2788,-231,869,172,2679
-103,2609,-125,3018,1871,2849
-16,2366,-118,2544,2097,1134
-5,2112,-87,839,1789,-801
-115,1901,-17,328,532,-2564
-281,1834,77,154,291,-2775
-392,1920,129,-255,-1223,-1344
-347,2035,180,85,-938,-861
-214,2036,182,787,-806,-1172
-54,1975,150,932,260,-1280
51,1961,101,1078,755,-939
57,2019,67,254,1231,-778
-4,2065,70,308,1334,-438
-59,2081,70,16,1684,-198
-86,2060,81,-136,1480,-94
-85,2020,100,159,1235,-178
-76,1995,104,26,1289,-179
-90,2009,116,4,633,-108
-107,2047,114,437,702,-6
-117,2081,98,113,833,185
-106,2081,79,255,1100,253
-88,2068,62,356,989,235
-76,2065,47,185,858,265
-83,2068,48,-99,923,285
-112,2069,58,-226,805,254
-134,2071,78,-354,680,141
-135,2069,106,-228,869,98
-126,2058,115,-311,817,88
-115,2040,106,-30,1021,67
-116,2034,94,-551,1172,52
-130,2024,105,35,1007,171
-142,2034,99,-318,1031,202
-137,2042,112,-121,1048,151
-136,2045,118,-60,953,140
-143,2035,107,18,840,105
-142,2028,105,15,932,32
-147,2025,105,202,624,-34
-161,2027,93,-49,322,109
-165,2033,95,173,174,297
-152,2040,98,133,323,261
-139,2035,98,303,121,140
-124,2033,95,192,448,123
-117,2041,94,226,355,141
-116,2051,91,171,279,159
-117,2054,94,170,378,88
-126,2054,93,236,396,127
-132,2057,91,84,453,115
-138,2056,95,112,248,134
-134,2056,97,25,499,100
-133,2051,85,38,446,125
-125,2054,74,-65,396,128
-122,2059,83,-159,432,133
-124,2053,91,25,409,129
-122,2047,94,30,483,126
-127,2039,91,-60,593,125
-143,2028,90,178,432,219
-149,2035,81,33,322,260
-143,2038,80,202,387,158
-136,2041,81,46,422,119
-139,2043,83,248,238,118
-142,2052,73,18,142,156
-144,2061,77,33,117,95
-137,2063,85,91,209,95
-134,2063,89,91,157,76
-138,2063,84,-183,35,68
-149,2059,93,-151,-86,72
-158,2060,101,-192,-25,50
-166,2059,90,-255,-196,123
-160,2056,86,-304,-144,152
-144,2052,94,-81,-29,44
-134,2050,94,-274,92,13
-137,2042,92,-71,69,96
-141,2039,88,-211,31,92
-141,2041,84,-126,47,90
-137,2044,84,-97,83,68
-131,2044,82,-18,147,33
-133,2041,82,-5,48,56
-134,2042,74,-72,94,61
-130,2045,79,-25,131,69
-131,2044,74,-53,25,82
-124,2048,77,-67,49,86
-121,2057,80,-119,100,44
-125,2058,85,-98,16,12
-126,2056,89,-29,250,64
-133,2050,86,-135,144,136
-135,2045,86,-43,58,147
-127,2046,79,-102,168,137
-123,2045,84,-152,-26,116
-121,2046,85,-92,152,83
-131,2048,88,-149,64,93
-137,2047,85,5,10,136
-135,2053,83,-177,86,122
-128,2051,84,-81,71,108
-117,2049,88,-126,249,75
-118,2046,93,-36,2,40
-122,2048,87,-57,163,54
-130,2051,89,-236,217,67
-132,2048,95,-31,218,119
-140,2052,81,-346,-40,160
-135,2049,83,-129,66,160
-121,2053,90,-198,250,99
-124,2051,90,-197,123,96
-128,2046,94,-111,93,117
-130,2044,89,-187,118,104
-129,2041,85,-147,109,86
-124,2042,88,-80,182,47
-124,2047,84,-189,337,57
-125,2048,83,-140,165,106
-120,2045,81,-18,248,69
-122,2049,81,-113,238,35
-125,2054,80,-48,148,46
-124,2058,80,-252,275,25
-121,2051,88,-121,395,-2
-127,2045,88,-201,266,69
-131,2041,94,-153,288,106
-127,2040,91,-47,329,137
-127,2043,87,-186,324,153
-124,2046,87,-29,246,178
-124,2046,83,-129,276,157
-124,2047,87,-76,369,197
-127,2047,87,-60,346,201
-123,2046,90,4,441,197
-118,2048,94,-135,516,164
-128,2047,94,-21,255,118
-139,2052,89,-67,352,175
-144,2050,93,-114,112,191
-138,2044,95,54,386,218
-133,2045,95,-138,184,233
-133,2046,101,108,282,208
-143,2050,92,-172,9,196
-151,2052,90,46,69,154
-148,2060,89,-157,142,129
-145,2057,99,-55,-102,77
-148,2054,98,-46,-140,131
-148,2053,97,-102,-184,90
-133,2051,96,-61,-45,32
-121,2053,97,-187,137,1
-127,2052,96,-151,-10,48
-132,2053,101,-135,100,67
-136,2052,101,-185,162,93
-132,2050,92,-141,202,68
-125,2048,93,-74,151,47
-124,2048,93,-44,71,38
-119,2049,90,-137,293,68
-129,2043,94,36,24,82
-127,2039,90,-28,286,100
-124,2036,90,-16,150,134
-113,2036,85,16,410,84
-117,2041,80,-104,317,123
-128,2047,83,-17,149,157
-132,2054,80,-160,264,188
-134,2050,88,0,156,174
-128,2050,86,-24,235,194
-119,2054,80,-199,282,141
-118,2058,74,-114,280,135
-122,2064,74,-143,271,160
-119,2068,78,-299,406,123
-123,2062,84,-251,388,104
-132,2055,86,-440,214,141
-132,2045,89,-270,314,139
-126,2045,94,-373,338,69
-130,2046,86,-450,359,39
-135,2045,82,-527,679,84
-146,2032,80,-459,552,116
-153,2017,72,-556,706,216
-165,1997,55,-521,878,352
-178,1979,18,-806,1141,480
-178,1962,-44,-1127,1711,830
-162,1933,-111,-1647,3225,1277
-155,1890,-177,-2139,3082,1550
-151,1853,-221,-1957,2944,1714
-171,1840,-275,-1590,2205,1723
-182,1872,-294,-1616,2828,1270
-201,1954,-248,-742,3303,323
-244,2046,-213,1875,3634,-680
-276,2204,-264,2616,3666,-1136
-286,2387,-301,2691,5479,-1075
-283,2559,-333,3876,6132,-636
-165,2778,-268,2067,9893,75
-92,2904,-117,1731,8323,1391
-83,2931,56,606,5132,2584
-199,2838,403,-491,-2612,2475
-275,2634,771,1318,-2830,1067
-294,2390,870,2235,-756,575
-226,2160,726,2182,-96,1714
-106,2004,562,2195,-1235,3106
-146,1941,404,2963,-5243,3846
-215,1933,300,2331,-8090,3493
-232,1855,315,2583,-8606,2660
-218,1714,296,3387,-6209,1896
-193,1583,223,769,-5585,1293
-124,1476,87,370,-6354,1342
-27,1490,-12,-3069,-8382,1950
44,1637,115,338,-7663,2593
26,1828,184,3286,-8356,2642
158,1685,98,7150,-3979,2449
165,1534,-57,13228,-2764,1174
95,1525,-454,13151,-5148,-599
271,1594,-599,10048,-434,-856
373,1691,-550,12589,2023,-181
391,1832,-628,7300,2893,789
391,1930,-435,3870,2918,1355
326,1914,-279,7728,2318,1040
163,1946,-371,4090,1786,653
-23,2042,-302,4427,1611,-479
-111,2203,-273,2867,1377,-995
-168,2336,-253,4002,-1687,-653
-229,2468,-372,-960,-6977,158
-180,2525,-413,-2268,-8551,-854
-106,2580,-517,-4948,-7890,-1800
-13,2572,-531,-6492,-6900,-1423
54,2475,-520,-5663,-8181,-1111
206,2320,-620,-6508,-3773,-668
233,2183,-660,-9625,-3594,730
193,2043,-493,-5312,-2851,1018
153,1973,-457,-5288,-3084,1167
154,1848,-645,-5409,-4701,400
350,1760,-665,-10538,7955,607
278,1713,-200,-9078,1086,292
173,1658,-36,6288,-922,-499
274,1758,-548,-7236,5765,-621
333,1736,-348,-12491,4470,-175
301,1734,240,-1312,-47,-62
143,1872,192,1610,16,-206
51,1942,-81,-4374,4297,-349
104,1907,-8,-3313,7782,-1120
161,1956,203,-4875,4066,-1921
117,1901,320,-2635,-290,-1270
-51,1798,280,-3729,-1042,-668
-79,1692,367,-2316,2199,-898
31,1656,311,-4045,3706,-1535
141,1642,368,-5026,3719,-1850
110,1617,455,-4776,148,-1339
-20,1614,490,-5092,-449,-487
-196,1696,468,-5796,-374,-222
-318,1801,397,-6377,788,-549
-373,1950,300,-3803,598,-726
-212,2153,210,-2172,2833,-390
42,2269,93,-2575,6092,203
117,2228,81,-1380,5011,656
61,2241,43,-1144,3678,1681
-91,2322,64,-1490,1481,2569
-199,2442,91,638,403,1556
-198,2542,83,449,2052,322
-172,2508,28,1823,5576,-738
-389,2550,-209,2977,1048,-453
-430,2728,-209,1110,-2451,2228
-142,2668,-130,2966,1110,2700
4,2442,-171,2180,1609,1574
21,2198,-134,1115,817,348
-61,2020,-48,909,-461,-1052
-248,1961,2,-66,-1767,-1944
-401,1989,105,-47,-1546,-935
-380,2036,162,556,-1861,-125
-211,2017,163,216,-878,-626
-81,1931,134,803,-544,-935
-31,1891,88,541,-841,-563
-30,1946,49,710,-1097,-98
-56,2041,18,-7,-259,-46
-92,2089,6,-58,377,-125
-114,2089,21,-319,234,-179
-113,2060,52,-193,396,-253
-114,2021,67,-53,130,-315
-126,1991,69,-406,-243,-297
-134,1990,88,-250,-321,-256
-130,2007,92,-42,-413,-273
-105,2018,84,-275,-54,-282
-70,2012,94,-112,540,-275
-49,2005,86,-10,853,-268
-45,2005,79,-615,1032,-184
-65,2000,108,-299,878,-12
-79,2009,123,-198,1169,-20
-91,2018,127,-270,1279,-33
-96,2017,136,-245,1274,-74
-86,2021,142,-148,1655,-112
-87,2029,147,-181,1629,-119
-94,2043,145,3,1646,-103
-123,2056,139,-264,1062,97
-136,2062,157,-95,778,222
-136,2070,163,-107,683,177
-129,2075,162,-213,597,118
-112,2076,175,-35,871,43
-107,2072,178,-6,806,-9
-113,2071,173,-237,651,58
-129,2071,171,-179,319,133
-142,2070,173,-191,404,109
-147,2071,172,-318,132,144
-130,2069,187,-215,256,60
-116,2056,188,-92,249,-16
-116,2045,186,61,284,28
-125,2044,178,-112,291,69
-136,2042,171,119,298,105
-135,2045,150,14,396,129
-131,2052,146,-203,268,129
-130,2052,159,-1,159,40
-138,2053,162,-98,120,98
-138,2047,163,-4,153,67
-132,2044,159,67,163,49
-133,2046,154,-16,-31,114
-133,2051,146,-161,-30,141
-134,2052,151,-104,10,237
-127,2044,149,-89,146,220
-121,2038,151,-139,255,219
-121,2037,157,-99,103,178
-124,2039,159,-42,86,165
-129,2039,160,-78,29,166
-127,2034,160,94,66,184
-115,2031,152,13,473,194
-116,2030,146,95,315,176
-119,2041,140,-66,242,256
-123,2051,137,-23,264,295
-121,2056,146,-63,325,247
-118,2048,154,218,261,198
-120,2043,148,54,232,232
-123,2040,149,203,158,230
-124,2048,142,82,24,262
-122,2056,136,-56,28,269
-120,2061,136,-209,-28,240
-124,2061,138,-9,-239,269
-127,2066,130,-333,-198,242
-125,2063,143,-150,-135,187
-119,2052,143,-195,-211,206
-116,2042,137,-141,-309,231
-111,2040,128,-139,-283,272
-104,2038,123,-119,-148,245
-93,2034,121,-127,-57,224
-89,2027,124,-158,11,204
-94,2024,126,27,83,194
-105,2031,117,-149,122,233
-110,2038,120,-100,108,256
-111,2046,125,-84,190,231
-112,2051,127,-80,-41,234
-104,2055,124,-22,65,127
-101,2059,124,-261,-39,38
-97,2058,136,-14,18,8
-97,2059,139,-318,225,-2
-105,2048,146,-59,30,74
-102,2046,149,-213,233,89
-105,2044,151,-226,26,140
-104,2044,152,-181,302,117
-94,2046,152,-66,542,124
-87,2049,149,-170,542,72
-96,2042,155,-43,527,55
-110,2036,149,-59,365,80
-114,2037,141,-140,384,114
-99,2039,140,-158,550,87
-88,2044,141,-114,642,67
-88,2049,139,-51,610,35
-99,2055,135,-117,497,93
-111,2062,145,-87,368,96
-122,2062,148,-120,223,21
-129,2057,150,-201,142,23
-127,2052,149,-193,181,58
-113,2044,156,-181,339,39
-103,2034,154,-144,350,64
-107,2028,151,-82,89,159
-107,2034,148,-130,200,146
-112,2040,148,-162,85,176
-111,2038,150,58,162,138
-104,2039,142,-10,351,137
-107,2040,146,-23,221,128
-115,2041,148,-5,201,85
-121,2042,146,62,15,129
-116,2044,147,172,60,178
-109,2045,140,96,147,150
-115,2046,139,60,-129,167
-109,2051,140,145,167,129
-114,2054,135,-30,-168,124
-113,2057,137,-90,28,130
-103,2058,149,-4,12,113
-102,2055,155,-144,-22,104
-107,2046,156,-107,107,136
-113,2039,153,-104,61,189
-107,2041,149,-126,64,185
-97,2045,151,-96,257,200
-95,2045,146,-32,295,194
-99,2042,136,2,199,212
-102,2042,129,-14,189,229
-100,2040,128,-76,285,175
-102,2035,129,-27,189,140
-103,2039,122,-121,154,168
-103,2044,123,-99,287,157
-105,2041,129,25,241,145
-113,2041,131,62,-67,146
-108,2046,127,146,119,192
-96,2054,122,-113,108,128
-90,2057,133,-54,139,62
-99,2058,139,-87,178,34
-111,2062,145,-156,166,117
-115,2057,146,-134,193,173
-112,2048,147,-72,141,98
-103,2041,142,-87,314,96
-96,2041,138,-73,415,64
-98,2041,132,-183,200,98
-102,2035,135,-24,275,114
-98,2036,132,-26,201,101
-100,2038,122,-59,171,110
-99,2043,120,-104,364,133
-93,2046,122,-25,419,69
-101,2046,130,-151,317,56
-112,2039,134,52,59,63
-117,2042,137,-53,43,105
-112,2046,143,1,69,117
-100,2047,143,-64,249,100
-90,2049,138,86,364,73
-86,2056,131,-66,529,29
-96,2056,131,-74,316,30
-115,2055,133,-127,95,84
-119,2053,137,-173,273,125
-113,2047,140,-133,287,120
-100,2041,144,-102,204,70
-97,2039,145,-87,296,32
-105,2038,140,14,125,80
-108,2041,134,-93,232,68
-108,2041,130,-28,293,83
-109,2043,128,-142,155,164
-102,2044,134,-54,280,113
-101,2043,133,-33,317,117
-102,2041,126,-103,332,106
-104,2039,129,-35,363,90
-104,2043,124,-113,334,57
-102,2045,123,-264,358,70
-105,2041,122,-200,348,104
-106,2042,107,-225,599,88
-113,2050,77,-489,637,228
-117,2059,48,-694,915,342
-121,2058,20,-1019,1064,345
-145,2035,-17,-1300,1437,463
-209,1989,-70,-1617,905,684
-253,1932,-111,-1585,516,861
-247,1888,-146,-1275,855,852
-213,1876,-192,-1344,1460,593
-183,1888,-220,-648,1669,359
-175,1936,-245,188,1610,4
-187,2013,-255,1317,2422,-574
-218,2125,-272,2122,2249,-959
-209,2256,-345,3331,3228,-1226
-172,2418,-413,3506,3851,-1043
-116,2631,-363,2932,6964,-274
-171,2820,-192,2343,8193,568
-264,2938,76,2724,6481,1698
-299,2875,343,991,1109,2633
-240,2621,621,2156,-2356,2230
-177,2347,773,2234,-930,1369
-138,2116,790,2504,-660,1090
-43,1922,688,3934,-979,1890
3,1862,498,2750,-2977,3049
-81,1901,391,3066,-6231,3778
-132,1921,340,3690,-7315,3547
-91,1871,279,3428,-5409,2507
-64,1791,179,1788,-4984,1517
-78,1729,145,-380,-6005,1124
-71,1695,156,-1220,-7758,1499
17,1685,158,-604,-6647,2033
104,1702,136,432,-5297,2053
113,1686,109,4613,-4694,2010
62,1709,-1,4997,-3500,2413
50,1709,-10,6603,-866,2558
71,1691,-69,9720,326,2198
172,1704,-206,10690,330,1390
284,1738,-403,12167,23,1214
329,1831,-570,8814,2036,1081
333,1873,-564,8974,4655,522
250,1959,-534,7600,4550,508
129,2061,-451,4588,3629,695
-11,2116,-368,3383,273,589
-124,2161,-282,2671,-1039,-302
-188,2234,-224,3391,-2612,-1584
-180,2326,-335,136,-4305,-1553
-128,2412,-387,-1821,-6225,-894
-73,2438,-512,-3569,-7341,-485
-43,2443,-536,-5546,-7311,-455
-13,2398,-508,-5693,-7537,-360
53,2313,-566,-6813,-7309,38
154,2192,-625,-7564,-6455,670
227,2078,-669,-7381,-5276,1251
269,2004,-510,-6376,-1661,1567
254,1923,-426,-2890,-10,1302
177,1838,-553,-3975,-4289,557
326,1770,-707,-5855,3148,-24
367,1762,-596,-9238,3675,571
447,1773,-278,-4822,10616,974
378,1776,-207,1382,3292,904
474,1828,-496,-4658,10617,231
499,1822,-409,-9234,7017,195
410,1783,-99,-3497,7157,389
253,1831,197,-502,3687,-101
206,1836,81,2873,3945,-228
279,1902,-100,-2901,7836,-404
249,1908,-82,-2358,6873,-837
173,1920,94,-4625,4043,-1711
41,1842,263,-1688,256,-1821
-39,1836,225,-3430,1863,-1944
-97,1850,317,-3552,598,-2025
-109,1840,411,-3972,1069,-2453
-185,1788,485,-4775,-1205,-2030
-255,1782,527,-6736,-1518,-884
-377,1760,560,-4398,-4428,-329
-394,1819,457,-4473,-2311,508
-376,1937,369,-2753,-3131,955
-258,2069,189,-2295,-2010,1285
-61,2156,89,-3750,-1315,566
118,2133,151,-1943,-465,-529
201,2116,156,-2131,1725,-902
16,2085,57,-1404,-2148,-190
-151,2160,45,-1058,-2808,344
-245,2320,44,-571,1162,383
-503,2625,-188,4788,1505,1287
-534,2916,-348,-699,-4704,4162
104,2782,-154,4795,2012,4431
492,2500,-238,4237,4156,2074
528,2178,-310,527,4627,-1205
233,1901,-236,188,204,-2682
-143,1836,-124,-462,-1941,-2909
-437,1956,18,-432,-1999,-852
-455,2111,98,1208,-1812,969
-136,2180,82,1627,-553,627
258,2131,5,634,1704,-822
337,1970,-32,117,987,-1170
246,1925,-22,647,-907,-836
111,2016,-39,508,-1252,-615
-4,2100,-33,-637,-75,-248
-45,2099,22,17,106,-372
-19,2046,54,338,565,-665
29,1995,75,-211,1536,-904
45,1963,79,153,1613,-862
34,1989,45,279,755,-587
31,2045,36,-277,934,-517
5,2058,53,158,1024,-672
-27,2050,50,363,1179,-543
-19,2041,48,222,1425,-307
12,2025,63,165,1707,-393
2,2017,73,117,1536,-464
-35,2039,75,143,1333,-434
-72,2075,89,-336,1314,-265
-75,2080,103,224,1769,-244
-66,2071,97,-109,1387,-253
-59,2061,102,-116,895,-321
-70,2061,117,-347,982,-395
-94,2063,135,-300,577,-400
-99,2058,141,-273,781,-296
-79,2047,135,-368,1201,-218
-63,2039,139,-224,955,-303
-70,2036,135,-288,634,-218
-77,2043,124,-357,806,-122
-80,2051,129,-360,785,-149
-77,2052,130,-108,885,-131
-78,2057,132,-264,789,-146
-81,2057,134,-129,733,-176
-82,2065,125,-262,613,-194
-77,2066,122,-215,782,-167
-80,2064,117,-337,470,-170
-91,2059,125,-243,235,-150
-99,2060,124,-348,276,-79
-87,2059,122,-337,51,-152
-78,2056,144,-6,1127,-102
-87,2050,138,-193,577,-71
-91,2049,128,-153,680,-5
-93,2052,121,-261,638,-5
-95,2049,127,-121,539,43
-107,2049,119,-237,321,33
-115,2047,122,-188,161,113
-111,2046,127,-80,256,96
-103,2048,129,-99,264,89
-106,2047,125,-33,104,73
-106,2045,122,57,-94,92
-93,2043,115,25,66,85
-91,2040,114,-140,60,108
-100,2038,116,-152,-263,144
-96,2046,124,-97,-27,162
-88,2052,121,-60,-16,157
-79,2054,110,-112,79,129
-81,2051,114,-158,300,150
-88,2049,116,82,276,76
-101,2047,115,-108,147,54
-110,2041,116,-14,82,114
-103,2041,116,9,107,120
-88,2047,118,-59,221,67
-85,2050,119,3,264,32
-91,2048,114,47,160,45
-91,2048,108,11,379,75
-83,2049,104,-65,460,63
-74,2044,110,86,285,3
-75,2047,107,-106,299,3
-92,2049,110,18,246,54
-98,2051,108,-37,319,105
-88,2047,106,-32,511,91
-93,2040,101,-36,203,94
-96,2040,103,-25,224,121
-92,2046,98,-19,346,151
-89,2051,97,-67,419,105
-91,2054,98,-39,200,58
-98,2059,101,-107,70,82
-102,2061,106,-115,65,91
-100,2056,115,-90,198,37
-102,2052,121,-165,75,0
-98,2049,121,-75,105,-24
-90,2050,112,-126,269,-7
-84,2049,110,-156,274,11
-81,2047,108,-76,378,29
-85,2049,100,-29,222,61
-97,2053,89,-230,17,108
-99,2060,98,-320,284,67
-94,2053,120,-108,274,44
-96,2041,124,-21,292,57
-100,2034,116,-60,285,71
-99,2038,107,-121,278,76
-100,2046,108,-162,218,104
-100,2054,110,-204,266,70
-101,2053,116,-158,199,90
-103,2051,120,-201,179,111
-104,2046,123,-81,388,51
-106,2044,117,-131,377,50
-104,2043,109,-58,374,105
-100,2048,107,-156,602,137
-104,2051,106,-93,441,146
-112,2052,103,-157,365,175
-122,2049,109,-107,195,190
-124,2048,118,-35,62,160
-118,2050,118,-41,216,74
-119,2045,119,-128,186,103
-122,2040,118,26,-19,153
-117,2045,110,-121,148,131
-113,2047,109,-121,4,146
-111,2045,114,-110,144,174
-111,2046,116,-147,159,114
-107,2047,116,-83,117,135
-107,2047,112,-197,187,180
-110,2045,112,-134,173,203
-110,2051,118,-184,150,180
-112,2055,117,-107,-130,182
-111,2058,113,-294,-89,247
-101,2056,118,-120,33,222
-95,2050,119,-115,-133,142
-97,2039,116,-130,-138,204
-99,2035,114,-156,-46,221
-100,2038,115,-92,-213,199
-90,2044,120,-13,55,201
-85,2050,117,-309,353,240
-105,2046,129,-136,37,392
-101,2045,131,-20,319,382
-85,2047,124,-151,171,216
-70,2044,126,9,170,116
-72,2048,121,-106,175,100
-82,2055,120,-70,176,146
-90,2055,124,-168,193,158
-91,2046,125,-40,188,164
-83,2043,116,-50,363,167
-70,2050,106,-276,618,158
-67,2054,90,-231,768,118
-67,2059,64,-605,1202,56
-72,2054,47,-648,1622,62
-79,2046,11,-806,2093,52
-93,2024,-34,-1332,2639,158
-140,1975,-69,-1283,2412,252
-196,1923,-117,-1046,1943,391
-210,1877,-188,-906,2161,487
-187,1845,-247,-1060,2175,401
-141,1836,-274,-601,2393,-19
-97,1866,-283,-291,3151,-286
-94,1938,-279,588,4044,-456
-137,2044,-286,3035,3573,-581
-165,2224,-359,3705,3635,-588
-163,2459,-394,3811,6936,-434
-177,2701,-358,4071,7758,278
-166,2878,-308,4011,9811,1035
-264,2968,-201,3003,3751,1922
-374,2961,-18,1801,-2078,1763
-495,2834,352,1553,-8120,367
-463,2567,646,3665,-4624,-865
-347,2235,716,3724,-289,-603
-131,1965,611,2912,-969,1503
107,1845,461,1918,-3489,3157
61,1867,368,1781,-7430,4032
-67,1946,336,2226,-8479,4219
-110,1949,276,1709,-7046,3894
-44,1850,183,217,-4125,3036
-4,1729,135,-1248,-5106,2777
75,1610,152,-1395,-5013,3525
186,1522,154,-1752,-2615,4489
246,1476,87,-763,-1292,4386
225,1499,-7,-733,-4097,3545
251,1524,108,3691,-1499,2847
212,1539,100,6372,-598,2551
205,1577,70,9644,-202,1443
213,1615,-51,12308,1270,295
126,1739,-232,10047,-1634,96
137,1847,-326,13475,-37,-615
215,2064,-576,8518,2682,-727
263,2143,-620,6845,4120,-468
280,2211,-591,5124,3224,293
234,2309,-498,1758,2571,1316
112,2317,-397,959,1564,748
-32,2342,-300,-429,187,-421
-95,2369,-237,445,-719,-1988
-86,2393,-332,-2765,-2478,-2543
-77,2403,-342,-4666,-3797,-2166
-28,2398,-393,-5949,-3307,-2631
-17,2374,-463,-8081,-3435,-2848
7,2307,-421,-7598,-2106,-3128
53,2218,-449,-8170,-506,-2338
53,2075,-508,-4807,-3781,-1689
117,1980,-684,-7268,-1282,-1537
83,1942,-594,-10957,-2548,-609
109,1880,-324,-6253,1399,150
125,1813,-204,-3054,1585,211
188,1743,-328,-5063,4299,-710
304,1652,-303,-5663,5131,-735
362,1594,-77,-4390,4990,-244
289,1624,86,-676,1877,-354
203,1724,8,-2743,2445,-970
87,1787,53,-3003,949,-836
68,1887,131,-3977,1853,-1207
45,1935,301,-2274,707,-1567
32,1926,305,-1575,530,-1886
-2,1915,321,-3014,1306,-1908
-52,1867,389,-1483,394,-1548
-60,1835,369,-3792,-1002,-881
-9,1750,415,-2275,-1746,-187
73,1730,415,-4689,-461,-322
0,1693,521,-4084,-3388,-277
-145,1747,531,-5870,-5089,-196
-226,1829,568,-4015,-2749,-674
-281,1941,472,-4736,-2773,-1314
-229,2066,467,-3397,-2418,-1765
-110,2171,432,-3377,64,-1422
-51,2136,328,-1204,4495,-771
-66,2136,167,-731,4631,-240
-65,2342,30,-749,3887,1411
-95,2578,-47,-1466,2676,2814
-144,2659,-38,-1166,2180,2522
-212,2629,68,-1646,739,1043
-326,2490,206,42,-1896,-734
-383,2308,252,11,-1316,-2205
-318,2092,236,862,1516,-2785
-229,1917,105,1648,3630,-2636
-191,1929,-35,730,1989,-1451
-163,2104,-28,1353,-280,1237
-117,2209,-90,1200,-62,2942
-67,2170,-80,14,629,2437
1,2071,-2,904,1294,966
-18,2016,57,507,909,-79
-72,2007,92,1202,450,433
-92,2020,95,729,523,1260
-82,2017,115,596,325,1051
-103,1987,151,1985,-962,376
-123,2009,100,736,-357,178
-144,2073,82,424,-1426,457
-104,2118,113,618,-707,665
-71,2095,119,972,-806,533
-75,2049,94,566,-977,241
-94,2029,124,532,-354,156
-92,2014,143,498,443,-5
-74,1992,146,725,719,-118
-71,2002,144,242,628,-140
-97,2030,158,595,380,-110
-110,2065,153,135,488,49
-104,2065,162,492,403,3
-103,2058,163,260,470,-131
-105,2050,170,345,460,-97
-96,2044,175,263,656,-179
-86,2040,170,91,1107,-292
-95,2040,164,-32,564,-285
-113,2047,166,3,267,-293
-119,2061,170,126,347,-272
-104,2068,173,176,199,-250
-79,2054,170,287,591,-174
-65,2042,165,77,721,-125
-67,2030,160,158,936,-219
-93,2029,159,101,735,-109
-106,2039,154,260,866,-34
-102,2047,135,103,1178,75
-99,2052,134,-36,729,64
-109,2054,145,101,550,30
-129,2064,148,-174,542,17
-141,2072,158,-132,532,18
-137,2075,159,-293,462,-2
-143,2066,159,-359,-2,26
-139,2058,158,-339,105,-59
-120,2057,162,-275,307,-119
-101,2056,160,-299,441,-142
-97,2049,164,-326,549,-180
-113,2036,175,-224,418,-154
-131,2032,159,-709,-685,-72
-129,2025,180,300,947,-72
-146,2027,160,-426,616,68
-150,2022,162,52,502,112
-141,2027,152,-157,657,70
-140,2029,156,-16,471,29
-148,2037,149,-107,235,63
-152,2045,148,28,285,81
-149,2053,144,30,276,48
-136,2057,140,4,397,112
-140,2055,138,9,262,122
-158,2057,140,-302,96,106
-174,2053,161,-62,-148,93
-174,2049,172,-87,-243,58
-154,2040,168,-98,-10,-12
-144,2029,165,-269,86,-16
-142,2025,164,-30,227,17
-147,2034,152,-355,174,44
-149,2038,157,-167,237,31
-146,2039,161,-163,309,39
-135,2036,164,-114,556,-66
-135,2033,159,-69,428,-40
-139,2037,157,-206,405,27
-146,2045,168,-167,433,22
-160,2053,160,-162,172,87
-163,2060,157,-300,264,168
-158,2057,159,-237,174,150
-151,2047,164,-107,-10,65
-149,2040,165,-151,106,75
-148,2031,165,-149,207,105
-141,2024,167,-26,284,84
-134,2027,159,22,423,78
-141,2038,150,-236,386,159
-145,2042,152,-54,371,198
-141,2046,155,-120,443,158
-138,2045,157,-124,459,90
-138,2042,161,-83,341,4
-148,2043,164,-117,166,9
-158,2052,166,-233,158,5
-163,2055,161,-125,-64,17
-147,2054,163,-154,45,19
-132,2046,159,-176,193,25
-128,2042,160,-201,61,-21
-135,2042,162,-175,92,13
-142,2046,161,-334,59,68
-148,2041,172,-191,-187,95
-144,2042,172,-255,-46,88
-133,2041,174,-224,108,57
-121,2041,172,-210,20,25
-111,2046,171,-474,156,110
-119,2044,178,-438,298,123
-132,2044,181,-487,103,169
-131,2049,188,-369,194,214
-126,2048,184,-511,362,219
-116,2038,190,-282,528,189
-118,2038,180,-433,259,134
-128,2042,183,-316,264,97
-141,2043,185,-213,216,120
-142,2038,184,-57,101,174
-142,2036,188,-224,-48,236
-140,2029,199,46,191,192
-135,2030,192,-145,148,159
-121,2035,188,-92,337,97
-119,2037,189,-52,408,76
-135,2039,179,-126,102,120
-136,2046,179,34,267,188
-128,2047,177,-316,265,188
-127,2039,181,-122,258,158
-135,2042,181,-170,34,111
-133,2052,183,-298,164,11
-136,2052,188,-161,195,3
-135,2044,186,-46,131,-2
-134,2038,180,-215,284,54
-138,2027,175,-96,182,78
-138,2024,178,-18,246,105
-134,2026,176,-173,291,143
-134,2026,175,-41,194,134
-140,2031,173,-170,108,80
-148,2032,181,-70,35,103
-144,2033,185,22,211,81
-135,2037,180,-66,274,70
-127,2040,183,39,324,19
-133,2041,181,-40,178,68
-149,2044,189,-10,68,97
-164,2050,195,-168,-38,66
-155,2051,200,-55,225,124
-146,2055,199,-308,-25,76
-138,2056,202,-275,453,107
-140,2053,211,-262,394,105
-144,2045,210,-117,351,80
-150,2034,209,-165,276,116
-154,2023,201,13,206,149
-151,2022,191,-110,287,82
-153,2025,187,-6,310,95
-152,2030,181,50,361,89
-148,2030,182,34,355,113
-145,2027,180,129,351,79
-148,2029,176,126,291,34
-153,2037,172,87,207,27
-156,2044,169,5,295,68
-153,2048,173,-16,221,76
-146,2045,181,68,409,22
-155,2038,186,-102,327,18
-162,2036,192,2,404,98
-167,2036,193,-121,398,186
-169,2028,186,59,248,286
-160,2030,183,-79,160,265
-143,2039,185,91,322,234
-145,2047,173,-139,288,161
-164,2049,173,-107,-42,204
-173,2052,177,-125,49,183
-165,2049,185,-152,75,154
-152,2041,189,-36,-78,97
-142,2042,185,-164,28,78
-141,2036,185,-16,263,89
-137,2038,180,-211,438,67
-155,2036,183,-200,202,121
-157,2042,187,-348,184,145
-138,2045,196,-142,269,93
-121,2041,200,-181,534,54
-129,2028,196,-130,514,55
-137,2023,183,-125,508,102
-144,2030,176,-143,433,188
-145,2043,181,-231,426,165
-151,2047,190,-142,-108,167
-142,2049,191,12,120,143
-125,2049,186,-75,274,73
-125,2039,186,-27,128,66
-131,2036,181,-46,254,124
-136,2040,178,-121,321,202
-132,2039,179,-105,403,224
-126,2036,179,-149,498,183
-132,2034,178,-196,442,148
-146,2033,177,-226,393,194
-155,2028,166,-227,368,218
-156,2024,149,-207,519,312
-154,2021,121,-369,786,379
-160,2017,93,-536,1000,511
-181,1996,46,-803,791,785
-225,1960,-30,-925,535,1045
-232,1913,-94,-839,961,1143
-211,1858,-162,-384,855,1035
-191,1830,-213,-384,904,741
-194,1837,-221,97,1165,450
-190,1888,-232,1943,1641,1
-181,2003,-309,3001,2080,-416
-158,2174,-339,3250,4777,-692
-188,2371,-275,4784,5386,-614
-168,2607,-268,6196,6473,-416
-144,2891,-224,3866,9701,534
-194,3042,-14,2468,5615,1858
-243,3004,352,3844,-339,2634
-260,2895,660,2707,-4302,1031
-341,2732,771,4768,-6165,-344
-472,2547,731,3978,-6153,-565
-435,2285,545,6273,-3528,505
-293,2119,344,4192,-3376,2095
-262,2030,273,4182,-6672,4284
-203,1901,250,4033,-7100,4403
-102,1661,213,4395,-3789,3772
11,1418,97,1758,-2974,3157
141,1240,24,647,-3840,3276
276,1182,-54,640,-3240,3779
346,1254,-110,-980,-959,3951
263,1427,-84,2057,-1354,3765
199,1619,-165,3209,587,3236
178,1610,-215,7042,1551,1974
32,1612,-280,12031,-490,610
-91,1690,-443,11823,-1136,205
22,1751,-565,11279,1206,-243
188,1822,-603,9972,3603,44
270,1908,-571,8563,2620,779
283,1932,-533,6850,1403,1169
192,2002,-522,5848,-227,601
77,2132,-494,3879,-251,-206
-66,2253,-388,4492,-1114,-637
-123,2382,-422,2039,-1519,-726
-115,2444,-462,-812,-2988,-288
-118,2473,-537,-2623,-5420,-8
-49,2465,-607,-3812,-5698,48
25,2437,-647,-5230,-5846,120
95,2391,-617,-7074,-5536,327
165,2268,-559,-5484,-4534,644
181,2132,-719,-7843,-3643,760
151,2048,-751,-9433,-8065,1109
248,1984,-612,-7255,-294,953
192,1939,-571,-6131,-1909,882
137,1908,-544,-7844,-4823,565
168,1834,-515,-4721,-447,47
303,1812,-472,-6611,5212,-266
391,1762,-323,-4364,6323,-937
389,1683,-329,-64,9350,-1509
337,1703,-326,-4984,8407,-548
316,1752,-250,-3070,9091,-1021
216,1845,-140,-3336,6246,-964
70,1864,41,1560,2917,-1082
18,1941,38,-1537,3322,-1377
23,1969,107,-1144,4426,-1153
-11,1945,119,-1753,1198,-295
-10,1866,188,-4194,-1171,-135
-27,1746,310,-2185,-3432,-219
6,1699,292,-3670,-1336,-36
39,1737,306,-6786,1193,-81
-47,1754,384,-7044,-944,571
-95,1743,420,-6218,-1532,1376
5,1777,399,-5462,2470,1181
90,1825,289,-5919,2362,636
34,1868,183,-4550,-1507,733
50,2011,104,-4795,-1369,731
87,2121,67,-3387,1974,-262
-12,2192,-54,-2644,4999,-1014
-132,2295,-153,-948,5343,463
-121,2463,-249,-1877,3926,2177
-98,2596,-249,-2432,786,2332
-105,2650,-147,-2905,-1435,826
-224,2647,4,-2856,-3689,-1392
-330,2609,98,-324,-2092,-2508
-267,2565,23,1336,1261,-1704
-78,2465,-64,1448,2131,-742
89,2260,-97,1066,1510,-101
140,1992,-115,1226,985,-67
85,1781,-128,223,917,-235
11,1665,-79,-209,1080,-231
-74,1671,-22,-158,1140,-481
-134,1814,19,-369,1804,-309
-116,2000,68,80,2721,60
-47,2079,71,959,2775,33
39,2080,63,924,2280,-169
62,2076,59,1217,1430,-501
12,2108,49,915,997,-622
-54,2135,53,669,84,-604
-91,2136,80,632,-245,-649
-117,2124,117,281,-337,-808
-135,2102,177,415,-337,-980
-136,2087,219,-97,-531,-940
-108,2061,241,130,-540,-798
-64,2041,232,-194,-262,-620
-40,2035,222,-281,-181,-423
-20,2041,206,-22,299,-295
-3,2056,192,-324,497,-175
-12,2052,185,-199,432,-106
-28,2044,181,-256,669,-96
-54,2038,186,-274,286,-12
-75,2033,184,-62,415,65
-92,2038,173,-65,357,102
-86,2046,162,75,283,18
-78,2050,154,-25,108,-15
-81,2046,147,254,23,-63
-83,2050,140,100,-233,-16
-77,2054,140,86,-290,-21
-72,2054,147,155,-282,10
-59,2051,147,142,7,-52
-56,2044,144,125,35,20
-57,2041,139,-115,150,22
-50,2040,139,22,651,52
-47,2044,138,-166,783,60
-52,2045,138,37,732,89
-67,2051,136,-115,446,102
-75,2055,137,179,351,76
-77,2062,122,-110,377,75
-77,2059,119,-54,491,23
-79,2055,120,-17,535,21
-81,2052,118,-129,403,17
-87,2050,124,-81,439,3
-95,2044,126,-79,334,48
-89,2046,121,-152,442,134
-95,2044,117,-135,19,187
-89,2044,116,-143,325,82
-87,2045,118,-147,293,61
-91,2045,118,-195,79,124
-100,2037,116,-98,91,179
-100,2031,116,-77,-165,139
-93,2037,112,-194,-90,103
-85,2040,115,-136,173,42
-81,2036,115,-106,99,23
-87,2033,113,-137,-29,106
-94,2035,117,-41,98,77
-97,2042,120,-38,89,6
-91,2050,118,-101,289,-43
-94,2050,121,-133,23,-58
-101,2050,128,-84,53,-1
-105,2053,133,-188,0,-13
-100,2055,138,-137,182,-98
-99,2051,135,-277,-74,-123
-93,2045,140,-161,13,-145
-83,2044,145,-204,7,-98
-78,2045,145,-312,-31,-66
-77,2044,148,-112,7,-44
-83,2048,144,-378,-108,5
-90,2047,139,-274,-145,4
-89,2047,138,-345,237,43
-83,2043,143,-111,178,67
-80,2041,139,-81,132,41
-84,2040,137,-110,-174,53
-89,2039,142,38,-219,64
-88,2044,143,-7,-67,14
-88,2050,138,-130,-32,46
-85,2053,140,-41,154,32
-81,2058,136,-222,169,61
-77,2059,147,-263,247,-3
-88,2055,156,-179,247,-42
-101,2065,158,-213,329,-24
-104,2074,156,-417,540,50
-104,2067,168,-266,691,36
-115,2058,161,-343,290,43
-128,2048,153,-322,101,92
-129,2037,153,-254,161,111
-119,2027,143,-94,370,73
-109,2025,134,-188,290,42
-106,2016,135,-36,42,44
-108,2013,134,-79,130,66
-117,2011,133,-46,20,124
-124,2009,140,107,41,201
-115,2015,129,30,342,191
-95,2025,124,171,372,186
-89,2037,122,87,287,136
-100,2047,128,-11,125,88
-117,2053,136,38,164,118
-125,2064,145,5,112,125
-126,2068,145,-43,-53,133
-122,2067,144,-180,149,173
-119,2060,153,-36,24,164
-114,2056,148,-145,-54,129
-112,2046,151,-160,35,132
-112,2038,157,-79,-88,100
-110,2039,158,-180,-21,98
-109,2044,157,-77,21,104
-104,2045,152,-112,78,141
-100,2042,149,-60,144,172
-103,2039,147,-12,154,206
-108,2040,145,-134,25,227
-108,2037,147,7,186,228
-105,2040,144,-152,55,196
-98,2044,152,-7,45,154
-99,2048,149,-114,132,140
-111,2049,150,13,-218,197
-114,2052,151,-119,-211,285
-113,2049,157,82,-393,341
-106,2051,150,53,-387,319
-86,2057,148,-124,-140,256
-80,2056,152,-72,-265,237
-87,2054,157,-157,-302,218
-96,2051,154,-63,-202,241
-102,2049,151,-280,-190,317
-98,2041,157,-27,-145,358
-86,2037,149,-160,-104,349
-75,2033,138,-264,-170,483
-62,2036,139,-300,80,521
-53,2037,137,-243,-27,496
-51,2042,131,-346,112,468
-57,2043,136,-175,150,432
-69,2043,128,-170,65,381
-86,2043,129,-182,181,355
-95,2043,135,-108,180,266
-86,2046,140,37,260,160
-73,2052,137,-116,267,70
-76,2052,140,-17,16,22
-81,2051,140,-94,48,50
-79,2051,142,-150,235,81
-64,2043,147,-86,447,-148
-60,2042,159,-170,699,81
-70,2043,156,-310,220,137
-74,2044,162,-182,172,107
-71,2045,160,-189,335,133
-69,2043,162,-209,312,142
-73,2042,160,-267,278,156
-77,2040,159,-237,266,187
-83,2038,152,-309,51,180
-85,2043,159,-254,-213,209
-73,2051,160,-154,185,151
-67,2053,157,-270,95,132
-65,2046,153,-189,88,99
-65,2043,153,-307,19,104
-61,2043,160,-102,64,65
-53,2045,164,-185,222,29
-57,2040,159,-129,232,86
-63,2038,157,-215,378,149
-75,2038,156,-140,60,165
-81,2042,153,-506,421,194
-79,2036,168,-203,306,310
-61,2034,173,-221,409,322
-56,2028,166,-206,229,295
-56,2028,166,-277,30,330
-52,2030,167,58,-103,309
-33,2043,161,-130,278,261
-24,2046,158,43,465,167
-27,2045,147,-119,694,145
-38,2036,144,-180,1029,174
-60,2025,144,-331,1199,185
-72,2016,139,-280,1525,145
-77,2011,113,-418,1681,126
-85,2005,74,-529,2163,59
-109,1976,22,-593,2405,142
-160,1929,-44,-430,1957,358
-206,1882,-121,-378,1272,616
-211,1853,-188,-317,1126,628
-159,1851,-224,183,1609,167
-102,1874,-234,588,2045,-342
-65,1925,-214,2415,3191,-1066
-104,2051,-281,2675,3337,-1485
-154,2269,-252,3534,4387,-1355
-160,2517,-239,5049,7402,-1033
-132,2778,-258,4007,9151,-124
-172,2980,-143,2536,8040,1481
-210,3039,57,1707,4414,2580
-223,2925,343,20,-645,2109
-269,2650,722,1916,-4122,1162
-369,2327,831,4364,-3138,1150
-386,2039,723,2690,-1656,1731
-321,1822,624,5168,-5392,3393
-222,1837,465,2392,-8110,5485
-217,1943,372,3558,-9756,6560
-167,1996,199,-500,-10834,5675
-20,1925,182,-837,-9673,4237
116,1834,115,390,-7633,2962
207,1784,25,-942,-7449,2623
328,1698,72,1942,-4637,3046
338,1650,40,3445,-2464,3733
245,1599,-30,5889,-2776,4626
249,1540,-144,6174,-1733,5143
383,1544,-140,7804,946,4940
440,1559,-168,13501,-374,4288
456,1587,-456,11317,424,3241
438,1592,-718,9618,820,1533
411,1695,-711,7412,450,921
444,1816,-710,7087,3354,922
487,1917,-667,4400,5947,408
411,2024,-465,3182,4172,898
282,2138,-334,2410,3240,1173
121,2184,-228,2897,2087,-33
-9,2246,-221,3353,459,-1932
-59,2390,-294,-189,-390,-3208
-44,2479,-359,-2696,-3239,-3289
26,2504,-445,-4470,-4732,-3190
92,2483,-538,-6486,-7017,-3069
127,2406,-593,-7306,-8428,-3082
179,2324,-550,-8093,-5902,-3435
296,2168,-569,-6607,-2350,-3875
336,2018,-670,-7051,-2441,-3014
376,1894,-747,-6966,124,-1622
302,1823,-613,-8539,-2731,201
267,1751,-555,-3309,-1527,103
286,1778,-523,-8537,1440,-472
344,1669,-465,-4493,5128,-1075
387,1590,-267,-6576,3321,-115
518,1546,-199,-511,5169,-657
489,1670,-146,-6066,4088,-1803
313,1737,-29,512,4754,-2478
94,1868,-18,-6671,2189,-2597
-89,1786,196,-1269,-2754,-1685
-157,1714,195,-1694,-3616,-800
-69,1675,157,-2673,-49,-1332
48,1768,214,-3353,302,-2475
60,1932,319,-4225,-3762,-2854
75,1973,464,-4376,-2922,-2200
36,1923,539,-5562,-2381,-1229
-31,1848,609,-7417,-2182,-653
-78,1797,605,-4535,-1568,-24
-40,1786,448,-7054,2274,-726
27,1890,277,-5802,3623,-2245
77,2120,211,-4005,2698,-2225
13,2215,122,-3868,2850,-460
-111,2268,116,-2401,-674,824
-191,2415,202,-1493,-1396,1435
-252,2455,230,-2467,-490,456
-286,2379,324,-1214,-2966,-1036
-184,2290,293,1859,347,-1249
-162,2251,82,1100,3499,-1677
-215,2352,-124,2377,4572,-1527
-247,2569,-121,-654,1989,1052
-183,2567,7,2645,683,3497
-46,2431,-46,1319,2648,2934
123,2154,-11,745,3642,274
214,1818,58,1597,4218,-1803
121,1673,50,237,4296,-2665
-71,1739,92,-719,2912,-876
-226,1930,133,1041,3015,1242
-288,2104,101,526,2032,1554
-199,2144,83,1137,1894,596
-55,2120,76,533,2213,-401
19,2063,58,1486,1846,-711
-15,2070,26,540,514,-537
-71,2104,56,613,1153,-116
-146,2107,81,559,906,-65
-203,2074,88,473,518,-122
-202,2045,113,-38,76,-286
-157,2018,164,558,-326,-422
-113,2011,156,316,14,-425
-90,2031,150,-179,-203,-408
-79,2060,155,302,359,-286
-95,2076,137,-89,282,-88
-114,2065,139,143,42,22
-108,2063,144,-95,143,23
-105,2056,147,-425,-60,-66
-113,2044,163,-451,-84,-110
-128,2046,189,-350,-238,-58
-147,2058,178,-288,-136,44
-140,2064,176,-447,69,29
-113,2051,186,-188,82,-12
-109,2035,191,-101,-227,53
-121,2027,192,35,-432,149
-125,2029,193,172,-245,191
-105,2038,193,151,67,77
-90,2034,193,212,175,32
-88,2029,198,303,255,-47
-94,2033,195,305,394,32
-102,2035,187,248,360,137
-100,2033,179,480,553,166
-104,2041,163,230,559,246
-109,2049,161,209,490,308
-110,2050,156,445,622,255
-108,2049,138,250,359,294
-97,2047,137,380,542,343
-100,2047,129,217,336,278
-115,2043,125,376,97,308
-123,2043,120,361,30,344
-116,2041,108,346,56,314
-108,2038,107,312,47,181
-105,2033,107,331,182,115
-107,2035,104,213,98,116
-106,2042,108,216,280,137
-113,2044,107,188,234,122
-121,2046,103,142,288,123
-124,2052,110,96,397,130
-130,2052,113,247,7,336
-126,2052,96,196,222,382
-110,2056,98,127,362,292
-95,2058,108,75,428,127
-108,2053,112,73,391,86
-125,2048,99,15,283,148
-131,2047,99,39,144,193
-138,2049,99,-36,-206,224
-130,2050,104,33,-206,116
-116,2047,103,-141,-137,71
-107,2040,105,12,35,24
-101,2038,103,-156,80,26
-103,2039,100,-32,-4,72
-96,2046,92,-157,-89,65
-86,2053,104,45,714,81
-93,2052,99,-256,444,86
-100,2046,104,-80,415,104
-105,2049,111,-242,382,119
-109,2051,116,-172,263,107
-112,2055,113,-172,167,76
-116,2059,113,-223,248,97
-116,2063,111,-233,244,29
-111,2062,113,-209,185,49
-108,2051,113,-137,152,67
-106,2040,114,-143,133,39
-103,2040,115,-86,100,-27
-110,2041,108,-171,50,5
-116,2039,114,-203,226,49
-117,2038,123,-149,198,42
-122,2040,114,-142,-16,93
-120,2048,115,-326,174,86
-114,2051,121,-96,189,38
-121,2052,118,-288,-22,80
-134,2046,123,-249,-40,117
-144,2044,130,-291,-307,76
-131,2042,130,-80,-45,62
-114,2040,127,-137,-52,44
-108,2046,127,47,4,-19
-110,2056,125,-109,31,-23
-109,2056,125,-19,119,-22
-110,2054,117,-271,2,69
-110,2050,132,-49,81,120
-102,2054,132,-248,213,85
-95,2051,137,-165,308,59
-96,2046,138,-205,301,34
-111,2038,128,-98,180,109
-121,2041,123,-276,163,163
-120,2045,128,-115,96,187
-104,2048,132,-139,369,185
-89,2048,131,12,553,116
-97,2046,117,-224,372,115
-112,2044,118,-43,263,155
-114,2051,120,-172,245,149
-113,2049,129,-148,121,169
-116,2049,131,-189,-85,133
-106,2047,129,-29,166,62
-99,2048,129,-205,272,92
-96,2046,132,-110,169,112
-103,2048,124,-386,127,167
-109,2046,131,-150,183,230
-103,2040,131,-188,264,198
-98,2034,130,-94,352,167
-102,2033,127,-249,279,175
-103,2035,127,-33,445,160
-101,2046,119,-189,562,99
-95,2050,118,111,550,44
-94,2058,107,-174,423,40
-100,2057,108,43,211,-6
-107,2057,116,-85,352,-60
-116,2047,124,51,114,-90
-118,2042,122,-70,-21,-93
-115,2041,130,14,236,-98
-112,2043,128,-35,313,-76
-110,2038,125,50,346,-18
-112,2039,119,-71,100,108
-108,2036,123,58,214,145
-102,2042,122,-50,251,67
-102,2046,127,-79,356,58
-120,2047,128,-98,-1,148
-124,2054,128,-90,250,169
-114,2057,123,-53,406,153
-106,2056,118,-255,376,167
-106,2052,120,-45,388,165
-109,2053,115,-259,386,161
-107,2047,123,-37,433,114
-103,2044,130,-204,530,67
-107,2040,139,-62,455,81
-125,2035,128,-124,174,132
-129,2036,126,-54,375,154
-125,2035,125,-120,160,232
-116,2032,127,61,225,173
-114,2038,120,-153,237,113
-121,2041,127,32,53,66
-125,2051,127,-116,27,87
-124,2059,123,18,69,154
-110,2061,125,-140,319,158
-106,2054,124,-111,285,101
-113,2050,126,-97,293,94
-119,2048,126,-30,309,78
-121,2049,123,-251,157,76
-118,2045,128,73,439,40
-122,2044,118,-226,467,31
-125,2033,117,-20,560,15
-129,2023,110,-164,635,47
-131,2009,100,-39,891,61
-130,2010,79,-130,1078,152
-122,2017,53,-128,1477,232
-121,2019,16,-429,1934,313
-137,2017,-16,-725,1942,407
-165,2005,-43,-952,1716,421
-209,1975,-63,-830,1024,379
-243,1945,-101,-688,716,378
-249,1932,-144,-655,809,290
-233,1919,-189,-50,717,250
-201,1924,-243,209,1176,108
-183,1951,-290,459,1504,-145
-170,1996,-286,1496,2469,-492
-154,2062,-319,2749,3479,-780
-183,2174,-321,1947,3098,-852
-159,2321,-263,5026,5116,-711
-119,2587,-283,3184,8456,-407
-191,2796,-205,3839,8230,795
-229,2944,-75,2004,6236,2328
-338,2913,171,406,-2435,3171
-432,2764,518,1466,-6014,2122
-455,2535,794,3319,-4993,1155
-391,2234,753,3945,-3428,1323
-217,2011,576,3484,-3338,2170
-140,1954,446,1467,-8214,3258
-174,2040,379,1897,-11528,3982
-202,2093,327,167,-12790,3407
-148,1983,271,1364,-11110,2410
-46,1836,127,281,-7930,1498
15,1701,9,-1554,-7980,1200
123,1604,35,-827,-7168,1699
207,1559,98,946,-6101,1894
205,1458,43,5258,-4469,1955
172,1433,-60,4579,-2796,1839
223,1447,-40,9145,-484,366
229,1478,-111,10868,1109,-140
189,1525,-246,14720,415,-1253
190,1639,-553,12620,466,-1956
220,1875,-792,6400,642,-1789
361,2032,-680,4121,7215,-417
258,2151,-505,1086,2389,1681
64,2202,-379,610,503,2762
-160,2239,-321,8,-599,1318
-191,2302,-298,-1072,496,-733
-141,2386,-253,806,-1814,-641
-81,2444,-334,-1686,-4476,-263
-59,2471,-417,-4611,-5761,-427
-43,2416,-442,-5247,-5184,-958
17,2332,-429,-4997,-2531,-1456
78,2222,-441,-5567,-1653,-1437
149,2075,-514,-5298,344,-927
142,1957,-599,-5505,-1781,-230
137,1929,-521,-6062,143,63
109,1881,-433,-4105,675,128
136,1813,-543,-3910,958,16
229,1765,-663,-4631,1948,-99
300,1747,-608,-6642,4892,-9
345,1766,-347,-8054,7134,-128
293,1771,-27,-1622,5770,-683
310,1813,-146,42,10315,-735
319,1860,-237,-11123,9798,-330
240,1754,326,-5777,5271,-729
5,1631,524,1035,-294,-1463
-188,1620,360,-5030,3583,-151
-239,1621,421,-785,7858,554
-99,1713,346,-4818,6735,232
-9,1624,487,-3288,-2099,-84
-57,1551,538,-5621,-2623,757
-306,1605,606,-7738,-5155,880
-455,1712,684,-5637,-4400,-310
-365,1856,604,-5003,3153,-1108
-90,2075,569,-2172,4766,-1609
200,2225,462,-939,1536,74
273,2194,268,-1509,1362,1483
199,2192,118,-71,3579,128
-13,2312,-12,-917,4976,-710
-263,2431,-65,30,3224,791
-341,2537,-43,-910,885,2349
-265,2534,56,-987,-580,2133
-238,2447,158,400,-2100,-239
-216,2390,188,1309,-1617,-2735
-205,2364,142,1445,253,-3444
-254,2362,61,1836,401,-2322
-257,2429,-50,2239,277,-887
-209,2500,-116,130,-1009,775
-89,2423,-70,998,-724,1101
13,2271,-43,327,49,-3
36,2106,-17,-370,456,-1135
-41,1983,54,-86,-171,-1519
-148,1940,109,211,-1073,-986
-205,1936,123,479,-557,-263
-173,1930,109,-163,32,-380
-130,1911,107,297,-155,-739
-111,1920,77,276,-465,-902
-86,1962,60,132,108,-650
-99,2006,44,285,-388,-241
-119,2046,40,176,-438,-110
-104,2082,60,256,115,-171
-94,2079,86,-241,77,-133
-107,2032,117,224,-629,-201
-129,2004,147,-2,-631,-375
-167,1994,152,-234,-1062,-314
-186,1994,145,213,-646,-111
-166,2011,145,-179,-256,-5
-114,2019,156,577,48,141
-86,2027,123,14,209,290
-98,2031,121,116,-159,185
-119,2053,135,123,-27,50
-133,2067,145,-144,-11,104
-134,2057,157,180,136,185
-119,2044,160,-147,136,193
-118,2032,165,187,102,162
-130,2041,164,-209,-84,225
-143,2048,166,44,-237,289
-139,2053,156,-178,-97,258
-130,2048,170,-142,-261,103
-118,2039,177,113,-70,-5
-119,2031,177,28,-226,50
-122,2021,169,393,-83,119
-123,2023,158,89,100,188
-135,2025,159,299,-36,228
-141,2037,157,-19,-157,182
-134,2049,171,187,-202,99
-129,2051,167,87,-204,15
-124,2043,169,388,47,28
-122,2042,159,246,109,54
-129,2041,149,158,-15,44
-133,2043,140,131,-227,148
-118,2048,131,-34,107,161
-101,2050,139,-81,335,14
-108,2044,126,-14,101,47
-121,2047,122,-190,245,102
-127,2044,130,14,28,156
-114,2039,128,62,162,157
-101,2032,121,81,566,148
-97,2033,114,3,593,92
-106,2039,118,-68,500,153
-114,2047,131,100,541,162
-117,2051,122,15,564,141
-123,2050,123,-1,228,172
-123,2052,126,29,421,94
-122,2055,123,26,598,76
-118,2054,119,-9,477,53
-121,2052,117,-174,256,35
-128,2056,122,-105,415,30
-129,2058,125,-192,400,36
-133,2051,133,-201,291,56
-131,2044,134,-16,345,31
-128,2042,134,-249,476,4
-128,2034,136,28,318,23
-126,2035,133,-111,413,11
-136,2035,128,-64,292,86
-138,2043,128,-262,96,140
-133,2047,136,-202,134,65
-130,2045,136,-184,212,6
-128,2048,142,-309,217,62
-125,2048,145,-85,207,68
-118,2049,144,-97,424,56
-113,2049,138,-127,439,82
-131,2048,127,-432,198,115
-135,2047,139,-183,373,76
-130,2043,145,-180,421,40
-131,2040,140,-202,313,94
-124,2038,145,-146,514,53
-126,2040,150,-220,424,53
-133,2041,147,-151,451,86
-134,2044,141,-132,315,114
-128,2046,139,-96,361,80
-127,2048,142,-266,388,7
-132,2049,156,-144,356,-31
-142,2048,161,-161,333,-8
-152,2041,159,-92,370,35
-153,2033,148,-71,407,83
-141,2043,148,-125,450,23
-134,2045,148,-65,413,16
-126,2046,150,-82,417,-68
-125,2048,145,-176,502,-99
-141,2041,146,-39,272,-49
-156,2045,149,-102,140,76
-155,2043,150,-27,220,114
-142,2038,149,61,218,48
-129,2040,142,26,306,-43
-127,2047,136,-40,366,-67
-135,2047,139,7,201,-49
-142,2041,137,-36,226,40
-147,2037,131,-137,132,60
-139,2038,143,57,259,91
-138,2041,135,19,132,196
-134,2043,130,-37,320,170
-131,2044,132,116,560,80
-135,2041,132,179,609,108
-141,2040,134,158,534,184
-142,2037,132,232,472,184
-138,2041,129,88,525,176
-139,2049,132,79,519,134
-144,2059,131,-12,329,70
-142,2060,137,-62,482,63
-142,2054,139,63,417,71
-146,2050,136,-174,428,87
-152,2050,137,-93,431,75
-154,2052,133,-114,316,129
-151,2052,135,-181,390,73
-150,2044,135,-81,362,25
-151,2039,131,-215,307,37
-161,2030,133,-22,236,30
-162,2031,133,-40,377,46
-160,2037,129,-118,374,24
-160,2043,132,-128,313,52
-156,2046,134,-170,403,85
-154,2045,133,-41,344,53
-152,2044,126,-99,466,45
-154,2043,123,-138,550,35
-163,2047,131,-45,297,60
-164,2051,138,-104,417,98
-163,2048,138,-78,120,128
-154,2045,142,-53,391,26
-157,2042,135,-174,92,25
-168,2045,135,-61,48,58
-170,2053,128,-268,245,99
-163,2046,139,-28,109,116
-158,2038,139,6,8,145
-156,2035,136,-55,145,115
-156,2034,132,37,-34,143
-153,2040,129,-54,119,120
-152,2042,123,-25,216,111
-154,2040,122,-33,53,167
-148,2038,121,93,142,181
-140,2040,120,67,191,139
-141,2042,121,-14,42,136
-148,2042,117,36,-28,116
-154,2047,122,56,71,123
-155,2048,123,56,113,101
-153,2045,126,-36,118,116
-147,2040,130,32,50,121
-142,2044,127,-54,12,79
-142,2047,130,121,60,75
-148,2046,124,-54,-11,81
-148,2044,130,55,104,99
-149,2045,131,-129,-1,150
-146,2040,130,19,-45,187
-136,2044,133,-23,95,129
-135,2045,130,11,112,72
-140,2044,126,13,348,85
-151,2041,115,30,63,157
-139,2047,116,19,354,99
-146,2051,114,-14,55,62
-158,2059,104,-117,40,43
-159,2066,114,-61,175,73
-159,2066,126,-43,-35,44
-163,2056,125,50,-207,29
-155,2047,125,151,-150,34
-141,2045,125,166,-69,-30
-141,2043,125,46,33,-98
-152,2040,131,17,182,-73
-165,2038,136,-136,105,73
-175,2027,135,-158,40,161
-174,2013,123,-156,162,193
-171,2009,108,-110,-47,185
-170,2017,82,-165,166,226
-176,2030,50,-146,275,318
-196,2040,6,-273,285,443
-238,2033,-32,-714,-47,629
-273,2004,-71,-511,-761,850
-279,1974,-117,-999,-385,906
-257,1931,-147,-748,-1,767
-227,1894,-172,-630,26,593
-217,1876,-188,-501,507,441
-222,1880,-202,-3,818,226
-236,1905,-221,738,1264,-75
-257,1952,-244,1404,2105,-358
-257,2010,-259,2629,3123,-639
-218,2103,-320,2659,4153,-1022
-173,2217,-320,1914,5984,-1217
-155,2336,-289,3402,4885,-1154
-130,2511,-195,3861,5871,-1024
-210,2646,-126,4566,7837,-455
-236,2779,-4,3650,8228,769
-280,2805,127,3470,6038,2341
-412,2737,278,1119,645,2519
-494,2617,580,2260,-4443,2168
-465,2429,744,1182,-4648,1882
-377,2139,744,4225,-4333,2047
-221,1953,581,2069,-5870,2779
-175,1873,461,1800,-8746,3566
-211,1923,349,822,-11213,3416
-203,1980,289,-51,-12648,2224
-164,1944,222,-1258,-14198,1428
-135,1838,192,-277,-14516,955
-161,1741,160,-1445,-12625,533
-138,1596,150,231,-7539,535
17,1507,84,1177,-3780,187
209,1449,-20,8021,-5082,-541
280,1492,-277,7858,-6738,-264
266,1606,-461,6148,-4143,-218
199,1708,-475,7327,-976,-455
124,1803,-505,4265,2229,-410
80,1833,-536,7321,-1303,-454
83,1975,-596,2370,558,26
71,2059,-478,2013,1112,79
21,2139,-370,2809,570,646
-65,2255,-322,2481,604,599
-162,2373,-297,-373,-283,267
-228,2439,-291,-2179,-2327,-80
-217,2478,-303,-4250,-3835,-267
-161,2483,-335,-6225,-2833,-205
-140,2431,-365,-6438,-3544,39
-56,2343,-418,-7080,-817,-131
13,2212,-492,-6732,69,-257
99,2060,-479,-3561,2180,-370
135,1963,-570,-6269,2952,352
201,1870,-593,-6473,4834,970
192,1784,-474,-6861,5158,1551
145,1723,-432,-5385,3922,944
166,1711,-281,-8293,8022,609
202,1638,-26,-3740,8619,-99
217,1647,92,-4170,7744,-158
257,1666,65,-2142,7221,157
249,1709,207,-5392,7530,423
130,1630,263,1806,4609,-65
-4,1679,194,-5476,4008,-873
-66,1687,369,-744,6294,-1829
-169,1726,386,-2237,4270,-1693
-238,1642,378,-1932,416,-173
-199,1617,550,-4705,-628,90
-283,1640,601,-2287,-4777,-474
-354,1859,581,-7566,-2695,-733
-337,1985,734,-3041,-1294,-908
-178,1991,561,-4630,1698,-1018
46,1913,505,-2286,1969,-1228
183,1882,364,-478,570,-1160
-6,1887,221,-1548,-2585,-420
-243,1981,157,95,-1165,-16
-399,2265,-29,219,4363,235
-395,2531,-136,855,4723,810
-253,2649,-176,967,4575,1663
-262,2731,-201,1017,3445,1821
-393,2855,-164,775,665,1191
-427,2933,-55,1790,128,431
-362,2847,14,1608,416,-176
-253,2637,87,1884,1398,-764
-177,2362,124,1280,1127,-1081
-152,2095,163,939,345,-1050
-165,1920,187,870,-111,-713
-183,1835,202,535,-428,74
-181,1791,216,80,-903,597
-141,1745,244,233,-382,435
-101,1714,257,-94,-415,85
-52,1726,259,555,-480,-122
-26,1800,246,565,166,-367
-69,1887,227,318,-37,-309
-108,1978,200,953,32,-64
-139,2080,180,3,364,268
-136,2145,189,585,644,153
-114,2183,202,38,1222,130
-135,2164,223,547,952,216
-160,2154,211,453,557,191
-168,2154,216,25,961,276
-179,2120,219,277,370,442
-161,2092,220,166,384,419
-134,2083,208,187,183,243
-127,2081,205,-173,323,211
-125,2078,195,40,562,195
-118,2088,182,-448,728,119
-137,2075,181,-423,606,250
-181,2042,168,-130,117,416
-191,2017,149,-222,195,371
-171,1995,135,-194,377,237
-156,1967,132,17,104,232
-139,1964,112,82,480,114
-145,1987,95,-372,648,-41
-164,2009,85,302,743,29
-174,2028,65,-76,566,264
-153,2025,72,628,562,425
-127,2022,59,650,514,460
-114,2020,49,669,516,396
-118,2035,44,521,373,270
-130,2059,53,545,138,224
-151,2071,61,394,-148,223
-172,2065,69,409,-430,267
-174,2060,77,225,-790,249
-146,2055,81,297,-557,215
-122,2047,78,72,-626,184
-108,2034,66,150,-245,172
-110,2034,73,-127,-122,116
-113,2037,84,108,32,167
-110,2030,69,21,235,172
-98,2020,68,-13,557,149
-104,2020,76,122,337,153
-126,2029,76,154,340,118
-151,2038,75,22,396,208
-156,2039,79,159,180,292
-147,2041,78,-62,297,217
-142,2041,85,-15,215,146
-136,2041,97,108,247,128
-144,2046,90,-38,-60,173
-148,2053,88,26,-5,120
-141,2056,86,37,32,41
-137,2051,85,13,248,57
-133,2049,89,-36,417,43
-128,2049,90,19,277,-68
-139,2048,89,-193,60,-17
-156,2046,104,-71,-17,0
-154,2049,104,77,28,-117
-151,2050,103,-240,91,-146
-150,2046,113,-13,122,-126
-143,2050,119,-163,68,-106
-138,2055,128,-123,145,-88
-143,2061,129,-209,-38,-75
-150,2066,130,-80,110,-31
-155,2072,123,-245,-3,56
-149,2072,121,-156,-28,70
-136,2065,129,-290,61,-3
-133,2056,133,-207,28,-53
-135,2050,138,-283,-34,-109
-140,2042,140,-213,3,-29
-141,2032,129,-173,38,28
-137,2027,129,-244,-5,70
-143,2030,126,-219,-157,158
-151,2035,126,-153,-322,243
-133,2039,124,-87,115,144
-122,2037,120,18,51,78
-127,2037,115,-26,19,133
-137,2042,114,-34,-45,208
-140,2041,113,-3,-104,197
-137,2037,109,-183,55,221
-140,2032,116,61,-21,269
-136,2033,108,-28,-62,304
-127,2032,109,39,72,279
-118,2030,103,165,133,195
-114,2035,96,219,256,205
-116,2050,86,21,320,218
-124,2064,86,113,365,195
-134,2074,88,-16,231,178
-143,2072,96,-113,77,196
-142,2060,108,184,-9,183
-137,2054,102,-76,69,148
-138,2053,105,-98,-18,115
-141,2059,112,-128,-5,122
-139,2057,110,-80,38,121
-133,2050,107,-125,-15,150
-128,2049,103,-222,-40,144
-121,2047,109,-222,53,147
-119,2045,108,-194,137,143
-116,2043,111,-279,215,111
-115,2038,112,-119,562,112
-128,2033,100,-338,423,221
-132,2035,104,-30,532,252
-142,2043,96,-275,39,311
-140,2048,95,60,93,220
-127,2056,80,-121,381,119
-118,2054,87,133,258,75
-121,2051,86,-13,263,41
-134,2045,94,13,201,58
-145,2042,100,-64,-18,71
-142,2048,109,-141,-28,38
-131,2050,122,-135,288,55
-117,2046,123,-25,345,-3
-111,2048,121,-150,423,-74
-119,2051,128,-73,361,-49
-137,2050,115,-158,219,23
-148,2049,115,-225,13,107
-138,2047,122,-131,108,119
-120,2044,120,-261,249,68
-110,2043,126,-157,328,23
-117,2047,122,-323,268,25
-132,2048,123,-235,153,53
-139,2047,119,-44,178,144
-135,2044,112,-172,261,168
-122,2044,108,-61,350,168
-120,2045,105,-132,329,183
-126,2044,107,-68,283,183
-126,2049,102,-168,281,116
-124,2052,103,-142,386,88
-124,2049,108,-94,416,42
-132,2044,104,-173,484,76
-144,2043,101,-202,244,144
-137,2042,109,-152,393,138
-127,2040,110,7,233,105
-130,2048,98,-340,188,97
-128,2057,105,-71,371,68
-129,2062,103,-265,405,-36
-139,2052,113,-223,345,2
-152,2040,118,-183,145,100
-147,2035,119,-109,255,51
-135,2036,126,-121,244,26
-129,2039,122,29,303,-52
-130,2049,116,-112,362,-36
-134,2050,120,-57,311,42
-138,2049,120,28,415,56
-141,2052,117,-106,206,50
-140,2057,119,-197,124,103
-136,2058,126,-176,251,81
-138,2051,128,-207,330,96
-140,2043,130,-118,324,97
-148,2037,129,-206,161,151
-157,2029,129,-22,44,236
-150,2027,122,-4,173,222
-145,2024,116,5,122,276
-136,2024,115,135,271,306
-131,2029,102,61,266,332
-138,2035,101,9,-8,306
-133,2052,101,-16,360,179
-127,2064,114,-87,472,63
-132,2063,116,-8,403,61
-144,2062,118,-198,425,74
-156,2055,127,-137,381,150
-162,2048,126,-131,286,179
-163,2044,112,-227,42,177
-150,2046,107,-439,482,207
-146,2043,106,-267,376,193
-147,2037,92,-396,565,235
-151,2027,74,-435,563,325
-152,2016,57,-417,572,360
-158,2008,23,-588,989,338
-190,1995,-21,-889,1033,488
-221,1964,-69,-1050,1137,789
-236,1911,-135,-960,1273,1063
-231,1854,-205,-1038,1469,1079
-222,1824,-251,-1065,1272,827
-192,1833,-256,-325,2329,449
-181,1873,-266,307,2417,366
-173,1931,-269,2239,3117,79
-161,2054,-289,2399,6119,-435
-167,2238,-258,3597,7806,-589
-68,2523,-276,5964,10611,-453
-28,2839,-303,2883,13210,748
-146,2982,-156,4580,9058,2757
-237,3032,36,807,5235,3864
-271,2889,471,3154,302,3424
-174,2669,673,1917,2294,2092
-158,2358,759,2975,1710,1688
-130,2051,656,2973,673,2400
-118,1839,471,3119,-1569,3777
-203,1795,330,2945,-8161,4852
-195,1889,249,2468,-8950,4421
-154,1977,228,1565,-8371,3016
-96,1954,187,816,-6867,1415
-67,1856,135,368,-6386,1048
-17,1754,78,270,-5869,1427
46,1688,52,1248,-4219,1933
49,1680,-16,3123,-5281,2109
51,1675,-126,3997,-5021,2648
104,1630,-157,6094,-3582,2823
211,1597,-218,9432,-1683,1712
311,1631,-384,9312,-1109,1224
371,1651,-517,9941,1800,894
324,1735,-636,8144,2326,672
215,1862,-631,5731,321,1156
160,1938,-451,4639,420,567
73,1981,-395,2959,1201,-959
15,2062,-265,2444,1415,-2489
-95,2215,-204,1393,-1470,-1443
-217,2348,-325,-2674,-5967,-480
-244,2428,-319,-3368,-6428,-1625
-161,2461,-354,-4387,-6615,-2564
-98,2481,-449,-6559,-7547,-1971
-92,2465,-482,-7157,-7999,-1388
-118,2414,-507,-6506,-9347,-843
14,2254,-618,-6625,-5881,-1892
158,2106,-630,-5787,-2874,-2091
239,1972,-735,-5998,-2148,-1274
286,1911,-604,-6626,1577,1029
273,1755,-594,-183,-316,1500
368,1723,-642,-8114,4398,394
456,1630,-566,-3335,11071,-984
451,1596,-349,-5485,10168,-900
402,1520,-105,1696,10551,108
388,1588,-95,1006,11584,871
345,1717,-126,-1564,6609,849
269,1807,-154,-6147,7234,-424
9,1781,109,-4198,1231,-853
-139,1757,238,-2230,2385,-1159
-139,1755,286,-3606,4340,-1540
-118,1713,402,-3602,3185,-2431
-104,1613,347,-3558,400,-1859
-152,1551,370,-7495,-3873,-1007
-139,1585,582,-6165,310,-904
-298,1676,616,-6495,-3978,-357
-400,1795,537,-6828,-1971,-58
-391,1927,577,-4553,-997,-17
-185,2130,524,-772,-1011,-653
157,2376,364,-2072,2640,-1058
232,2408,274,-1989,2881,-316
77,2352,136,768,2992,322
-36,2463,32,-856,2687,1151
-126,2569,47,270,2106,1777
-196,2625,69,-768,1207,1720
-180,2614,84,681,1849,647
-204,2564,39,-717,1374,-515
-268,2472,39,654,718,-802
-306,2419,0,165,389,-363
-276,2383,12,494,-180,30
-210,2343,11,116,-798,274
-153,2252,14,-69,-1451,-51
-94,2134,-3,647,-1501,-575
-80,2047,4,-62,-1137,-787
-110,1977,22,71,-457,-545
-168,1940,39,-394,-1181,-61
-180,1909,65,58,-784,-81
-143,1899,57,-523,-363,-493
-123,1894,80,-294,-392,-799
-128,1913,88,19,-96,-713
-135,1947,87,64,365,-738
-150,1980,79,419,326,-702
-167,2015,54,334,-317,-353
-155,2053,49,437,-687,-118
-125,2081,52,638,-1178,-221
-107,2110,58,23,-1355,-341
-123,2118,75,-99,-1246,-323
-164,2109,123,238,-2060,-331
-172,2093,135,60,-1709,-334
-148,2063,147,-158,-1474,-311
-120,2031,160,-87,-1185,-198
-93,2009,158,-644,-968,-148
-77,1994,174,-425,-917,-106
-75,1997,172,-755,-362,-66
-97,2000,184,-525,-492,45
-106,2011,184,-327,-366,89
-97,2019,184,-683,30,99
-85,2008,192,-265,342,189
-88,2004,173,-309,64,287
-81,2017,168,-481,479,220
-84,2022,177,-189,383,209
-113,2019,182,-137,205,256
-129,2033,180,-206,113,251
-133,2036,184,-275,49,302
-120,2033,192,63,85,311
-99,2033,180,-373,409,281
-95,2030,190,-133,287,244
-109,2041,186,-304,281,318
-123,2051,193,-222,321,247
-123,2052,196,-12,604,195
-116,2045,185,-247,719,193
-113,2039,183,-95,1022,130
-114,2043,172,-219,1003,147
-120,2047,173,-87,952,145
-138,2052,177,-215,598,157
-158,2052,179,40,191,105
-156,2060,175,-282,250,17
-140,2056,190,-29,373,-105
-119,2043,193,-69,650,-154
-124,2027,190,-59,546,-73
-145,2029,183,-142,345,41
-153,2035,181,-283,334,150
-145,2036,184,-176,143,200
-125,2037,184,-176,338,67
-119,2035,180,-256,341,-1
-117,2032,189,-71,548,-86
-131,2032,182,-168,628,27
-146,2035,177,-247,423,128
-145,2038,178,-121,392,199
-137,2041,189,-117,133,187
-135,2044,190,-62,150,72
-140,2047,192,-57,-14,-18
-138,2045,198,-53,105,-102
-139,2046,211,-151,54,-114
-136,2047,216,-51,157,-100
-129,2046,216,-279,106,-61
-125,2036,215,-22,-13,43
-119,2035,213,-207,285,59
-114,2033,212,-50,363,28
-112,2030,203,-314,436,82
-110,2027,212,-74,575,139
-119,2026,201,-74,337,116
-124,2025,200,82,415,123
-124,2028,192,51,407,160
-121,2024,187,123,559,182
-123,2024,179,107,582,225
-131,2032,180,166,394,306
-140,2040,183,164,276,325
-137,2045,193,288,252,297
-128,2044,193,363,459,227
-119,2041,181,265,643,227
-118,2039,179,179,612,260
-127,2040,175,117,531,319
-141,2044,171,-20,209,317
-136,2053,175,109,453,259
-126,2061,174,-88,262,231
-119,2058,169,-137,385,130
-124,2052,166,-92,631,128
-134,2049,166,-141,398,149
-145,2043,170,-82,167,164
-145,2036,176,76,141,92
-133,2037,170,-16,224,24
-128,2044,171,-73,128,-40
-135,2049,173,-14,181,-27
-137,2047,168,-52,281,23
-137,2041,171,54,202,32
-132,2041,171,-70,-4,46
-124,2041,175,25,96,14
-130,2046,173,-254,29,21
-135,2048,180,-63,143,41
-127,2045,178,-164,287,15
-120,2039,183,-138,223,21
-123,2033,182,-42,138,93
-128,2031,174,-54,88,151
-127,2039,167,-49,216,99
-122,2047,171,-171,280,129
-118,2045,172,-15,389,127
-127,2042,171,-213,300,110
-141,2041,174,14,121,138
-137,2045,168,11,261,86
-122,2045,169,-55,413,70
-122,2041,168,-6,426,18
-140,2043,170,-178,261,72
-156,2041,181,-116,29,166
-143,2036,187,33,427,101
-129,2030,179,51,321,38
-131,2035,167,-143,290,108
-140,2044,175,-113,213,110
-149,2047,175,-43,71,107
-145,2041,176,-91,233,119
-136,2033,177,48,242,60
-133,2033,172,-21,216,93
-136,2035,169,-90,184,109
-142,2039,170,38,161,121
-143,2046,171,108,-1,151
-139,2049,165,8,139,133
-135,2043,167,-70,16,138
-136,2038,167,-29,82,118
-141,2041,157,-127,-212,165
-130,2048,158,-159,25,139
-122,2046,164,-264,148,149
-129,2040,172,-91,37,190
-129,2040,176,-208,255,204
-131,2041,175,-56,142,244
-123,2048,173,-175,407,152
-121,2046,175,-119,357,141
-130,2047,178,-197,391,149
-145,2046,178,-160,139,143
-149,2046,176,-209,151,132
-141,2046,175,-159,130,113
-128,2044,179,-110,144,50
-121,2041,179,-131,363,27
-132,2037,174,-199,162,69
-130,2035,175,-115,387,96
-139,2033,163,-232,76,163
-138,2037,150,-296,344,153
-134,2044,144,-410,487,183
-138,2045,134,-276,239,146
-151,2049,106,-559,441,129
-166,2041,82,-694,693,191
-184,2021,46,-883,995,239
-211,1976,-1,-1118,896,374
-239,1915,-62,-980,732,632
-252,1853,-127,-1072,563,699
-231,1796,-181,-445,1297,628
-205,1773,-254,-493,1641,496
-180,1794,-280,41,2549,258
-195,1869,-299,1063,2626,79
-211,1991,-307,2683,2684,-200
-185,2182,-365,3528,4762,-652
-154,2415,-423,2336,7744,-580
-155,2697,-312,2079,10265,211
-136,2937,-112,3415,9417,1596
-144,3081,0,3126,7625,3351
-267,3102,185,823,-1781,4124
-361,2985,549,1269,-4685,2807
-332,2684,871,3820,-1923,1086
-267,2342,837,2717,-267,412
-178,2036,758,4122,406,1891
-93,1863,583,2215,-1757,4068
-129,1854,491,2775,-7560,5419
-148,1947,402,2197,-10305,5117
-132,1976,380,1357,-10287,3973
-125,1926,347,715,-9022,2404
-103,1844,251,-645,-8234,1396
-21,1699,184,-371,-8096,2185
91,1569,124,-500,-6974,3156
153,1514,96,631,-6306,2968
147,1499,70,4729,-7409,2367
168,1469,-28,7129,-4786,938
148,1463,-115,8862,-3429,-727
153,1476,-220,11515,-2126,-1661
196,1549,-377,12377,-1633,-1797
280,1715,-582,9693,826,-1257
316,1926,-618,8407,1544,-248
316,2094,-542,3909,3380,647
258,2134,-313,4011,3398,766
187,2120,-265,2771,1453,1234
102,2064,-297,2511,-31,843
10,2140,-338,1144,1,-758
8,2273,-285,1870,-356,-1323
72,2379,-345,-976,-43,-1137
114,2396,-414,-3636,-754,-563
83,2350,-475,-5142,-2516,-576
27,2293,-518,-5846,-4747,-1748
66,2228,-508,-5614,-1994,-3132
119,2186,-433,-7590,2703,-3585
112,2109,-447,-6922,130,-2846
113,1995,-504,-6371,-498,-1545
107,1900,-484,-7005,378,-582
92,1837,-558,-5078,815,-81
145,1801,-491,-6181,1496,-7
240,1719,-374,-3509,7770,-669
249,1676,-335,-4405,5235,-698
345,1684,-227,-7163,11223,-755
325,1645,50,-1380,8706,-698
360,1609,-6,-827,13198,-610
207,1534,-10,-3036,7108,-119
141,1518,89,-263,6124,-53
11,1617,100,-4207,2436,125
-200,1658,252,-3255,-4271,-15
-239,1692,348,-2826,-2310,-1313
-188,1787,414,-4684,-2094,-2045
-235,1890,465,-4647,-4512,-2141
-409,1979,569,-6100,-8236,-974
-368,2021,602,-4470,-5817,-606
-168,2079,579,-6276,-1470,-1137
76,2150,570,-1754,-420,-1474
110,2229,321,394,-2584,112
111,2405,-11,-658,159,916
-8,2585,-162,-757,437,896
-176,2719,-221,-888,1016,874
-338,2754,-145,-3453,438,1054
-422,2572,38,362,-1100,469
-345,2369,14,24,1923,-781
-251,2237,-19,-577,1399,-1255
-105,2224,46,1371,2117,1
-39,2229,-18,688,1304,1232
-9,2166,-52,371,1833,1199
-22,2064,-65,-461,1587,660
-84,1950,-52,-690,403,295
-137,1924,-6,-1213,26,321
-143,1983,85,-975,984,882
-123,1999,134,535,147,1151
-75,1968,76,1328,-393,851
-27,1990,42,-2,830,284
-24,2029,49,141,1375,-325
-65,2073,69,-199,-327,-425
-98,2104,77,654,-964,-238
-112,2128,62,-206,-488,-196
-103,2110,104,168,-169,-334
-92,2080,139,-53,-144,-437
-91,2063,174,-293,-113,-478
-90,2054,201,-640,18,-373
-85,2026,226,-163,-21,-283
-78,2021,226,-426,85,-230
-75,2016,234,-251,92,-68
-59,2006,219,-226,504,29
-52,1994,200,-353,696,132
-48,2004,203,-266,720,180
-52,2027,194,-336,538,236
-57,2040,181,-140,488,202
-63,2066,188,-539,426,98
-73,2078,214,-171,378,44
-84,2072,214,-333,45,73
-81,2061,219,-54,56,28
-79,2067,232,-204,-174,-19
-71,2067,216,-133,-176,-37
-59,2073,204,-336,-100,-66
-43,2078,216,-130,-65,-59
-33,2070,212,-5,89,1
-41,2053,203,-15,-17,99
-47,2043,210,-257,136,93
-60,2029,214,-86,47,106
-63,2027,221,-221,355,142
-60,2018,219,175,305,242
-35,2022,203,209,850,266
-26,2025,188,171,566,292
-49,2028,174,219,192,345
-71,2048,169,-33,191,371
-79,2046,175,400,40,346
-73,2043,168,26,282,263
-68,2034,171,189,386,261
-77,2031,171,88,213,339
-80,2023,166,315,394,346
-64,2028,153,231,644,292
-47,2046,149,-15,676,160
-59,2056,164,16,476,184
-86,2044,160,320,244,289
-92,2041,144,-27,438,361
-81,2037,152,140,306,286
-67,2034,151,127,385,201
-58,2034,139,106,464,156
-54,2041,143,267,690,61
-67,2044,128,259,230,31
-77,2055,110,-41,104,25
-83,2068,122,-105,10,14
-80,2064,141,137,-136,-63
-77,2051,141,14,-286,-76
-77,2051,149,13,-228,-83
-70,2056,164,-86,65,-106
-65,2042,155,-63,83,-52
-64,2043,143,-330,-141,-26
-56,2052,156,-324,27,-45
-59,2049,173,-234,77,-13
-59,2033,165,24,245,82
-55,2030,152,-377,393,126
-50,2032,149,-163,417,121
-44,2039,150,-366,480,126
-45,2033,148,-105,456,109
-48,2033,151,-169,345,110
-54,2038,153,-62,454,65
-68,2039,146,-105,419,63
-73,2044,143,-116,476,46
-63,2050,151,-2,566,46
-60,2050,145,-264,458,28
-74,2042,154,-72,240,42
-83,2044,158,-205,238,33
-68,2047,157,-62,436,-19
-57,2044,164,-102,507,-35
-63,2037,164,81,486,-16
-70,2041,148,-199,472,8
-71,2048,158,-246,558,-13
-82,2042,159,-89,119,60
-86,2049,154,-355,317,61
-84,2049,170,-50,411,90
-74,2049,174,-47,356,0
-68,2043,164,-96,441,-40
-76,2037,159,-144,284,-57
-86,2037,167,-49,416,14
-95,2026,159,204,306,108
-96,2027,148,-20,93,177
-78,2032,146,189,182,124
-61,2044,142,-75,249,10
-59,2048,154,107,321,-28
-73,2055,153,-20,336,-5
-74,2063,162,-13,496,-2
-75,2060,156,-40,318,13
-81,2052,159,-33,178,27
-82,2053,165,-89,375,40
-90,2052,166,-66,194,40
-91,2053,168,-185,201,21
-93,2049,174,-131,4,32
-89,2045,179,10,14,68
-82,2040,167,34,181,59
-88,2033,159,96,57,87
-98,2034,142,-99,-85,112
-97,2035,146,46,-10,112
-86,2037,146,-110,273,57
-86,2030,150,117,353,48
-92,2031,149,-140,270,79
-80,2033,158,161,459,11
-87,2037,149,98,216,44
-97,2040,133,91,225,194
-96,2051,139,51,327,158
-87,2054,158,241,463,4
-91,2047,146,135,293,-10
-100,2049,150,139,248,14
-104,2063,150,2,154,11
-100,2071,156,9,187,28
-97,2069,163,-96,171,85
-92,2058,168,98,235,67
-88,2053,154,-164,227,83
-87,2053,158,-178,225,47
-94,2048,162,-83,87,67
-92,2051,159,-74,141,49
-79,2060,155,-208,218,-11
-85,2055,156,-71,194,69
-100,2046,152,-110,101,123
-104,2036,148,-29,314,175
-91,2036,148,-149,444,133
-85,2028,158,-71,370,160
-91,2026,148,38,336,228
-97,2035,138,-22,161,279
-85,2044,136,-19,490,200
-79,2038,140,193,348,150
-80,2034,126,82,453,181
-94,2035,122,35,161,201
-101,2034,126,-26,195,217
-86,2029,131,223,430,119
-76,2040,123,47,260,78
-80,2053,117,-185,399,124
-82,2053,120,104,553,101
-90,2055,127,-71,450,44
-104,2048,128,65,362,92
-105,2046,131,-64,463,86
-98,2049,136,-99,440,89
-94,2049,137,-9,413,32
-85,2057,131,-49,550,0
-91,2062,131,-206,265,67
-96,2059,140,-103,289,35
-102,2052,141,-41,345,25
-110,2053,138,-248,37,49
-102,2056,149,-159,133,23
-97,2050,147,-84,116,7
-102,2046,149,-192,-128,27
-110,2044,153,-61,-216,119
-112,2043,146,-25,-184,141
-99,2038,146,103,10,131
-83,2036,134,-22,131,84
-81,2041,135,-99,165,85
-97,2042,137,-143,111,95
-105,2041,135,-59,219,205
-100,2034,132,-33,173,249
-83,2032,135,74,283,190
-71,2033,126,-60,516,149
-75,2030,121,12,351,245
-80,2037,123,-45,355,191
-96,2044,115,-14,204,205
-95,2052,115,-64,377,194
-82,2055,126,150,350,88
-87,2048,114,13,174,64
-103,2039,115,-31,151,129
-112,2038,128,-19,153,131
-103,2047,135,22,172,78
-83,2062,138,-129,257,21
-81,2062,137,8,182,38
-88,2061,128,-214,408,46
-100,2049,129,-255,452,106
-107,2037,130,-256,639,186
-103,2037,128,-384,942,320
-99,2033,122,-359,1142,367
-96,2026,106,-344,1540,347
-98,2014,84,-502,1818,396
-108,1989,63,-366,2310,453
-141,1950,21,-343,2721,525
-182,1903,-38,-264,2872,675
-209,1858,-99,-201,2644,757
-171,1835,-115,-72,3013,451
-103,1837,-148,1160,3322,-174
-64,1878,-211,1347,3998,-653
-120,1969,-241,1685,3465,-1001
-206,2119,-209,2842,4355,-1089
-240,2350,-208,3515,5335,-1064
-186,2606,-134,4554,6572,-745
-184,2796,-96,3886,6331,390
-218,2900,3,2916,3625,1910
-212,2886,184,2091,1164,2610
-178,2705,420,1772,-3061,1556
-189,2405,610,4714,-4527,782
-238,2154,552,3520,-3158,1090
-221,1927,432,5560,-3973,2252
-152,1870,236,2112,-7376,3189
-182,1936,237,2440,-11826,3424
-205,2082,209,2650,-10760,3082
-168,2122,199,2055,-10213,2121
-55,2020,138,2786,-9205,1258
-3,1934,113,1173,-9321,1555
-3,1844,84,3745,-7879,2086
9,1761,-54,3372,-6283,2244
28,1683,-191,4341,-6729,1707
83,1626,-264,4256,-5432,1631
108,1580,-302,5841,-3149,1755
116,1544,-342,6228,-97,1326
113,1558,-416,8190,-2602,557
259,1584,-526,6996,1174,655
278,1603,-544,9265,2283,352
161,1702,-643,7939,2360,473
66,1840,-618,6241,2536,399
13,1993,-536,6138,1018,270
-43,2148,-482,2754,-1622,1024
-146,2257,-446,676,-2914,653
-197,2360,-439,-453,-3401,-361
-197,2445,-505,-2198,-5487,-80
-175,2493,-646,-5532,-7969,65
-129,2445,-702,-5632,-8384,-675
-100,2406,-693,-5893,-7728,-1382
-62,2352,-686,-7699,-5892,-1592
-43,2247,-710,-7988,-6222,-1182
15,2091,-785,-7732,-5910,-335
97,2002,-789,-8222,-3283,176
118,1944,-679,-8048,-6222,1585
274,1834,-562,-4723,2832,1467
397,1726,-628,-2843,7412,914
499,1641,-777,-10313,5722,761
675,1542,-428,-9484,16530,726
529,1517,82,-3508,7323,177
348,1549,38,4907,10050,-138
356,1747,-322,-11741,12305,-200
257,1709,74,-3969,6598,-386
34,1758,254,-2759,2879,-843
-168,1807,278,-4273,3306,-1265
-170,1818,268,-1215,7340,-1746
-100,1825,265,-5470,3960,-1393
-44,1654,405,-2316,501,-646
-108,1582,510,-8233,-2244,147
-344,1513,639,-5838,-2803,223
-559,1604,586,-8072,-4288,788
-449,1753,649,-5996,-1704,1468
-65,2009,539,-3323,207,561
334,2249,442,-2415,1363,-527
346,2312,272,-4212,321,18
133,2254,229,-1530,-89,-274
-114,2308,85,390,2425,-554
-330,2459,-11,-325,2778,579
-399,2579,-50,999,2895,2027
-394,2734,-105,425,2513,1840
-301,2896,-55,809,1522,1404
-67,2860,25,131,1079,1393
70,2616,66,1559,938,479
52,2318,44,185,444,-1053
-4,2015,97,308,-313,-1624
-122,1822,158,173,-1789,-1430
-224,1810,220,-716,-1905,-822
-250,1884,257,400,-2090,-91
-140,1944,203,190,-1534,61
8,1923,141,333,-664,-105
102,1895,95,585,542,172
78,1926,50,242,-131,654
29,1997,57,304,190,810
-25,2053,70,549,117,748
-32,2068,39,744,-472,498
-11,2067,53,-338,366,105
-32,2038,108,311,-39,-261
-54,2024,122,-44,-42,-284
-78,2026,160,-167,-537,-38
-85,2051,192,681,-613,-22
-49,2073,143,-128,305,-16
-15,2053,152,-481,402,-132
-30,2026,150,451,226,-66
-33,2035,116,-650,829,74
-3,2016,137,-86,1323,86
0,1995,140,-341,1210,-118
-33,1992,148,-57,1288,-182
-36,2020,144,-56,1873,-222
-22,2044,152,-405,2086,-167
-39,2025,169,116,1447,-116
-77,2015,162,75,1579,-102
-94,2027,154,-50,1221,-72
-59,2051,180,-35,1643,-351
-51,2059,196,106,1273,-508
-59,2063,199,99,1234,-411
-61,2062,201,195,1436,-421
-53,2052,206,281,1628,-465
-64,2042,204,153,1367,-389
-72,2048,209,130,1122,-212
-75,2057,232,-28,998,-139
-83,2050,241,206,809,-223
-89,2051,248,28,786,-301
-94,2059,255,295,662,-269
-91,2065,248,-24,991,-138
-86,2060,251,-25,882,-46
-84,2048,243,129,868,-52
-90,2047,234,-164,713,2
-103,2051,235,130,404,66
-104,2063,231,-45,435,105
-95,2063,225,31,578,71
-80,2053,222,136,859,-61
-93,2043,208,147,592,-40
-115,2040,188,-13,570,35
-127,2037,189,57,640,120
-126,2030,181,160,611,116
-119,2025,182,-22,682,102
-119,2022,175,369,419,130
-107,2029,172,106,493,48
-102,2030,169,285,589,18
-102,2037,158,151,694,23
-106,2045,155,134,682,114
-114,2054,153,148,664,129
-122,2063,151,154,408,131
-123,2069,152,38,173,127
-119,2065,157,-15,264,109
-118,2057,154,95,145,32
-125,2051,149,-54,-100,73
-135,2043,156,55,-308,108
-130,2042,163,166,-103,55
-117,2045,161,38,-122,-25
-106,2048,159,73,-37,-16
-113,2045,159,54,-235,46
-125,2039,151,16,-151,112
-128,2038,149,-17,-170,160
-122,2043,155,-175,-106,194
-114,2043,169,-64,-92,153
-103,2045,165,-1,-145,102
-99,2045,158,-233,68,99
-108,2040,154,45,-196,111
-112,2044,152,-329,8,179
-117,2044,162,-27,-108,209
-114,2052,152,-309,-188,197
-105,2055,162,-259,-37,103
-100,2045,156,42,-31,13
-103,2046,148,-206,-45,64
-105,2040,153,-63,17,25
-106,2034,156,-218,101,38
-101,2030,162,-82,129,22
-91,2039,151,-187,145,-21
-96,2046,155,-88,-33,55
-99,2054,156,-157,17,33
-91,2062,155,-282,191,17
-86,2059,161,-151,65,-30
-84,2060,167,-282,-39,-62
-91,2060,178,-240,-85,22
-93,2056,172,-311,149,35
-96,2048,177,-360,104,84
-92,2039,177,-104,134,116
-83,2036,169,-380,196,143
-80,2028,168,-96,110,201
-79,2029,164,-311,207,197
-81,2027,165,-86,220,145
-95,2032,159,-281,102,223
-94,2030,156,-68,332,278
-81,2031,151,48,498,203
-73,2036,140,-31,463,171
-79,2046,134,-60,149,186
-97,2057,145,-156,95,107
-116,2061,159,-175,-54,7
-113,2059,166,53,392,-66
-115,2053,159,-232,52,-23
-113,2040,157,-70,220,-1
-121,2040,154,-191,343,62
-121,2046,164,-86,228,68
-121,2055,165,-177,-91,82
-115,2050,166,-119,222,51
-113,2042,173,-249,27,-5
-111,2035,183,-131,84,-85
-114,2033,184,-226,170,-15
-123,2028,181,-17,-64,72
-121,2029,182,-128,73,77
-112,2026,179,115,36,36
-99,2032,167,-175,304,16
-101,2035,165,-109,187,5
-113,2046,174,-570,505,46
-124,2048,186,-66,148,-38
-126,2045,185,-96,145,-38
-115,2039,183,-128,214,-33
-112,2031,188,24,132,-26
-115,2033,181,13,167,20
-117,2036,170,-83,261,103
-115,2035,171,34,275,124
-104,2037,172,-45,262,101
-98,2037,168,-54,290,56
-108,2038,171,-85,144,60
-116,2038,165,43,256,91
-116,2039,165,-29,334,76
-112,2040,163,-57,271,135
-106,2041,165,-33,498,112
-109,2044,163,-75,300,119
-119,2050,155,-66,142,105
-125,2059,159,-212,298,109
-126,2057,166,-97,243,81
-124,2051,170,-205,81,59
-126,2042,176,-152,108,96
-126,2045,177,-247,142,66
-108,2059,181,-206,347,-26
-109,2070,184,-354,490,-72
-121,2059,183,-182,391,9
-127,2047,183,-211,397,99
-129,2039,184,-210,370,88
-129,2030,185,-68,190,103
-128,2028,180,-233,172,133
-125,2030,175,-131,336,127
-119,2032,177,-68,318,69
-113,2029,171,-40,416,92
-122,2025,166,74,190,187
-127,2030,169,-123,180,199
-124,2036,173,75,362,95
-126,2038,174,-35,285,107
-128,2037,179,145,353,140
-128,2038,173,48,353,153
-131,2039,173,-9,283,150
-121,2040,173,183,449,96
-115,2040,168,-78,511,84
-125,2035,174,113,400,109
-136,2038,166,-73,345,94
-138,2036,166,108,403,134
-131,2043,171,-107,289,58
-125,2052,161,0,218,41
-122,2063,155,-253,433,132
-125,2057,169,101,266,159
-127,2052,163,-240,146,117
-128,2038,177,188,345,106
-124,2035,171,-126,172,85
-121,2034,170,37,236,92
-130,2041,167,-144,234,113
-136,2042,169,-93,256,175
-136,2035,167,-179,426,227
-125,2026,159,-187,499,230
-116,2021,146,-251,518,225
-119,2020,135,-409,827,306
-130,2021,116,-473,980,369
-126,2012,85,-601,1573,288
-129,1990,40,-852,2490,356
-162,1955,-11,-1230,3044,654
-192,1905,-78,-1145,3299,932
-208,1858,-133,-1742,3469,1146
-199,1824,-151,-1408,3573,1182
-167,1823,-151,-1215,3515,922
-121,1845,-141,8,3701,427
-114,1888,-176,1002,4016,-168
-179,2002,-250,946,4011,-935
-274,2210,-189,1217,4278,-1105
-251,2412,-94,3767,7080,-1003
-139,2599,-105,4200,8167,-973
-121,2796,-56,3082,9396,-448
-314,2992,70,2935,4754,1522
-408,3113,244,1456,2505,3643
-387,2973,494,1934,-1284,3749
-298,2708,737,1730,-1709,2579
-263,2409,811,2048,-865,2075
-227,2102,760,3086,46,2457
-213,1857,647,2388,-6245,3424
-240,1802,558,2744,-10544,4578
-310,1926,479,1773,-12871,4724
-288,1980,428,2675,-12280,3560
-142,1932,315,685,-9882,1551
-25,1840,209,1066,-7623,-72
30,1739,101,-284,-6028,627
78,1623,66,3051,-4701,1870
212,1560,-42,3260,-2335,2313
325,1484,-34,6833,-3183,2401
311,1439,-78,11936,432,2143
324,1557,-334,9460,3398,1271
377,1652,-484,8597,4223,1231
360,1663,-548,9674,1777,1977
324,1715,-649,7246,2235,1962
270,1774,-611,4489,5954,661
167,1869,-488,1049,5062,323
79,1898,-289,4195,2005,1062
-13,1977,-180,5413,764,365
-74,2133,-210,4362,693,-1258
-67,2280,-226,3028,624,-2097
-35,2371,-320,-88,-1603,-1467
-58,2432,-420,-2513,-4057,-989
-131,2462,-473,-3350,-6352,-1655
-99,2455,-540,-4806,-6234,-2971
49,2401,-498,-6806,-1743,-3493
205,2236,-577,-6621,-1687,-1984
249,2090,-612,-6677,-3902,-248
249,1987,-553,-3268,-1741,319
176,1948,-594,-5863,-75,216
143,1861,-696,-4357,-73,-639
248,1813,-578,-7684,6690,-181
280,1685,-512,-4153,1668,873
351,1664,-400,-5121,1351,1329
450,1703,-296,-3046,4814,30
470,1792,-297,-4859,9224,-1065
408,1794,-227,-10042,7791,-1350
229,1678,155,-3485,3151,171
103,1630,237,-1101,1540,567
43,1616,133,-3141,2131,380
161,1674,149,-5017,6453,-1384
113,1723,207,-4562,1072,-2286
12,1771,346,-5601,-1412,-2553
-123,1841,487,-5577,-1746,-1531
-213,1830,517,-4064,-2293,-466
-221,1705,531,-4698,-1896,-623
-195,1618,586,-6010,-594,-1143
-138,1596,573,-4253,-980,-1222
-109,1741,567,-6698,-1787,-1640
-182,1854,624,-3662,-2046,-1255
-147,1969,453,-3841,-902,-887
-77,2124,368,-2734,-577,-687
-32,2311,317,-1949,-1391,-793
-30,2510,309,-955,516,-471
-153,2624,226,-1145,1096,134
-232,2694,106,1933,7620,-36
-436,2897,-187,1507,6176,1494
-259,3012,-134,-917,2323,4397
104,2794,62,1827,1915,4583
173,2487,129,2621,415,2185
132,2215,112,1903,1334,-1129
-54,1978,114,982,818,-3221
-325,1838,156,281,532,-2647
-452,1849,215,988,-472,-675
-355,1943,246,265,-1499,-137
-177,1954,230,1548,-2193,-473
-43,1938,143,764,-1189,-1011
29,1961,112,558,-604,-769
33,2022,121,1033,-740,-79
-7,2085,87,634,-882,406
-44,2100,109,445,-574,503
-55,2074,156,632,197,84
-57,2029,175,585,884,-225
-90,1988,202,244,67,-437
-130,1976,225,409,36,-457
-160,2010,233,67,-32,-379
-149,2048,246,452,-108,-467
-157,2071,201,193,-827,-172
-148,2097,187,58,-579,51
-104,2105,193,-3,-326,-10
-70,2082,206,-137,-152,-101
-73,2052,216,170,64,-96
-104,2046,217,-332,-208,-79
-111,2044,226,-43,-22,-152
-109,2038,226,-278,180,-176
-124,2018,236,-10,70,-53
-123,2015,220,-136,135,-46
-121,2018,215,10,20,-37
-124,2025,217,38,-194,3
-122,2034,213,110,-203,-1
-104,2044,202,167,-4,-74
-91,2045,193,112,11,-108
-94,2035,184,397,-268,-70
-86,2053,176,-55,22,-111
-96,2062,195,-4,88,-93
-102,2041,190,421,-3,33
-103,2035,179,34,-66,86
-106,2022,193,329,-120,72
-102,2013,184,207,584,43
-108,2003,185,136,622,-23
-103,1997,184,413,510,-31
-98,2002,157,255,655,43
-115,2009,146,225,249,148
-109,2033,147,298,557,93
-99,2064,143,255,407,28
-110,2076,123,30,-3,48
-128,2080,134,-23,37,84
-137,2080,152,82,-383,-1
-124,2080,167,-35,-202,-92
-116,2068,177,-179,-168,-142
-119,2058,186,-162,-593,-169
-110,2067,198,-87,-494,-220
-104,2067,195,-74,-353,-150
-111,2057,182,-266,-437,5
-110,2049,192,-280,-350,47
-94,2046,200,-375,-207,18
-83,2035,203,-280,102,-10
-88,2023,191,-420,99,34
-91,2022,180,-303,292,129
-93,2027,183,-363,427,88
-97,2017,187,-68,475,169
-96,2011,172,-88,627,212
-101,2016,168,-88,641,239
-96,2028,164,-39,567,160
-87,2039,169,74,937,45
-111,2039,165,-48,443,86
-132,2038,161,72,243,193
-128,2047,167,-179,514,173
-115,2043,175,89,491,120
-100,2042,170,-143,546,41
-105,2044,175,-162,472,80
-114,2048,180,-59,573,153
-125,2052,171,-217,505,193
-122,2055,170,-227,485,122
-118,2060,173,-253,516,56
-123,2061,179,-260,270,52
-137,2050,182,-234,317,109
-143,2037,186,-209,160,181
-132,2030,181,-144,92,136
-119,2035,184,-211,164,-1
-111,2036,176,-87,264,4
-116,2040,171,-255,30,97
-120,2040,171,-86,247,115
-124,2036,174,-53,387,92
-127,2033,169,-264,365,97
-135,2028,174,-106,224,108
-133,2029,178,-157,142,80
-123,2028,177,-57,191,28
-119,2038,176,-142,150,-23
-112,2054,187,-196,228,-43
