-12,1867,624,84,488,-138
-28,1861,631,68,119,-50
-38,1852,634,88,-123,-26
-26,1852,637,159,-206,-55
-9,1853,642,98,130,-95
1,1851,644,164,475,-62
-6,1854,644,256,423,-104
-12,1856,646,258,326,-59
-18,1851,649,290,344,-89
-15,1849,653,199,292,-172
-13,1845,655,165,201,-55
-19,1839,660,101,157,-62
-16,1838,652,231,100,-38
-2,1845,654,155,329,-101
5,1857,658,203,510,-134
-6,1856,644,224,411,-135
-16,1848,646,264,343,-107
-16,1846,644,150,332,-102
-12,1851,646,126,366,-98
-15,1854,647,170,294,-13
-13,1853,645,209,454,30
-13,1854,638,245,350,-74
-16,1860,637,145,516,-107
-16,1861,631,231,527,-73
-20,1857,632,220,540,-125
-34,1856,647,152,609,-155
-60,1855,641,165,26,-236
-68,1851,651,194,-33,-270
-54,1848,651,266,-476,-254
-17,1850,643,200,-65,-170
19,1852,646,216,227,-131
38,1856,636,84,601,-73
28,1856,636,168,965,-30
-3,1855,636,148,731,-31
-38,1857,625,74,563,-49
-64,1858,627,171,-7,-24
-64,1863,624,210,-157,-51
-47,1867,623,178,-43,-137
-26,1864,628,127,156,-73
-11,1855,640,92,288,-116
-9,1848,649,90,249,-86
-12,1842,652,68,172,-79
-11,1843,651,149,26,-59
-7,1845,650,160,100,9
0,1855,658,178,342,-94
-7,1859,641,103,491,-98
-16,1851,643,121,377,-109
-24,1846,641,139,205,-96
-22,1848,644,190,249,-178
-20,1852,645,191,227,-149
-20,1853,642,151,326,-39
-17,1854,642,137,230,-16
-18,1859,639,170,419,-89
-25,1862,635,126,476,-134
-33,1858,637,150,159,-140
-32,1857,634,193,247,-89
-19,1864,624,288,268,-58
-20,1873,612,278,448,-185
-25,1872,605,203,253,-163
-27,1865,615,209,223,-174
-17,1857,626,143,92,-64
-11,1852,639,142,511,-82
-16,1847,649,272,195,-80
-25,1847,656,214,97,-76
-23,1847,658,220,160,-93
-18,1843,646,118,193,-48
-16,1843,656,138,412,-133
-22,1851,646,225,311,-111
-33,1855,638,154,219,-120
-37,1857,647,134,342,-168
-38,1848,634,401,-57,-150
-27,1847,629,74,-62,-84
-12,1849,640,199,8,-92
-4,1863,643,115,420,-178
-13,1862,637,110,444,-146
-27,1848,640,144,372,-98
-32,1841,646,238,-63,-75
-30,1852,656,102,168,-131
-28,1859,650,89,292,-223
-27,1852,632,51,252,-118
-27,1842,626,54,345,-117
-25,1850,650,143,587,-185
-29,1857,649,74,374,-222
-35,1849,651,-4,266,-165
-40,1833,659,92,34,-112
-27,1836,663,225,90,-88
-2,1855,649,292,213,-25
-1,1866,648,247,844,-32
-20,1866,637,337,447,-109
-36,1863,622,162,458,-129
-40,1859,627,190,405,-156
-38,1859,627,219,212,-106
-30,1859,622,190,375,-76
-25,1857,625,296,574,-129
-26,1858,629,196,720,-151
-36,1861,635,188,567,-140
-35,1863,631,173,417,-122
-42,1860,623,62,371,-147
-51,1846,642,166,292,-116
-47,1847,661,115,299,-120
-37,1851,662,-83,268,-192
-31,1845,656,-228,670,-193
-45,1837,650,-94,402,-194
-50,1847,659,74,236,-177
-41,1857,646,153,215,-91
-30,1856,640,123,84,47
-32,1854,640,163,541,-51
-42,1858,635,212,327,-94
-45,1865,629,163,386,-135
-46,1862,621,171,394,-141
-50,1858,620,115,71,-207
-44,1860,624,272,305,-154
-42,1866,628,151,474,-92
-53,1858,626,111,206,-89
-53,1853,640,108,-6,-113
-36,1851,645,131,169,-48
-29,1847,641,281,284,-111
-36,1843,663,204,433,-124
-39,1843,671,249,348,-173
-33,1843,669,165,128,-80
-27,1834,671,87,367,-84
-22,1838,664,210,354,16
-21,1856,639,280,668,-5
-29,1861,628,167,642,-119
-42,1863,626,193,730,-243
-61,1864,618,128,489,-199
-75,1864,620,201,261,-96
-72,1860,623,354,-32,-159
-62,1861,629,297,76,-206
-46,1862,636,243,208,-154
-23,1859,637,131,402,-72
-24,1850,637,98,673,-60
-43,1845,643,142,472,-216
-61,1854,639,133,208,-110
-76,1858,641,255,266,-78
-76,1858,644,121,101,-105
-59,1849,641,285,336,-112
-45,1852,638,178,171,-106
-48,1851,636,123,273,-167
-60,1850,649,121,253,-170
-61,1854,648,185,246,-49
-51,1852,640,121,188,59
-52,1854,641,147,278,-82
-56,1861,640,101,392,-80
-62,1860,626,67,303,-64
-66,1849,634,145,423,-92
-61,1854,631,265,15,-46
-54,1867,621,248,187,-61
-61,1862,625,183,147,-39
-64,1854,633,239,-48,9
-55,1853,637,55,71,-94
-37,1854,636,264,282,-45
-34,1853,642,153,331,-41
-44,1851,648,162,414,-72
-52,1850,645,168,6,-66
-52,1852,636,256,237,14
-53,1851,649,222,73,-25
-50,1850,656,106,332,-67
-43,1853,652,105,387,-48
-48,1845,642,111,215,-74
-56,1840,653,137,226,-103
-55,1850,652,184,108,-54
-47,1859,638,124,42,53
-54,1861,637,55,104,-10
-52,1855,638,213,77,-99
-35,1855,636,122,278,-117
-27,1858,636,193,509,-10
-35,1860,635,160,329,32
-47,1859,634,140,421,76
-64,1854,641,63,223,-37
-63,1853,633,182,-38,-2
-50,1853,637,149,85,-15
-39,1855,640,212,482,-77
-39,1859,636,103,552,-9
-47,1856,630,231,122,-15
-54,1855,630,184,69,18
-46,1859,632,294,-164,-27
-35,1862,627,86,337,-93
-44,1866,637,146,601,-120
-53,1864,635,222,-91,-184
-58,1868,635,94,38,-219
-66,1862,634,131,-191,-163
-61,1854,637,23,-351,-104
-49,1850,641,119,-255,-113
-32,1850,643,76,-327,-98
-3,1848,649,215,259,-79
3,1842,656,105,448,-66
-14,1838,671,91,418,-92
-26,1839,678,37,280,-9
-28,1840,666,102,-50,-29
-19,1845,657,142,121,-61
-20,1849,646,208,611,-41
-26,1853,642,377,402,-36
-32,1862,633,169,510,-47
-43,1868,627,170,268,-37
-42,1866,623,133,218,-18
-38,1858,617,205,162,23
-39,1855,627,154,303,-73
-38,1854,642,171,430,-95
-42,1853,642,30,182,-48
-36,1852,645,137,326,-27
-39,1849,644,169,383,-74
-49,1849,641,176,198,-39
-39,1851,642,224,268,-13
-26,1853,644,220,211,-33
-29,1855,647,88,509,-88
-39,1855,645,166,494,-89
-47,1850,639,184,395,25
-57,1852,635,133,9,0
-48,1851,634,276,-36,-32
-40,1854,638,167,368,-88
-38,1857,629,138,236,-38
-38,1859,631,38,336,-80
-42,1857,639,132,352,-132
-40,1856,636,274,-4,-135
-35,1855,630,251,131,-19
-35,1852,643,211,220,2
-28,1857,645,152,254,-37
-21,1858,641,125,283,-155
-26,1846,641,166,447,-74
-39,1845,641,213,359,-74
-51,1856,638,84,158,0
-51,1857,644,210,87,-65
-49,1855,651,162,131,-94
-50,1850,650,194,25,-123
-39,1852,642,139,204,-17
-31,1857,636,104,266,-25
-29,1859,636,156,457,-57
-41,1858,642,86,344,-43
-48,1855,645,183,-9,-38
-42,1848,630,171,-4,-31
-30,1847,635,170,141,-16
-20,1855,644,142,474,-66
-25,1859,630,200,344,-37
-31,1855,636,160,264,-25
-36,1853,637,184,16,-58
-38,1856,638,202,362,-72
-42,1854,644,176,133,-40
-40,1851,642,175,178,-54
-33,1849,640,63,116,-22
-28,1854,651,100,319,-118
-28,1857,642,230,102,-59
-35,1850,638,134,250,-18
-32,1846,642,241,235,-7
-20,1855,637,100,125,-84
-22,1861,645,129,462,-124
-35,1855,649,199,251,-83
-36,1845,647,204,219,-60
-23,1847,646,155,319,-99
-17,1853,636,96,268,-18
-26,1856,640,55,383,-56
-39,1855,635,111,200,-61
-36,1855,635,273,196,-29
-28,1857,640,182,364,-14
-32,1856,636,143,398,-64
-38,1858,635,78,255,-135
-37,1856,633,171,115,-42
-33,1855,634,130,217,-58
-32,1858,638,133,318,-39
-29,1859,642,187,312,-45
-32,1852,635,63,257,-54
-37,1847,646,65,114,-69
-35,1851,649,158,256,-72
-32,1855,644,212,190,1
-32,1856,646,169,331,-47
-41,1851,641,220,160,-78
-37,1850,650,122,142,-88
-23,1849,637,143,250,32
-24,1853,639,151,376,-79
-36,1855,647,146,284,-101
-39,1854,632,159,103,-15
-31,1853,638,162,212,-56
-21,1852,642,134,357,-71
-20,1855,639,179,484,-95
-28,1858,632,245,24,41
-26,1856,640,165,209,103
-23,1852,646,86,385,4
-21,1852,640,189,364,-63
-19,1848,644,178,457,-52
-27,1849,653,162,422,-101
-38,1850,645,150,24,-44
-28,1847,645,168,274,13
-18,1854,643,212,309,23
-19,1855,645,211,472,-143
-25,1855,643,126,448,-163
-35,1851,638,132,392,-82
-44,1848,639,145,67,-64
-37,1852,642,149,74,-56
-25,1855,643,184,356,-71
-18,1855,641,113,337,15
-23,1852,636,155,315,-34
-34,1853,636,203,231,-135
-38,1857,636,87,205,-79
-37,1856,637,202,230,-46
-30,1858,638,198,286,-28
-26,1859,633,244,158,-41
-19,1856,632,126,186,24
-15,1854,635,140,350,-35
-23,1856,629,140,372,-68
-39,1857,644,74,346,-109
-43,1857,642,174,10,-83
-41,1852,639,140,-19,-60
-35,1849,643,112,57,-20
-30,1855,641,118,14,-73
-25,1861,641,90,232,-161
-27,1853,653,144,130,-139
-32,1847,658,200,193,-160
-29,1848,650,138,-240,-99
-22,1846,646,17,5,-87
-12,1845,658,196,63,-75
-3,1854,652,170,282,-105
-7,1858,642,186,412,-56
-25,1852,639,293,168,-89
-37,1858,641,135,180,-152
-39,1861,634,128,-10,-88
-30,1855,636,60,116,-79
-17,1848,632,179,14,-49
-7,1852,642,163,362,-71
-7,1859,647,209,598,-82
-19,1855,650,61,610,-133
-35,1844,653,64,259,-33
-37,1841,651,200,-12,-28
-22,1848,648,110,97,40
-10,1855,647,275,525,19
-17,1858,646,209,571,-121
-27,1856,641,168,476,-100
-35,1851,640,161,206,-57
-38,1850,641,168,30,-87
-29,1853,635,152,86,-64
-18,1857,643,152,135,-49
-12,1855,642,170,199,-2
-10,1850,645,162,354,-42
-15,1854,641,101,472,-106
-26,1857,636,212,325,-73
-36,1860,626,241,107,-48
-37,1861,633,214,169,-110
-28,1859,640,125,88,-58
-15,1852,646,95,180,-31
-16,1843,653,159,147,-110
-18,1846,657,144,217,-143
-20,1852,655,166,349,-128
-16,1851,651,107,475,-51
-24,1850,644,175,144,-26
-28,1852,647,107,171,-72
-25,1850,648,165,241,-54
-17,1849,652,244,114,-55
-16,1850,640,167,344,-30
-18,1855,640,157,360,-41
-21,1858,635,114,277,-75
-21,1856,635,165,265,-74
-21,1855,644,136,407,-67
-27,1857,639,156,202,-74
-28,1854,641,83,225,-34
-31,1851,645,135,197,-40
-27,1851,643,140,103,-73
-14,1855,646,194,132,-41
-9,1854,640,166,374,-39
-17,1851,643,141,411,-70
-26,1853,641,149,290,-91
-28,1852,641,166,-68,-11
-21,1849,646,220,244,17
-15,1852,648,171,297,-20
-16,1855,640,33,315,-101
-18,1853,643,61,326,-69
-22,1843,640,186,177,-51
-20,1853,645,252,392,-59
-21,1859,648,190,348,-61
-26,1855,654,109,225,-99
-24,1840,647,144,-77,-60
-8,1839,651,163,367,-76
-2,1853,649,162,402,-24
-17,1860,639,29,410,-72
-28,1852,646,145,150,-68
-29,1847,644,162,68,-77
-17,1851,645,216,152,-100
-14,1857,636,123,208,-39
-11,1856,635,185,244,-69
-4,1854,642,139,328,-30
-3,1856,646,179,515,-71
-14,1855,649,180,492,-67
-26,1853,649,188,446,-129
-29,1849,649,131,112,-83
-19,1847,643,198,35,-39
-12,1849,647,153,278,-84
-6,1853,653,227,321,-80
-9,1856,641,64,532,-75
-19,1852,646,131,286,-138
-22,1849,646,207,185,-86
-20,1852,644,236,66,-92
-20,1859,642,52,141,-65
-19,1855,637,139,275,-77
-19,1849,643,165,270,-109
-22,1850,643,142,175,-125
-17,1853,646,154,126,-113
-12,1854,643,201,296,-101
-15,1852,646,157,232,-93
-14,1849,655,208,384,-138
-13,1850,652,193,329,-112
-12,1847,652,98,245,-151
-20,1844,653,134,319,-125
-24,1851,653,119,213,-81
-18,1854,647,212,86,-33
-11,1853,653,191,437,-69
-19,1850,648,238,307,-192
-19,1851,645,208,341,-140
-15,1852,644,139,383,-64
-17,1857,646,167,476,-170
-23,1859,638,220,350,-91
-37,1854,643,189,218,-59
-36,1849,646,211,-16,-136
-21,1853,643,133,109,-127
-15,1851,653,141,665,-130
-27,1854,648,249,452,-115
-36,1854,641,203,204,-90
-37,1853,636,253,-11,-92
-23,1854,638,209,160,-63
-9,1860,640,113,645,-112
-7,1861,637,171,688,-118
-20,1853,630,339,258,-57
-33,1850,634,198,310,-69
-33,1857,645,242,208,-93
-28,1862,639,40,451,-104
-35,1849,638,127,212,-141
-36,1844,651,179,218,-114
-24,1853,641,298,259,-91
-22,1863,639,207,311,-68
-30,1857,643,192,257,-69
-31,1846,650,189,161,-181
-17,1845,651,172,387,-97
-12,1850,652,104,455,-65
-21,1852,645,124,401,-73
-32,1848,643,103,60,-64
-31,1854,637,142,25,-115
-30,1862,641,159,111,-126
-31,1859,641,78,228,-170
-30,1854,637,110,205,-110
-27,1853,641,204,281,-85
-20,1855,642,69,188,-83
-14,1853,643,96,375,-101
-14,1856,648,6,343,-92
-31,1852,634,134,87,-78
-38,1848,641,185,218,-63
-30,1855,645,145,256,-62
-19,1864,642,50,447,-121
-22,1856,635,152,223,-150
-35,1849,644,153,220,-170
-41,1851,625,239,-32,-12
-31,1857,636,166,120,-67
-22,1862,641,93,194,-133
-20,1857,639,151,238,-140
-23,1850,646,107,361,-70
-32,1848,647,247,278,-50
-33,1852,647,158,183,-126
-27,1853,649,232,186,-100
-24,1857,639,94,135,-76
-26,1849,640,247,111,-98
-26,1850,649,233,399,-87
-21,1857,651,199,541,-130
-19,1855,640,155,238,-165
-23,1849,641,52,410,-99
-33,1852,647,157,211,-47
-28,1856,637,192,5,-44
-18,1852,634,242,467,-11
-19,1853,650,229,547,-92
-32,1859,646,81,375,-161
-34,1856,645,175,306,-138
-30,1852,639,228,407,-73
-40,1848,633,179,266,-80
-36,1849,649,140,185,-125
-22,1854,653,118,347,-122
-20,1853,646,82,321,-59
-32,1845,648,183,371,-78
-43,1849,646,203,132,-129
-40,1860,641,170,137,-148
-37,1858,641,110,218,-113
-28,1852,641,122,268,-88
-26,1850,628,104,514,-115
-33,1856,635,117,270,-176
-43,1859,634,160,19,-101
-43,1859,639,204,168,-61
-35,1858,637,182,75,-35
-24,1856,642,155,346,-102
-25,1851,641,136,339,-123
-29,1849,646,158,296,-143
-27,1849,651,274,285,-48
-30,1857,646,231,165,-62
-41,1856,648,254,309,-53
-41,1849,645,190,-29,-77
-27,1845,644,148,-13,-72
-15,1848,653,154,310,-104
-15,1853,655,169,432,-32
-32,1854,649,238,456,-25
-42,1847,642,276,216,-71
-42,1853,631,101,263,-54
-45,1856,636,239,50,-108
-32,1855,638,132,307,-118
-21,1857,644,229,252,-45
-25,1859,631,159,392,-80
-36,1856,620,126,236,-20
-37,1856,634,136,169,-1
-35,1857,643,170,201,-82
-26,1861,641,250,320,-126
-33,1861,631,159,273,-72
-48,1855,630,231,156,-70
-45,1854,640,172,118,-72
-31,1859,637,161,253,-71
-21,1856,638,113,198,-71
-20,1848,638,180,165,-134
-26,1853,639,226,224,-79
-26,1857,640,278,332,-45
-25,1859,641,206,160,-36
-29,1860,639,211,265,-22
-29,1852,642,194,179,-40
-22,1850,633,287,105,-14
-23,1853,635,208,328,-54
-18,1861,635,254,331,-91
-24,1863,638,130,579,-120
-43,1855,660,56,439,-167
-57,1838,663,46,-31,-246
-49,1824,687,-209,-222,-139
-44,1823,726,-437,-352,-230
-60,1826,781,-1050,-815,-438
-79,1804,812,-2728,-1550,-535
-109,1730,826,-4499,-2217,-417
-123,1598,882,-5688,-2628,-38
-88,1486,975,-6453,-2530,394
-33,1445,1068,-6748,-1543,433
-6,1465,1142,-6803,-424,424
-28,1484,1232,-6559,156,427
-85,1458,1391,-4929,-1022,806
-200,1412,1532,-868,-3357,1720
-328,1286,1355,2524,-4367,3010
-204,1174,1079,4317,-4013,5178
39,1298,899,3931,-5962,5627
162,1549,807,8107,3869,3978
195,1759,689,7238,2727,4608
310,2046,638,8830,5057,4934
127,2562,401,11262,8840,4592
-220,2782,157,12476,1626,4210
-394,2638,9,15032,-3681,3139
-183,2588,-183,16773,-6132,1502
279,2773,-417,15283,-3789,-1444
655,2734,-408,12489,1386,-6281
701,2318,-223,11674,3108,-7974
616,1856,-146,14708,-4949,-4810
711,1706,-230,16561,-10065,896
1072,1769,-271,14311,-847,3843
1032,1775,-107,11743,12828,2127
335,1797,-38,10295,12130,-348
-380,1813,-9,10940,-1518,-2166
-578,1769,57,9837,-9783,-2604
-301,1739,109,11148,-9633,-514
26,1947,170,10689,-7266,2828
52,2262,273,9875,-11656,1896
206,2302,270,7818,-10657,-4085
628,2190,298,4540,-4585,-4262
1008,2101,395,2580,12522,118
465,2128,239,22,9904,4318
-427,2054,-5,-2295,-6165,4002
-758,1882,-525,-3222,-15940,2643
-292,1819,-948,-3172,-14891,2275
276,1922,-1019,-2978,-3849,1442
355,1817,-1154,-1449,-649,-382
338,1869,-1214,-968,841,846
243,1906,-1198,-121,1276,-137
138,1862,-1096,-277,1220,-1152
67,1812,-904,131,944,-1126
165,1867,-766,-91,1228,-1475
294,1939,-644,292,2738,-1325
287,2004,-581,50,1770,-421
165,1928,-516,306,61,337
109,1894,-434,-182,-1939,1269
196,1962,-358,-43,-1510,1557
338,2065,-283,-1532,-7,1518
391,2072,-226,-3065,2680,1201
266,2089,-178,-3479,5648,74
48,2097,-136,-2794,-141,-866
40,2035,-106,-4515,-5438,127
230,1988,149,-6890,-3947,2537
316,2041,353,-8444,2633,2952
169,1995,350,-7280,-977,880
166,1814,243,-8970,-3360,-288
480,1786,301,-9614,178,1249
919,1926,-59,-7160,7081,494
939,1868,-477,-10484,15127,-1565
628,1738,-27,-13876,23323,-3740
378,1859,238,-14687,18125,-4409
170,2084,96,-14203,10537,-4087
-82,1905,-281,-10568,-531,-2433
-65,1504,-531,-10161,-11061,1157
383,1610,-88,-12337,-1322,5874
875,2240,-11,-14532,7553,4229
618,2554,91,-12928,11869,-3349
201,2197,233,-11384,1854,-3241
79,1827,287,-12547,3949,539
2,1820,307,-11577,7178,902
-340,1915,513,-9836,1866,-1808
-540,1889,714,-8094,-9044,-1840
-248,1973,729,-8647,-7893,-491
74,2142,743,-6560,-4451,-239
194,2215,922,-3940,399,-710
183,2149,1036,-925,-3154,247
164,2106,1060,1708,-535,394
145,2167,970,3401,426,-455
148,2196,858,4183,1387,-1557
137,2088,846,5157,1797,-1821
115,1942,775,5972,942,-1805
164,1885,739,6516,1346,-827
257,1866,676,6477,1399,232
389,1838,649,6717,1848,1165
504,1828,585,5462,5271,1038
490,1847,555,3954,8875,191
314,1825,559,2230,10935,-939
44,1740,564,1026,10118,-1549
-250,1638,647,-309,8038,-1759
-512,1522,823,-664,4231,-1960
-648,1418,888,-619,-1122,-1830
-591,1396,838,-1589,-5344,-2424
-394,1470,815,-2105,-6396,-2929
-116,1633,808,-2411,-4264,-2318
153,1821,876,-2092,-1113,-1569
224,1884,902,-2259,2894,-1355
22,1795,934,-1135,2312,-856
-244,1661,1001,524,-1494,-835
-386,1573,1025,1905,-5550,-1332
-262,1620,995,2106,-6727,-1558
-7,1702,931,1733,-4597,-1450
222,1732,904,969,-566,-963
314,1722,862,785,3269,-259
233,1720,803,250,4421,201
60,1722,772,323,3718,254
-107,1736,761,870,1667,69
-218,1782,746,660,850,-45
-264,1821,716,1063,-133,-7
-265,1845,737,675,-1286,-159
-210,1853,727,534,-638,-495
-146,1847,681,128,-828,-516
-96,1822,684,-76,-987,-505
-43,1810,693,105,-1164,-324
8,1816,687,-87,-343,30
28,1830,744,-255,313,-26
18,1832,745,-14,390,-145
-13,1818,719,-271,359,-114
-38,1808,722,-322,-262,-170
-28,1809,717,-274,-136,-183
-38,1829,729,-361,551,2
-87,1835,730,-128,-5,-76
-135,1821,728,16,-752,-36
-124,1809,721,380,-975,-109
-82,1807,737,319,-994,-140
-50,1813,742,140,-941,-315
-24,1809,741,-94,-502,-319
-13,1796,749,-32,-89,-226
-7,1789,762,-137,-648,-166
-4,1794,774,82,-449,-235
15,1798,765,107,-166,-74
22,1797,769,1,182,-120
-1,1794,770,-174,159,-253
-31,1793,768,-179,208,-120
-33,1784,768,-48,-353,-14
-14,1777,770,-41,-156,-28
-2,1787,769,-21,-247,-119
-3,1806,773,-53,201,-186
-7,1813,758,-128,424,-85
-27,1798,767,-199,286,-100
-30,1795,772,33,89,-103
-10,1795,758,-2,-217,3
8,1798,772,-91,277,-52
-3,1800,777,-7,674,-22
-24,1800,777,25,537,-51
-45,1794,773,6,641,-146
-61,1787,767,93,-25,-181
-58,1792,758,106,-19,-131
-43,1801,753,60,-223,58
-38,1801,758,202,253,-75
-42,1801,769,302,495,-128
-39,1800,764,194,479,-110
-48,1802,749,111,310,-129
-43,1801,746,52,42,-65
-33,1796,757,258,329,-112
-42,1796,777,321,145,-208
-44,1801,766,219,-88,-172
-22,1805,763,244,13,-108
-4,1807,761,148,265,-28
4,1805,757,245,537,44
11,1805,756,62,511,196
6,1810,756,148,589,168
-17,1814,745,19,547,141
-47,1813,732,142,515,142
-61,1814,725,255,165,181
-57,1825,734,112,355,-2
-64,1834,732,56,278,-179
-74,1823,740,61,159,-210
-88,1795,758,330,-171,-117
-71,1778,779,435,-571,-53
-30,1782,794,325,-349,54
6,1797,784,253,-33,27
30,1794,783,130,688,-61
21,1780,782,43,1022,3
-2,1770,779,149,591,24
-30,1776,773,93,352,-11
-50,1788,783,270,-89,-93
-50,1800,773,365,-163,-100
-27,1804,754,383,131,-22
1,1801,757,315,494,-27
15,1802,760,292,563,-77
3,1804,753,205,613,-156
-17,1797,760,338,425,-112
-25,1797,750,448,507,77
-24,1808,745,319,532,58
-22,1819,749,46,551,-82
-31,1815,737,134,194,-117
-42,1798,740,269,69,-148
-38,1797,749,358,100,-92
-30,1809,752,231,471,-115
-25,1825,740,68,444,-155
-42,1821,726,14,336,-250
-62,1803,736,64,85,-246
-58,1796,753,242,-17,-172
-44,1806,754,328,120,-57
-30,1810,759,204,-126,-53
-19,1802,755,196,431,-54
-22,1790,758,229,166,9
-22,1789,769,344,224,-49
-21,1801,758,370,357,-128
-26,1815,755,347,629,-158
-34,1813,756,385,582,-87
-46,1799,753,179,141,-27
-38,1784,760,134,-138,-57
-25,1784,771,163,-124,-74
-13,1794,769,183,-28,-58
-9,1800,758,81,357,-39
-18,1795,756,62,202,-61
-16,1796,767,139,315,-191
-15,1803,766,-1,249,-121
-38,1794,760,169,90,-200
-60,1782,763,163,-146,-199
-55,1788,750,103,-394,-199
-35,1809,756,12,-123,-271
-22,1813,768,202,266,-285
-12,1809,758,231,133,-264
1,1804,745,116,56,-141
5,1802,754,150,415,-46
-2,1804,757,179,515,-48
-20,1804,753,133,492,-98
-42,1803,755,122,298,-136
-47,1804,742,234,90,-198
-26,1816,734,181,186,-164
-12,1824,725,126,528,-25
-35,1814,732,113,534,-86
-52,1799,750,48,-266,-177
-52,1795,758,220,-115,-157
-39,1805,753,165,-4,-152
-39,1806,743,103,-49,-117
-27,1802,747,64,10,-75
-3,1800,754,240,222,-96
5,1807,750,37,602,-88
-16,1814,754,85,485,-102
-44,1806,754,85,352,-32
-64,1796,762,152,92,-99
-58,1794,761,152,-268,-142
-43,1800,757,26,-155,-58
-31,1797,760,131,10,-15
-23,1798,768,17,-12,-71
-23,1800,771,-131,25,-230
-29,1792,778,-261,-177,-180
-45,1772,804,-467,-492,-70
-67,1760,834,-838,-1224,-67
-99,1753,872,-1618,-2276,-80
-145,1721,910,-2228,-3139,-87
-180,1661,902,-2634,-3711,220
-169,1550,890,-3114,-5852,710
-44,1449,965,-3806,-6553,1421
134,1445,1074,-4504,-4783,1602
246,1503,1158,-4621,-1907,1161
241,1529,1204,-4585,985,939
136,1425,1243,-2870,2433,757
22,1280,1282,-230,1572,2170
-81,1232,1287,1176,1774,3169
-88,1292,1216,3198,-1769,4210
-16,1439,1061,5762,-798,4515
80,1589,979,9072,1248,6344
215,1845,807,10764,414,7062
203,2252,590,11736,5668,6223
0,2655,462,13576,3611,4127
-67,2786,101,13892,655,2565
121,2669,-116,13683,-1180,962
508,2559,-232,11701,4085,-2961
727,2424,-182,11094,7149,-5592
571,2226,-63,11357,5652,-4826
231,1995,22,13213,-322,-1337
102,1879,-2,13265,-4272,2268
175,1834,37,12545,-2941,3212
282,1823,65,12550,-3484,1231
356,1851,67,11746,-1610,-1717
417,1827,107,11632,-437,-1939
443,1772,143,12202,1552,1152
324,1862,259,12670,263,2896
-60,2100,271,11912,-4422,1369
-426,2131,213,10710,-14474,-3038
-273,1948,221,8927,-15256,-3376
155,1914,290,8226,-9134,-66
381,1983,259,4325,-4421,1448
186,2038,299,421,-9924,1183
256,2162,179,-3229,-10919,3243
477,2074,-188,-4589,-8330,4686
410,1869,-732,-3570,-5238,1996
414,1759,-1165,-1825,-508,-804
639,1710,-1325,-802,7982,-544
559,1827,-1228,-202,15075,-415
81,1892,-1141,421,10650,-1955
-202,1895,-1033,881,5746,-3256
-89,1947,-897,1255,4333,-2414
129,1911,-729,1381,6044,-1773
211,1894,-594,1748,5881,-1701
237,1898,-406,1008,3089,-853
346,1921,-206,-44,3902,720
376,2045,-40,-1575,8067,1507
145,2186,-49,-3582,7029,-100
-87,2216,-52,-4518,2231,-188
-110,2151,-1,-4772,-1456,1369
57,2062,70,-4395,-2625,1743
242,2042,155,-4815,-2660,2654
365,2066,246,-7656,-2033,2891
505,2044,398,-10806,248,1902
638,2055,527,-14038,7250,-217
513,1937,410,-14123,5192,-1767
382,1733,359,-16696,7244,-3167
404,1564,33,-12908,7474,-2958
397,1665,58,-17632,13641,-2211
295,1780,-16,-17882,8824,-5048
86,1834,-70,-16406,2727,-4234
76,1846,-242,-10665,-2595,-2628
135,2035,-238,-15061,-7781,198
325,2388,-49,-11897,-1899,2271
362,2627,104,-13588,5923,555
222,2458,297,-11431,3586,-2614
-31,2038,496,-9964,-2402,-3810
-92,1771,637,-7867,-4831,-2554
66,1822,772,-7067,-1849,-1482
137,1949,895,-6096,2322,-672
54,1922,990,-4730,1567,-533
-131,1788,1134,-646,21,-217
-244,1729,1118,1331,-3901,-356
-214,1778,1139,3327,-4352,-877
-74,1819,1101,3660,-2940,-1906
111,1740,1045,3441,-559,-2512
245,1600,973,2984,2438,-1957
309,1524,980,3130,4025,-1095
265,1538,888,2712,4354,-57
150,1598,914,2083,2185,148
110,1659,912,1383,2274,-502
94,1675,839,678,2954,-804
21,1672,922,454,2468,-1210
-35,1673,882,437,810,-1426
15,1697,877,-500,843,-1223
105,1710,880,-486,2708,-683
109,1705,934,-221,2997,-510
42,1695,888,-267,3046,-307
-103,1712,894,-110,1838,-495
-211,1734,928,1110,-750,-585
-231,1754,911,1477,-2444,-607
-132,1759,870,1094,-2015,-226
-2,1729,896,928,547,-446
52,1688,882,443,2078,-670
23,1682,880,630,2228,-836
-4,1704,867,300,1752,-1020
-26,1726,882,302,1444,-644
-37,1756,869,489,1068,237
-60,1777,845,507,971,324
-108,1772,832,194,1142,-42
-137,1753,835,475,905,-209
-131,1743,836,544,390,-174
-97,1745,834,534,-118,-259
-55,1771,831,450,909,-452
-77,1792,826,539,855,-340
-137,1777,808,757,493,-383
-161,1752,817,559,-711,-527
-111,1744,830,663,-839,-570
-52,1762,818,504,-368,-449
-9,1776,823,339,339,-229
-2,1774,824,294,940,-114
-45,1771,815,457,822,-269
-103,1766,814,692,334,-482
-131,1755,817,982,-515,-494
-102,1764,816,760,-600,-454
-64,1775,823,771,-21,-428
-46,1767,830,479,-59,-289
-29,1760,816,634,144,-184
-22,1761,813,595,638,-10
-49,1769,833,537,1157,-155
-104,1774,843,251,842,-373
-147,1767,825,146,32,-506
-148,1743,823,336,-1034,-425
-122,1732,844,236,-405,-270
-102,1737,850,110,19,-20
-93,1737,858,-36,139,302
-96,1718,879,266,453,298
-103,1717,892,190,502,212
-111,1736,859,224,9,160
-120,1757,832,373,491,102
-124,1772,830,496,17,126
-100,1768,815,805,132,69
-90,1776,819,222,1155,-35
-107,1777,821,414,619,-68
-132,1767,799,447,-375,48
-122,1755,790,486,-729,111
-66,1760,806,486,-921,168
-9,1790,789,311,328,172
-16,1801,769,-132,611,91
-67,1774,795,-2,216,-198
-104,1753,810,181,-309,-436
-106,1763,816,-9,-365,-445
-83,1776,832,-57,-549,-277
-70,1778,824,-97,-443,-182
-71,1776,815,-34,-472,-352
-48,1769,811,-163,-680,-235
-15,1767,819,-65,27,-74
-7,1768,821,-170,180,-93
-19,1761,824,-81,89,-142
-22,1756,831,-21,33,-59
-9,1767,826,-70,454,37
-13,1778,803,34,680,93
-39,1782,817,66,309,79
-59,1782,799,90,126,27
-51,1787,794,99,121,43
-28,1793,787,42,639,84
-43,1788,793,37,911,25
-80,1783,795,5,731,-47
-101,1777,808,67,195,-49
-103,1771,813,143,20,-107
-98,1768,801,244,-431,-7
-59,1772,807,292,-21,152
-35,1781,808,130,849,-1
-48,1779,818,123,787,-86
-56,1764,821,60,462,-137
-71,1751,819,27,164,-101
-72,1746,829,501,5,-61
-55,1767,823,248,363,55
-41,1786,820,34,577,22
-40,1788,827,0,786,-78
-52,1773,807,22,309,-84
-62,1757,802,-8,249,21
-69,1771,807,157,531,94
-78,1790,807,-142,410,71
-89,1782,821,-292,316,-87
-86,1761,814,-199,88,-193
-67,1747,795,28,-322,-83
-42,1755,808,20,600,-33
-46,1777,823,155,651,-84
-65,1803,822,14,358,-113
-74,1795,810,60,39,-13
-82,1758,812,6,-129,-45
-68,1740,825,194,-17,-68
-45,1755,828,83,-2,-20
-34,1778,831,267,40,-140
-33,1788,820,78,284,-142
-40,1778,799,289,62,-46
-43,1769,806,196,244,4
-53,1769,810,180,66,17
-56,1775,818,162,164,-157
-63,1777,824,152,94,-213
-61,1770,817,117,-61,-154
-52,1760,808,264,19,-7
-49,1761,823,300,-10,-25
-61,1773,820,129,-214,-94
-60,1778,820,-1,-5,-188
-57,1759,832,39,122,-202
-54,1742,838,45,151,-163
-60,1744,843,-7,30,-146
-70,1759,846,103,-382,-260
-66,1764,834,43,-162,-226
-36,1758,836,115,79,-123
-25,1755,828,-17,295,-31
-27,1756,837,-56,113,-44
-41,1760,841,-51,263,-140
-64,1758,835,14,239,-273
-78,1758,834,112,-69,-236
-54,1765,826,341,-84,-34
-17,1776,816,167,100,95
-6,1783,830,120,679,-40
-22,1777,823,114,738,-164
-49,1759,817,94,692,-125
-72,1749,824,98,147,-57
-70,1764,824,133,65,67
-65,1776,829,-46,126,11
-58,1768,829,53,197,-20
-56,1758,819,218,428,-45
-63,1758,811,84,755,-201
-89,1763,823,-77,498,-414
-120,1761,843,-65,-90,-534
-123,1758,847,10,-828,-401
-80,1752,838,76,-903,-222
-35,1748,842,95,-264,-17
-10,1753,835,6,-180,178
13,1753,833,48,152,214
24,1761,853,15,690,128
3,1764,843,131,915,139
-31,1761,833,263,835,106
-58,1765,830,367,556,100
-72,1781,810,296,519,49
-75,1786,807,230,95,21
-63,1779,808,163,247,54
-63,1768,812,163,394,81
-72,1764,822,214,221,19
-78,1763,831,208,180,9
-72,1762,833,329,-55,-106
-58,1757,831,240,-133,-96
-43,1756,838,146,168,34
-32,1762,845,168,152,89
-30,1765,847,31,144,51
-40,1748,861,-115,0,40
-47,1725,870,-281,-139,-69
-39,1718,874,-537,-320,-160
-34,1724,887,-730,-406,-106
-52,1713,922,-1381,-1128,-58
-82,1668,992,-2560,-2560,168
-135,1588,1058,-4323,-3777,318
-161,1466,1118,-5553,-4745,218
-125,1341,1191,-6614,-4114,53
-61,1233,1266,-6640,-2236,197
-64,1168,1373,-5796,-2120,717
-113,1145,1566,-2628,-3406,1918
-128,1112,1578,1792,-1871,3619
19,1090,1454,4593,-801,4493
198,1206,1156,6093,-5519,5747
346,1523,1130,6495,4193,5811
289,1815,878,8915,3643,6042
154,2108,779,10444,4102,6248
-43,2376,638,11884,3037,5579
-276,2555,457,13991,-574,4476
-241,2611,145,15812,-5641,3783
191,2637,-107,14257,-5450,1634
738,2620,-155,12116,5578,-3563
777,2459,-99,10825,10158,-6860
336,2167,-32,11119,5091,-6639
-109,1883,41,12503,-4834,-3073
-141,1757,-15,13878,-12663,1769
188,1832,22,11789,-9795,3542
453,1942,116,9483,-4425,997
471,1905,199,8721,-3408,-1998
445,1747,260,9262,-6058,-2066
517,1631,359,10306,-5813,387
718,1751,392,10791,-3420,2838
775,2072,387,10822,1558,1146
436,2217,307,8373,-1442,-1027
104,2059,300,8601,-6665,-2926
-31,1884,272,8132,-6916,-424
-97,1933,240,5845,-7505,1100
-284,2048,238,2022,-13033,1314
-425,2001,86,-2012,-19352,1105
-120,1932,-181,-3511,-21071,1763
636,1809,-573,-3068,-10687,1305
1174,1794,-868,-1260,5094,990
893,1834,-966,-660,12600,359
207,1965,-968,-899,7961,-806
-223,2000,-967,-970,2854,-2509
-147,1994,-960,-641,1596,-2861
255,1920,-923,813,7911,-2294
530,1939,-803,1862,12630,-1452
490,1899,-624,1456,14578,-761
302,1814,-382,861,13681,-1404
157,1886,-231,-194,8269,-1238
9,1993,-156,-760,5703,-745
-148,2067,-182,-1489,2432,-316
-153,2138,-148,-1875,1134,84
0,2141,-113,-1613,-350,331
218,2078,-57,-1748,1105,1063
357,2038,43,-2196,730,1965
299,2050,216,-4154,688,1605
317,2089,318,-5107,-1454,1091
403,2136,348,-8227,1802,-346
262,2045,260,-9499,2079,-1338
115,1927,327,-11543,-2414,-1602
110,1811,379,-11670,-1992,-1112
363,1814,37,-14648,-1472,-610
625,1817,-75,-16542,5738,-2151
672,1784,267,-11946,11522,-3115
720,1913,47,-15121,10132,-5834
378,2014,-42,-16761,11959,-6422
-21,1958,-18,-10699,1826,-2565
-79,1931,-110,-13429,-9943,106
283,2077,135,-13033,-1941,318
456,2240,341,-12864,6369,-11
197,2183,468,-12239,9838,-2180
-249,1938,446,-12299,3531,-3180
-489,1727,572,-10005,-7433,-3252
-393,1756,671,-9055,-6450,-2787
-217,1913,880,-7019,-4122,-1431
-129,1989,1003,-4950,-1979,-151
-190,1946,1198,-1778,-267,215
-315,1802,1274,994,-4227,-756
-273,1619,1292,3324,-6916,-1697
-69,1514,1175,3687,-8596,-2196
268,1474,1139,4180,-4601,-2129
611,1473,1081,3052,1758,-804
771,1491,1024,1665,10401,635
540,1521,1020,483,13625,1032
121,1529,1022,327,9880,759
-254,1508,995,78,3148,243
-417,1500,1004,419,-877,-424
-432,1540,1032,392,-893,-312
-425,1610,1049,417,-3590,-489
-299,1659,1021,415,-3607,-792
-98,1672,1021,576,-2954,-829
117,1688,1017,888,-1232,-1049
212,1692,982,613,1468,-795
211,1684,993,942,1438,-51
224,1657,973,1135,1567,908
240,1628,968,1018,1671,1981
299,1638,985,845,2694,2931
284,1704,938,701,6073,1987
91,1764,867,112,6074,685
-112,1781,829,368,4706,16
-219,1794,807,107,3510,-147
-305,1802,804,27,1667,-60
-357,1782,830,187,-551,-243
-327,1753,825,385,-2597,-186
-221,1746,858,273,-2325,-504
-97,1746,875,55,-2126,-834
34,1739,895,137,-1177,-678
145,1718,902,48,321,-249
162,1693,929,-46,1198,260
103,1685,936,114,1064,333
15,1695,943,141,890,192
-59,1707,943,354,291,-91
-82,1716,913,348,-207,-298
-48,1714,913,90,-106,-355
-19,1709,929,145,-10,-294
-12,1709,913,302,213,-230
-28,1707,916,416,-149,-55
-39,1708,915,398,-215,86
-34,1706,923,289,34,35
-8,1703,946,281,-90,-182
-7,1697,947,125,513,-379
-17,1690,939,327,228,-248
-17,1680,936,514,190,87
-5,1685,948,479,-87,-4
6,1704,940,245,357,17
-1,1716,937,201,345,-19
-12,1707,933,151,625,-169
-32,1700,916,86,108,-189
-4,1708,912,223,576,60
-2,1726,909,179,988,84
-56,1723,902,185,576,-9
-69,1708,915,296,-165,-86
-51,1711,908,112,39,-197
-36,1718,920,201,331,-195
-30,1724,928,118,585,-197
-44,1726,919,70,424,-339
-65,1708,918,18,22,-299
-50,1683,929,108,-630,-119
-10,1669,944,39,-71,-66
16,1669,960,46,208,22
25,1686,956,-50,409,41
22,1703,934,65,752,51
-8,1708,925,-112,868,-45
-49,1694,928,87,276,-138
-56,1688,928,95,-374,-163
-26,1709,908,152,-555,-58
2,1735,901,96,361,0
3,1742,904,188,590,-93
-9,1737,889,220,277,-171
-11,1736,889,256,495,-118
-17,1729,895,255,251,-81
-16,1721,915,190,377,-133
-10,1720,918,255,234,-136
-4,1716,911,100,335,-106
-4,1713,915,292,160,14
12,1722,906,478,547,208
19,1742,905,472,845,323
-7,1750,887,219,869,242
-33,1735,888,205,329,201
-30,1730,900,311,736,149
-51,1732,892,286,825,-215
-83,1722,895,347,555,-227
-73,1709,893,410,-222,-25
-36,1710,907,509,-34,40
4,1716,907,330,191,96
24,1720,907,253,714,23
17,1717,915,159,641,27
-10,1705,913,274,661,-60
-44,1693,911,129,131,-20
-46,1700,914,162,-42,37
-34,1715,916,98,349,-1
-32,1711,929,28,-44,-127
-23,1698,943,273,119,-197
-15,1703,930,230,279,-85
-21,1708,915,112,42,-41
-15,1719,907,169,-9,71
-25,1732,892,165,177,-67
-49,1722,900,280,65,-198
-62,1710,920,227,88,-176
-53,1713,917,437,-55,-200
-41,1718,892,182,-300,-202
-22,1707,896,362,-502,-180
18,1709,899,387,263,-6
39,1723,907,149,607,160
31,1730,915,276,819,212
8,1716,904,255,912,180
-30,1688,907,218,515,122
-49,1695,919,426,312,-14
-49,1717,910,543,247,-77
-37,1721,877,398,26,-64
-9,1706,907,71,314,-4
4,1705,937,15,536,-2
-4,1719,938,69,345,107
-17,1710,917,92,309,264
-20,1694,929,154,-177,147
-4,1700,913,76,280,74
-9,1722,918,-8,580,-55
-16,1733,905,197,299,-99
-21,1734,889,144,246,-14
-13,1733,893,173,354,98
-8,1729,901,273,220,20
8,1723,893,218,269,0
15,1724,900,181,662,2
-1,1733,893,158,749,-110
-15,1738,882,87,348,-93
-19,1731,883,137,272,-50
-13,1728,886,197,63,-29
1,1735,895,135,485,7
-9,1738,887,180,354,-22
-29,1727,895,45,233,-174
-28,1713,890,149,-162,-178
-6,1715,898,167,-96,-24
2,1730,913,173,369,-83
-3,1733,900,82,401,-61
-5,1722,904,87,289,-114
-13,1713,901,63,403,-116
-25,1707,911,106,-190,-132
-13,1708,919,236,-49,-116
4,1724,913,195,258,-108
5,1727,904,142,587,-122
-1,1723,907,192,486,-79
-6,1726,894,203,365,-6
-9,1725,892,177,147,-28
-14,1719,900,176,256,-100
-25,1717,903,238,262,-122
-17,1719,902,156,91,-145
0,1722,896,218,316,-104
8,1728,900,216,366,-116
-4,1726,907,239,291,-86
-13,1723,910,128,252,-102
-15,1708,903,128,236,-97
-11,1703,912,110,12,-145
9,1713,906,293,36,-136
27,1726,902,178,552,-120
23,1730,910,118,1090,-73
-14,1723,897,154,639,-39
-44,1718,894,126,-57,-20
-52,1729,899,197,-210,-188
-30,1740,896,164,28,-212
-8,1732,895,100,355,-232
-2,1719,893,-19,445,-218
-4,1714,899,-124,296,-122
-18,1715,897,-78,146,-71
-35,1711,908,-110,-77,-40
-39,1711,925,-241,20,-140
-55,1712,927,-544,-355,-297
-79,1700,939,-905,-644,-351
-102,1670,934,-959,-1515,-292
-109,1629,917,-882,-2618,-229
-62,1612,968,-1379,-3375,-90
20,1591,1032,-1929,-3042,360
101,1584,1137,-2166,-2223,927
115,1585,1175,-2353,-1861,1080
52,1547,1198,-2689,-2689,1028
13,1479,1212,-2818,-3038,1413
0,1411,1192,-2677,-2599,1768
-8,1326,1153,-2687,-1725,1916
25,1222,1214,-1783,-750,1879
158,1195,1384,-689,455,2329
192,1293,1407,1320,4104,2518
90,1354,1165,3776,2664,3382
84,1338,1116,5411,2756,4934
139,1444,1183,7429,937,6946
157,1873,1023,8304,2386,5878
-77,2210,909,9933,3679,3950
-344,2138,784,11447,-1888,2396
-440,2068,641,14797,-6730,1853
-245,2275,347,16326,-11565,2524
349,2575,25,14566,-9548,1295
1127,2611,-14,12345,3810,-2653
1284,2311,79,11192,13535,-4792
821,1972,164,11612,12683,-4472
216,1738,178,12505,4852,-2199
-126,1735,70,13190,-3269,1036
-137,1943,0,11548,-4323,1245
-11,2106,65,9276,-2354,-989
112,2055,140,9297,-2746,-2510
271,1831,220,10053,-4062,-1337
548,1660,341,9966,-1970,1856
757,1808,383,10525,2662,3243
649,2170,265,8629,3480,1734
173,2217,173,6923,-2921,-863
-387,1993,175,7068,-13217,-794
-632,1906,64,7017,-19049,246
-463,1923,-26,4057,-23936,247
32,1914,-41,1806,-21215,-71
531,1860,20,-241,-15336,1557
764,1901,-31,-2295,-8990,2488
783,1916,-345,-2182,-4190,1154
792,1815,-670,-1504,965,-160
704,1843,-848,-1309,6580,-171
449,1864,-863,-1353,7902,-694
317,1906,-816,-1175,9940,-1384
266,1961,-774,-236,11869,-1823
174,1955,-735,722,11729,-2473
75,1937,-711,743,10507,-2520
-15,1957,-620,1952,5305,-2073
7,2009,-565,1746,3466,-596
7,2014,-366,1621,2518,644
21,2089,-140,45,2662,780
22,2133,16,-1338,1981,322
12,2085,90,-830,-1868,729
220,2012,160,-533,-7717,1689
622,2002,268,-2381,-1420,856
775,2045,360,-5453,6713,234
499,2096,589,-7893,7964,-648
60,2052,606,-8268,1455,458
52,1913,487,-8996,-6422,1148
430,1729,378,-11229,-1374,660
797,1705,281,-12450,6402,-634
849,1814,139,-14597,15592,-1563
510,1866,47,-13610,18167,-2154
119,1860,-120,-13451,13563,-4666
-28,1900,-85,-12932,4917,-4694
34,2010,-197,-13559,-1250,-2202
97,2071,-281,-15241,-4247,27
227,2099,-81,-10719,-33,1143
217,2299,177,-10575,4336,1140
62,2429,131,-12749,4127,-770
-152,2306,323,-11059,-855,-3407
-190,2025,419,-10502,-7276,-3377
-25,1758,695,-8428,-3005,-2703
135,1708,880,-8172,2188,-2289
104,1764,909,-7140,4228,-927
-47,1797,1034,-4252,-800,150
-101,1803,1093,-2324,-5016,326
-13,1773,1217,-250,-4042,-734
71,1715,1258,2016,-30,-1441
25,1654,1201,2437,2334,-1572
-62,1600,1128,2678,1814,-1706
-90,1585,1050,2424,366,-1777
-9,1599,981,1841,-1841,-1360
140,1599,948,2415,-1372,-765
257,1609,917,2225,345,91
299,1653,915,1457,2745,657
238,1686,934,852,4128,704
119,1670,950,229,4278,-38
-11,1619,953,-566,4175,-635
-141,1566,952,-352,2242,-686
-193,1584,933,-336,491,-30
-173,1647,959,244,-345,454
-131,1720,954,476,-695,379
-110,1748,967,634,110,-295
-96,1721,955,560,41,-818
-62,1680,957,858,370,-785
-44,1661,961,761,515,-801
-28,1666,967,742,162,-679
8,1703,948,786,506,-516
14,1716,922,992,105,-346
24,1710,891,1143,-114,-116
57,1710,866,1070,264,32
93,1727,874,876,1183,37
103,1745,892,799,1937,11
67,1751,898,544,2618,-190
-50,1727,909,298,2017,-431
-152,1678,910,364,87,-670
-153,1667,908,506,-1106,-683
-68,1698,914,408,-989,-341
13,1724,921,293,40,-287
61,1729,902,-198,856,-192
47,1714,890,-57,1249,-99
-28,1703,919,99,1155,-295
-78,1703,895,405,-383,-298
-63,1720,898,261,-74,-347
-39,1734,895,239,118,-358
-12,1739,892,215,462,-343
4,1739,874,205,858,-216
2,1730,887,182,918,-182
-19,1726,888,355,964,-119
-52,1735,894,334,780,-116
-73,1735,897,375,478,-147
-58,1743,874,320,246,-73
-40,1750,868,168,762,-219
-55,1747,878,255,847,-376
-66,1750,863,231,602,-312
-54,1742,858,216,154,81
-30,1736,871,252,495,153
-20,1743,876,300,877,92
-35,1746,871,303,878,-138
-75,1741,874,380,763,-393
-80,1736,869,357,683,-273
-52,1735,857,301,531,188
-46,1736,881,127,907,255
-82,1744,908,66,851,135
-131,1756,881,166,564,-228
-173,1744,863,155,175,-660
-204,1736,859,55,-236,-975
-192,1753,852,-50,-1136,-964
-136,1764,842,199,-1195,-715
-65,1743,858,122,-745,-426
-6,1729,881,249,94,-72
12,1740,884,290,569,-59
-19,1721,866,179,799,22
-49,1686,884,-77,366,103
-51,1693,907,48,887,36
-97,1725,905,113,623,-208
-161,1701,892,59,-568,-189
-165,1662,909,163,-1214,-101
-86,1690,917,377,-1125,-10
-13,1744,906,315,13,-182
25,1759,901,-33,343,-75
20,1747,886,58,715,177
-19,1731,866,25,618,264
-60,1725,889,210,380,238
-80,1736,879,372,307,120
-83,1748,860,354,-383,20
-62,1757,856,445,-317,-47
-22,1767,843,312,346,101
-10,1774,850,277,1300,54
-51,1767,854,168,1054,-6
-101,1741,865,214,122,-175
-121,1723,869,263,-588,-206
-84,1723,888,351,-522,-45
-16,1727,896,23,211,152
26,1715,909,-59,771,311
25,1696,931,-241,1382,304
-12,1683,923,-239,923,299
-45,1682,924,-135,729,362
-76,1691,922,-77,785,210
-105,1706,913,-8,364,10
-115,1723,895,-12,7,-67
-108,1738,894,-1,13,-121
-91,1749,875,11,-2,-194
-75,1752,863,58,-176,-103
-56,1749,870,176,26,-18
-39,1747,864,167,-77,19
-29,1752,872,132,211,-29
-35,1758,870,240,565,-50
-44,1750,853,288,311,45
-42,1749,863,368,243,40
-38,1753,855,202,201,-11
-35,1757,870,254,572,-19
-37,1751,864,259,547,-17
-44,1747,862,146,526,-77
-52,1745,861,262,396,-69
-60,1740,866,135,211,-116
-65,1735,882,139,-212,-155
-33,1733,882,221,98,-98
-8,1732,880,141,658,7
-18,1730,881,278,746,3
-43,1726,885,196,566,-138
-53,1728,885,225,148,-222
-46,1733,890,110,348,-61
-49,1735,880,163,398,72
-43,1737,863,205,151,194
-25,1743,866,150,582,154
-28,1753,874,6,960,25
-53,1764,865,181,685,-41
-100,1760,853,191,396,-250
-132,1742,857,296,-289,-305
-104,1737,866,305,-397,-308
-50,1740,877,94,211,-206
-20,1735,895,94,456,-143
-16,1715,896,-58,493,-58
-35,1692,910,70,781,-65
-56,1689,911,3,362,-106
-78,1696,892,-179,256,-167
-84,1706,911,-142,124,-269
-82,1718,906,61,-26,-183
-73,1729,902,148,-380,-113
-56,1737,894,147,-125,-55
-44,1740,889,106,112,-102
-46,1737,885,98,356,-187
-49,1730,884,56,263,-216
-43,1738,878,161,224,-138
-40,1743,869,179,408,-114
-46,1744,877,224,367,-75
-50,1740,874,208,291,-105
-53,1734,876,152,520,-82
-57,1729,869,230,403,4
-63,1734,872,300,72,-50
-67,1739,872,432,403,-183
-65,1745,885,171,406,-43
-67,1738,881,101,333,-50
-69,1727,889,90,127,-125
-68,1719,894,272,-243,-55
-56,1722,895,301,99,-63
-41,1730,886,296,452,-26
-45,1736,888,213,620,-9
-52,1733,882,212,280,-90
-58,1725,886,253,173,-109
-59,1726,889,235,371,-76
-59,1730,889,125,402,-52
-58,1735,885,139,324,9
-67,1736,881,176,72,-39
-68,1735,878,-8,52,-117
-58,1734,882,58,322,-105
-53,1733,877,223,322,-116
-58,1728,886,169,558,-107
-70,1723,897,218,236,-158
-71,1730,896,93,102,-171
-59,1731,882,235,-164,-204
-46,1733,878,105,250,-204
-51,1733,869,137,337,-63
-61,1737,874,68,-3,-61
-52,1743,873,129,-14,-27
-44,1746,875,34,204,-43
-48,1739,879,387,447,-105
-54,1735,881,366,582,-16
-52,1743,877,270,290,-8
-60,1755,886,153,549,-67
-73,1744,892,118,245,46
-73,1721,887,95,-28,77
-59,1708,882,58,81,44
-45,1719,891,-250,576,-66
-72,1726,899,-633,607,-167
-134,1712,921,-1186,-334,-326
-200,1684,956,-2158,-2097,-602
-262,1644,999,-3332,-4078,-775
-301,1578,1041,-4305,-6278,-738
-286,1457,1047,-4772,-7574,-643
-224,1303,1075,-5493,-7969,-347
-110,1168,1193,-5838,-5484,277
-11,1158,1341,-4084,-3150,1754
61,1220,1355,-3059,-3574,1763
218,1239,1377,-393,1248,1958
313,1259,1328,1562,485,3434
218,1311,1279,3486,5739,4700
4,1466,1252,3553,4690,5148
-131,1645,1159,8585,840,5642
-211,1878,869,8180,-892,5454
-286,2036,952,10549,-1237,5035
-316,2170,933,12523,-5006,3068
-282,2312,840,14939,-8325,2154
-77,2418,470,17527,-13324,1334
564,2529,49,18461,-11373,714
1449,2624,-183,16668,1888,-975
1911,2528,-218,15148,16419,-3815
1653,2234,-117,13921,20702,-3914
908,1891,-44,12639,22772,-2336
-65,1669,32,14818,15966,83
-843,1728,-170,15387,2756,979
-1107,1934,-306,12081,-6495,196
-869,1972,-281,10666,-13720,-694
-295,1886,-126,10494,-11374,-1095
320,1836,106,9581,-7141,-390
652,1932,376,8524,-2732,1610
420,2157,541,7861,-4716,2251
-2,2117,408,6820,-16312,-458
97,1757,204,6193,-22168,1095
503,1746,311,6313,-11618,3235
595,1996,422,2005,-5927,2841
164,1991,545,-2188,-9039,1144
-129,2024,209,-5002,-15534,971
155,1878,-536,-3590,-16301,-168
1043,1669,-1096,-1457,-4648,493
1523,1799,-1116,-1114,18753,3323
699,1947,-1064,-1081,19434,1182
-310,1973,-1074,-1434,7926,-3485
-515,1955,-1091,-593,1416,-5322
28,2023,-1016,639,5464,-2955
467,2020,-805,1572,14489,-1677
280,1933,-599,1594,13700,-1550
-61,1895,-411,1176,7094,-1207
-192,1849,-168,1398,1635,-432
13,1921,64,473,2638,584
213,2103,174,-920,5785,843
273,2209,241,-2078,1983,1191
360,2171,297,-4336,2544,1060
253,2116,359,-5719,4173,52
127,2057,375,-3881,2360,503
138,2004,347,-6236,490,854
283,1992,469,-10843,4304,-423
363,2008,573,-13349,6870,-622
291,1922,465,-14565,4933,-1585
146,1719,296,-13208,-2580,-2418
232,1562,236,-14683,3641,-2646
347,1561,131,-14366,4387,-3491
511,1786,-59,-15218,7181,-4455
584,1944,-368,-18623,-5011,-3446
671,2039,-138,-11945,3422,-1174
664,2296,-270,-13322,3550,1670
472,2666,-67,-15295,13262,-100
-136,2623,270,-14611,14696,-2736
-867,2145,544,-9052,-434,-3143
-1132,1593,688,-4952,-14549,-3733
-755,1457,823,-3856,-17866,-2937
-68,1722,924,-4562,-9350,-1619
457,1990,1086,-4207,3326,-941
461,1972,1129,-2685,7953,-264
49,1768,1133,189,5878,-732
-318,1636,1053,2535,-3640,-1243
-338,1661,1034,3763,-6464,-781
-106,1745,1039,3967,-5798,-610
208,1759,978,3060,-10,-864
378,1705,932,2390,5607,-884
297,1640,867,2115,6147,-665
141,1604,845,1304,4400,-386
24,1602,851,616,2696,-97
-63,1630,864,175,2109,-110
-102,1663,848,-512,1149,-61
-152,1665,866,-1203,346,-269
-152,1663,873,-1266,-27,-449
-119,1667,915,-1363,-186,-491
-72,1681,950,-1060,250,-323
-58,1693,951,-914,-106,-142
-68,1700,980,-266,-206,-74
-64,1708,966,104,-975,142
15,1727,942,454,-747,613
126,1774,915,403,1734,787
123,1811,885,437,2867,507
23,1806,863,796,2365,351
-58,1775,825,935,1064,180
-98,1762,823,676,1026,-93
-122,1763,839,387,878,-207
-126,1763,832,344,-112,-283
-110,1744,836,46,-581,-395
-58,1719,854,375,-487,-79
-15,1720,869,124,66,-64
-16,1722,881,76,44,-61
-26,1712,902,423,-249,-82
-21,1694,925,307,-290,-166
9,1683,925,364,-38,-119
28,1690,927,335,417,52
23,1702,929,320,218,135
6,1711,924,318,35,143
-9,1717,894,488,292,-22
-13,1727,883,524,60,-141
-10,1750,870,192,558,-213
-21,1764,860,113,150,-163
-29,1756,858,257,124,-227
-29,1732,859,289,7,-194
-10,1732,861,287,114,-52
15,1756,857,517,64,31
7,1771,855,503,228,-87
0,1761,869,630,120,-88
-17,1750,868,471,822,-325
-50,1745,875,605,106,-365
-69,1738,886,527,-176,-584
-55,1732,885,477,-247,-555
-27,1725,879,379,-408,-378
8,1738,868,472,-136,-321
19,1754,864,312,395,-287
-3,1745,871,94,282,-368
-19,1707,889,82,170,-352
-22,1691,897,-23,-206,-357
-24,1687,900,-6,-460,-336
-2,1694,899,73,-386,-211
30,1709,893,47,-8,-23
58,1722,898,96,497,93
73,1735,884,28,1066,248
49,1741,875,147,1178,395
-5,1748,874,162,1058,255
-49,1757,862,125,538,90
-51,1766,851,300,781,10
-60,1772,834,140,416,6
-64,1773,834,244,571,-80
-57,1780,830,165,435,-194
-58,1781,829,254,262,-160
-62,1764,841,234,94,-111
-43,1749,836,224,66,-140
-22,1751,851,160,312,-109
-22,1754,864,71,305,-168
-29,1753,856,99,-121,-261
-20,1741,857,-45,145,-195
-15,1727,861,9,173,20
-20,1726,867,-27,-42,60
-30,1731,881,20,12,-60
-20,1734,882,184,-35,-147
-7,1742,872,54,277,-234
-14,1743,872,212,337,-299
-24,1739,871,92,373,-195
-23,1732,872,125,96,-61
-10,1735,877,269,29,-61
2,1744,871,181,172,19
15,1750,867,266,759,37
-1,1744,861,218,921,-67
-34,1734,860,71,400,-187
-44,1735,874,91,178,-246
-31,1748,873,298,286,-91
-25,1750,870,256,409,71
-29,1736,867,264,294,72
-20,1737,861,168,266,-14
-5,1753,861,58,636,14
-15,1756,854,211,954,6
-46,1746,867,101,696,-35
-68,1740,874,242,259,-89
-65,1741,854,243,-240,-117
-41,1736,864,258,-142,-171
-18,1748,861,189,464,-222
-21,1758,858,-73,701,-146
-46,1747,865,-96,458,-89
-66,1730,875,234,-139,-17
-60,1733,870,69,-338,-65
-38,1738,871,57,-108,-51
-11,1734,868,64,145,-23
-5,1728,864,-66,306,-32
-6,1727,878,-5,482,-90
-14,1741,875,47,537,-29
-38,1742,873,280,342,-16
-53,1733,876,337,108,35
-49,1732,872,159,-189,45
-30,1742,870,99,159,-90
-23,1743,868,167,235,-131
-12,1743,868,149,235,-50
-10,1750,861,106,299,-23
-24,1748,856,165,230,75
-32,1741,855,421,2,76
-26,1746,856,145,271,5
-13,1752,866,236,530,8
-13,1751,856,173,377,-55
-31,1752,857,224,-37,-222
-48,1756,849,128,-223,-194
-40,1753,874,253,-59,-140
-28,1746,866,225,47,-159
-22,1734,855,296,-168,-121
-5,1732,857,667,-355,-59
10,1747,851,652,116,-19
7,1766,857,733,228,-79
3,1773,853,573,421,-161
-12,1764,852,530,102,-161
-25,1750,860,615,147,-238
-25,1751,860,446,69,-344
-6,1757,853,335,57,-289
19,1745,850,390,82,57
48,1741,854,247,462,325
41,1749,848,117,1012,141
1,1748,870,175,991,-63
-29,1732,872,62,852,-260
-53,1721,859,7,402,-234
-59,1734,870,49,334,-63
-49,1757,865,126,357,8
-52,1760,853,8,179,-50
-49,1746,856,-22,177,-116
-43,1734,862,-2,151,-80
-45,1734,862,139,201,-111
-35,1742,855,285,326,-14
-18,1747,854,107,492,-38
-20,1749,861,45,505,-103
-27,1747,857,210,-2,-80
-17,1752,848,419,163,36
-14,1763,844,322,823,29
-28,1767,854,331,770,-75
-48,1762,844,385,631,-137
-56,1744,845,108,-279,-130
-31,1727,860,446,-16,-149
-1,1732,858,468,171,37
19,1750,861,341,424,91
9,1761,852,155,834,-122
-19,1753,842,26,470,-121
-29,1731,840,65,196,31
-28,1724,860,119,268,33
-15,1740,853,155,203,14
-14,1763,857,81,597,45
-30,1759,853,89,606,38
-41,1754,849,-45,233,-68
-63,1748,845,91,161,-274
-58,1746,851,220,-170,-229
-43,1750,857,128,-125,-102
-28,1759,871,157,124,-209
-28,1755,862,-44,106,-275
-21,1733,862,-79,-272,-105
2,1712,875,-274,-99,29
6,1710,901,-408,51,23
-20,1705,946,-792,-688,-176
-79,1678,984,-2140,-2069,-506
-165,1602,982,-3951,-3034,-726
-235,1485,992,-4337,-3235,-57
-252,1390,1080,-5000,-4899,824
-188,1349,1161,-5482,-5548,463
-93,1363,1196,-4927,-4481,150
-46,1354,1181,-3680,-1891,499
-19,1252,1288,-1545,-1405,1676
120,1199,1417,2840,-1829,4189
288,1365,1363,4594,1128,4947
214,1575,1132,6804,2540,5909
51,1698,1045,8938,1226,5574
8,1793,920,10183,-2419,5017
-32,2080,765,12338,-1395,4799
-68,2469,553,13642,-2374,3623
-3,2688,337,15259,-5003,2664
316,2707,113,15828,-4385,1971
757,2621,-58,14363,3759,-692
912,2413,-51,12417,9936,-4195
614,2118,38,11451,9922,-5487
169,1857,65,12453,2738,-3779
-123,1775,-45,13380,-4338,-289
-110,1859,-123,12768,-7003,1693
62,1969,-108,11164,-5344,1306
217,1988,-43,10381,-4405,-279
383,1874,63,9710,-4539,-1504
564,1707,214,9598,-2349,-2055
595,1717,421,10992,43,-598
326,1962,427,11083,-1436,1600
101,2171,412,9531,-11672,1612
101,2104,414,7769,-9011,-921
94,1901,356,7136,-5882,-319
-38,1824,319,4947,-10640,995
-151,2015,238,1759,-12949,310
-52,2046,109,-2259,-14365,1349
332,1929,-145,-3930,-11013,1972
696,1772,-538,-3515,-2977,2288
738,1783,-867,-2046,3333,746
570,1892,-1048,-953,8118,-566
283,1948,-1053,-584,9584,-1880
72,1971,-968,-607,7688,-2585
60,1915,-850,-166,7801,-2659
122,1922,-729,500,7733,-2527
161,1931,-622,626,7551,-1952
127,1864,-492,1457,6381,-872
74,1886,-331,1518,4366,-159
85,2014,-298,1166,1937,1159
101,2100,-226,77,1157,1216
52,2174,-163,-1340,195,-5
-42,2152,-138,120,-5752,-426
39,2069,-117,424,-10080,59
327,1979,-28,-209,-9645,270
750,2000,130,-1634,-1902,675
907,2115,252,-5066,5038,850
650,2190,312,-7740,7388,-367
268,2114,277,-7016,1480,-633
81,1988,246,-8992,-1727,197
122,1925,286,-13815,-1016,-133
88,1920,220,-14861,2449,-677
-25,1827,187,-14130,1151,-241
126,1714,309,-15361,4519,-2110
445,1721,211,-15572,4578,-3188
752,1832,77,-16533,11238,-3069
747,1796,33,-17758,8261,-2003
595,1676,167,-14788,11367,-308
315,1741,64,-14166,4454,1818
118,1983,-39,-14274,1137,872
53,2214,274,-12766,2556,-442
92,2325,306,-12260,3606,945
-71,2280,535,-9134,5883,455
-325,2148,538,-9891,-767,-964
-396,1911,760,-7591,-2876,-1653
-207,1779,951,-4951,-1346,-1941
-79,1773,1148,-1944,1661,-1022
-165,1844,1157,815,776,531
-331,1930,1167,3073,-703,328
-365,1903,1082,4010,-3714,-670
-208,1812,1033,4297,-3908,-1500
32,1730,1005,4077,-2027,-2048
267,1664,946,3330,430,-1645
418,1632,892,2617,3034,-553
432,1634,853,2147,5147,776
353,1641,852,1432,4963,1488
237,1637,851,806,5802,1316
82,1628,890,-49,5637,910
-97,1601,923,-167,4325,250
-255,1574,938,-267,1742,-194
-320,1580,943,-421,-364,-574
-296,1623,931,-667,-1568,-731
-169,1685,923,-331,-2174,-573
-12,1741,915,-294,-689,-409
60,1747,952,-297,553,-185
68,1735,977,-17,961,50
26,1720,956,179,1211,-49
-32,1679,960,394,170,-295
-21,1663,938,650,-443,-134
48,1711,922,727,442,-35
68,1761,881,422,1612,-334
13,1747,873,150,1593,-468
-56,1726,868,367,867,-402
-96,1712,856,470,54,-390
-90,1691,884,511,-706,-187
-40,1695,919,74,-571,-80
8,1722,924,338,149,-180
6,1715,924,-19,532,-280
-10,1678,919,279,238,-235
-9,1689,899,388,251,-92
-26,1715,902,384,144,-15
-35,1726,928,487,-379,-38
13,1746,912,308,104,-98
34,1741,892,162,1017,-112
36,1694,905,399,632,32
70,1689,896,662,1069,239
79,1750,874,226,1900,321
27,1796,864,242,2245,125
-58,1779,844,211,1565,41
-107,1739,850,367,575,-9
-103,1729,844,309,193,-103
-77,1741,866,273,224,-173
-65,1760,864,325,236,-216
-66,1753,855,46,59,-179
-59,1733,864,258,-145,-87
-47,1723,864,232,235,-131
-40,1726,881,223,169,-185
-29,1735,898,291,244,-283
-32,1729,891,135,137,-368
-37,1713,906,113,-112,-224
-10,1713,895,-29,163,16
7,1730,887,88,639,107
-19,1731,895,148,787,-2
-46,1735,899,197,298,-164
-60,1745,882,157,300,-200
-80,1735,876,72,-161,-246
-77,1721,877,133,1,-198
-55,1723,872,286,37,-89
-37,1730,867,443,-18,34
-37,1734,876,340,-16,-14
-29,1731,902,209,110,-45
-8,1735,913,272,237,-173
-1,1725,893,134,598,-219
-12,1694,902,254,305,-116
-6,1694,903,83,-8,26
13,1732,904,325,453,96
10,1751,883,229,680,-37
-2,1736,871,213,769,-16
-15,1730,870,52,779,50
-36,1749,862,-44,591,-36
-69,1752,866,-34,115,-153
-91,1739,873,-9,-181,-201
-89,1741,858,-27,-694,-113
-46,1760,854,-94,-820,86
5,1771,852,-4,-11,178
25,1766,849,-113,704,253
1,1749,852,74,856,321
-39,1738,865,92,458,168
-64,1735,877,168,119,-138
-72,1746,894,88,363,-340
-71,1747,880,294,-64,-138
-54,1726,889,168,-277,-8
-27,1711,900,238,-56,50
-1,1720,907,161,338,-15
-3,1729,896,204,595,-96
-25,1719,884,159,161,-156
-37,1703,888,70,96,-184
-27,1713,903,290,-184,-85
-16,1727,908,183,5,-54
-5,1716,902,197,143,-52
0,1702,904,44,190,-54
2,1712,903,-49,156,-53
-2,1728,894,109,171,-146
-10,1735,881,127,142,-172
-21,1733,871,215,95,-138
-20,1738,879,174,77,-19
-13,1748,888,113,266,43
-7,1748,880,304,234,-53
-5,1741,865,218,276,-53
-18,1739,875,274,379,-134
-26,1745,877,225,228,-155
-37,1740,877,298,100,-201
-32,1730,884,347,-424,-137
-9,1730,880,355,-139,-181
5,1735,878,254,457,-56
16,1736,870,455,394,3
4,1734,861,178,472,-55
-20,1739,882,383,175,-182
-26,1746,879,260,610,-229
-42,1732,878,64,275,-231
-38,1712,890,15,-318,-180
-16,1723,897,31,-244,-182
2,1747,889,128,26,-110
10,1744,878,63,316,1
14,1722,893,-35,629,-94
7,1721,901,16,648,5
-18,1742,893,-6,509,-21
-52,1745,886,171,372,-79
-60,1739,878,281,-130,-36
-36,1750,869,285,127,-161
-5,1761,864,154,436,-186
20,1756,868,194,627,1
18,1750,850,174,658,47
-23,1740,854,352,424,-19
-48,1730,855,403,108,-45
-40,1727,872,160,208,-89
-32,1730,888,160,376,-124
-43,1734,885,94,-44,-290
-34,1725,888,67,-183,-255
-16,1721,885,56,-163,-135
-5,1718,900,118,258,-17
-3,1712,903,155,37,-20
-7,1712,894,185,325,-61
-32,1733,890,273,532,-127
-56,1746,877,308,-3,-327
-49,1751,864,252,-241,-316
-19,1751,875,218,-15,-109
-1,1743,865,259,279,-111
-7,1730,874,178,72,-52
-5,1725,888,403,173,47
14,1739,880,274,226,131
13,1748,875,201,806,62
-10,1737,870,177,615,-8
-29,1723,877,258,533,-10
-47,1727,878,215,103,2
-54,1734,881,185,72,-163
-48,1737,883,152,186,-206
-31,1734,881,257,218,-91
-23,1728,884,43,267,-82
-17,1721,884,105,268,-85
-19,1724,881,-15,201,28
-34,1731,881,238,-23,52
-39,1735,882,223,-20,-19
-28,1738,864,27,-32,-35
1,1748,870,24,373,141
7,1746,875,54,548,160
-5,1740,872,7,496,126
-19,1734,872,526,400,153
-22,1742,874,374,397,69
-24,1752,867,76,353,-31
-32,1751,884,-71,506,14
-49,1728,881,-198,-81,3
-51,1696,885,-381,-417,6
-43,1687,909,-521,-470,6
-53,1691,944,-976,-957,-202
-86,1659,983,-1944,-2227,-505
-129,1571,1022,-3662,-3691,-276
-162,1430,1068,-5316,-4849,41
-145,1298,1144,-6567,-5341,23
-94,1215,1229,-6172,-3930,-295
-79,1176,1322,-4083,-3385,850
-74,1132,1288,-3259,-3087,2217
99,1115,1334,-812,-1931,3156
258,1279,1429,1551,-1631,3665
191,1499,1375,4821,6088,4127
-22,1614,1135,8006,701,4792
-200,1679,1079,9646,-2308,5056
-182,1940,880,11016,-4418,4545
-112,2294,814,13112,-4253,3414
46,2502,609,15197,-7702,2133
396,2569,360,17239,-5188,1844
850,2628,53,16857,-347,667
1205,2609,-96,14309,8174,-2672
1131,2400,-51,13767,12469,-4937
733,2111,17,12421,10977,-4963
226,1839,50,13757,6737,-2667
-146,1779,-43,15025,1463,304
-243,1901,-180,14223,-2462,1074
-179,2024,-193,11783,-2833,-232
-132,2010,-152,10871,-4630,-1534
-74,1864,-23,10675,-5955,-2105
148,1720,144,11923,-9075,-284
430,1793,345,10935,-6636,3104
374,2038,502,9577,-4812,2584
170,2186,469,6870,-14429,-1594
222,1960,437,5014,-10329,-1398
148,1793,578,3901,-9646,2026
-18,1970,589,-1068,-13728,4112
-46,1992,555,-5658,-15832,3134
141,1962,90,-6523,-14933,2973
524,1724,-583,-3572,-11619,1037
1218,1706,-994,-1394,3902,1852
1297,1912,-1032,-1069,17693,1572
524,1987,-1040,-827,17313,318
-295,2014,-1048,-752,8067,-2251
-486,2009,-1067,-47,3699,-4079
-103,2040,-971,726,4486,-3474
347,1970,-778,1817,12024,-2145
410,1890,-611,2275,13715,-1539
129,1869,-389,2256,11900,-691
-210,1911,-164,2118,4336,-437
-225,1998,-3,1884,-2557,471
95,2073,124,-11,-1441,913
419,2125,205,-1131,1753,548
574,2135,219,-2378,2754,830
460,2151,272,-5705,6108,-382
96,2109,334,-5258,2830,-1164
-109,2070,448,-6033,667,100
-49,2017,549,-9136,-3088,1211
337,1966,666,-13922,-1141,1191
594,1918,745,-22474,8606,-508
435,1661,659,-18229,3394,-3115
243,1292,173,-13902,-1046,-2669
154,1217,26,-10945,-2869,-1398
597,1615,-49,-7962,-3631,2240
1055,2357,-158,-15225,11687,1499
1008,2630,-318,-17501,12071,-3650
526,2335,-280,-14189,7933,-6626
144,2163,-118,-12505,3568,-2800
14,2328,127,-11641,6046,1719
-145,2427,207,-11729,2914,1128
-290,2219,594,-8381,-5062,-538
-206,1902,788,-6525,-4956,-637
-36,1712,1084,-2990,504,-843
5,1764,1165,-1697,5762,-2037
-232,1817,1231,334,4725,-2398
-435,1735,1201,2061,-1675,-2101
-396,1624,1083,3483,-4370,-1395
-160,1639,975,3641,-3445,-614
93,1707,920,3311,509,-497
202,1745,909,2669,3050,-726
153,1680,912,2151,3669,-1180
87,1578,917,1559,2968,-1327
44,1540,883,1055,3433,-910
-22,1586,903,571,3024,-453
-82,1647,922,122,2135,-147
-98,1684,871,-305,1322,-111
-138,1678,893,-556,15,-278
-160,1658,920,-451,-1107,-710
-131,1677,908,-313,-1233,-811
-85,1715,949,-246,-46,-976
-88,1713,956,67,-630,-1051
-84,1705,954,454,-839,-916
-59,1701,955,403,-805,-836
-19,1698,939,542,-958,-703
40,1717,911,568,-347,-379
79,1741,900,603,1062,-198
63,1750,910,469,1465,-222
16,1762,871,377,1239,-69
-14,1775,841,355,912,302
-35,1776,842,81,1472,171
-84,1781,855,154,1356,-252
-184,1773,819,337,1160,-865
-278,1731,813,512,-507,-1245
-273,1695,827,443,-1626,-1481
-173,1733,842,405,-1443,-1234
-70,1789,868,169,-902,-1069
-25,1762,871,80,-885,-758
-17,1691,858,464,-437,-474
-29,1607,842,806,-337,-371
-20,1578,874,594,-988,-83
41,1691,990,-179,40,412
75,1855,975,4,1262,39
-9,1852,887,-495,997,-290
-97,1688,869,519,125,-83
-101,1568,814,1042,-590,54
-65,1632,824,474,-149,75
-40,1792,885,448,576,135
-36,1881,847,445,763,-121
-64,1820,807,415,36,32
-61,1697,835,767,56,141
-46,1667,884,474,719,-9
-64,1724,921,95,583,-282
-101,1764,922,172,-165,-406
-64,1732,884,362,-791,-89
-12,1701,878,263,173,163
6,1721,868,98,810,320
10,1753,856,124,1157,342
-12,1766,866,88,975,268
-56,1759,865,130,909,32
-98,1750,851,95,383,-31
-111,1750,844,101,-37,-8
-90,1758,835,238,-216,66
-57,1774,834,325,-71,41
-31,1778,833,254,485,-61
-27,1780,825,207,593,-75
-48,1776,814,324,564,60
-76,1765,830,757,427,-88
-69,1767,829,412,-108,-161
-48,1773,839,222,439,-253
-42,1776,836,267,555,-154
-45,1758,828,191,338,120
-19,1749,829,428,286,382
9,1757,835,208,880,497
-4,1767,860,81,943,255
-26,1762,863,284,1134,53
-56,1754,836,26,1236,-214
-102,1747,825,21,1083,-329
-123,1754,821,75,352,-245
-110,1759,827,7,-124,36
-76,1753,858,120,-244,93
-47,1754,858,63,209,62
-48,1760,846,67,366,-116
-60,1751,839,16,314,-149
-78,1746,844,22,443,-283
-99,1751,861,-40,82,-259
-89,1759,859,164,-330,-147
-80,1765,844,11,-383,-222
-66,1758,842,27,-207,-173
-43,1755,834,-136,134,-210
-37,1748,840,-104,419,-301
-53,1744,850,-50,272,-254
-59,1755,846,23,-312,-135
-49,1775,844,32,-40,-82
-45,1780,830,58,169,-146
-50,1762,826,238,387,-161
-50,1739,825,340,179,-166
-51,1742,842,176,449,-141
-55,1766,865,165,240,-31
-60,1780,857,109,145,-8
-61,1752,851,71,328,10
-58,1721,859,143,240,-18
-59,1727,859,121,334,-93
-66,1743,876,94,411,-108
-78,1742,868,247,155,-106
-75,1733,849,477,-86,-120
-58,1735,849,240,99,-96
-30,1741,858,109,495,-11
-20,1757,868,-131,597,-36
-37,1752,862,-133,333,-125
-65,1724,882,92,458,-105
-98,1714,872,409,48,-62
-95,1736,864,394,-256,-205
-75,1771,856,66,36,-463
-78,1783,831,86,177,-519
-76,1759,841,97,60,-338
-65,1741,846,240,-177,-145
-38,1745,841,213,-201,40
-4,1755,843,-6,-23,217
1,1759,856,11,626,159
-5,1752,854,92,698,210
-21,1748,854,45,954,224
-52,1750,860,131,660,123
-86,1759,860,218,146,33
-89,1766,842,121,-188,-36
-63,1764,840,209,445,23
-51,1762,844,197,789,95
-68,1765,844,124,773,65
-93,1760,835,17,242,-78
-106,1732,842,34,-173,-43
-85,1716,862,27,-230,-101
-44,1730,879,66,304,-24
-30,1751,877,92,610,-15
-54,1739,866,55,502,-91
-73,1715,863,-123,-57,-84
-59,1714,874,-37,38,27
-46,1734,891,41,283,120
-60,1736,885,59,214,53
-61,1730,885,193,29,13
-42,1743,865,418,465,27
-39,1758,832,220,471,73
-56,1765,845,206,501,-17
-81,1768,844,118,189,-142
-92,1763,846,130,-464,-127
-67,1753,860,230,-125,-46
-39,1753,848,217,106,-58
-26,1754,853,203,350,-45
-25,1753,852,88,107,-31
-21,1750,857,118,179,-30
-17,1746,864,133,551,19
-32,1745,855,40,550,11
-47,1745,862,40,415,53
-48,1740,866,84,444,30
-54,1735,872,36,309,-38
-63,1731,868,5,163,-52
-58,1737,855,94,-90,-41
-50,1747,854,23,255,-34
-48,1754,861,1,172,-24
-63,1750,855,-102,311,-142
-76,1733,854,-206,-67,-126
-74,1728,872,-157,-123,-107
-62,1741,867,-186,-153,-154
-61,1748,868,-125,219,-240
-59,1741,876,-92,-192,-127
-52,1737,871,-15,-29,6
-40,1742,880,-111,68,44
-44,1744,883,-142,-28,-15
-39,1742,879,4,-144,-18
-22,1739,865,92,-66,101
-23,1738,859,133,330,71
-33,1744,870,201,226,34
-39,1756,870,88,196,-1
-38,1752,870,302,185,9
-31,1738,868,377,409,56
-31,1735,870,354,51,20
-36,1738,878,209,122,-109
-33,1732,882,279,7,-53
-34,1731,886,377,297,-54
-29,1731,873,344,146,22
-22,1737,873,163,184,-30
-20,1741,877,143,224,0
-21,1729,885,331,347,67
-27,1731,889,146,503,65
-42,1739,882,255,475,-158
-68,1740,874,99,-89,-238
-62,1733,878,232,-458,-246
-24,1729,873,228,-20,-162
2,1732,873,194,567,-2
-3,1737,875,156,229,18
-22,1743,873,97,281,-43
-33,1743,871,198,-124,-98
-36,1743,867,176,273,-96
-28,1746,864,213,197,-163
-21,1751,868,129,484,-167
-38,1749,875,188,238,-177
-56,1740,874,65,13,-116
-48,1731,868,105,-338,-48
-12,1734,862,-161,-103,-17
11,1735,871,-384,374,78
10,1723,896,-553,366,157
-23,1715,927,-821,81,17
-95,1681,988,-1560,-1304,415
-143,1620,1025,-2973,-2634,562
-180,1507,1025,-4855,-3843,-120
-191,1355,1067,-6210,-4167,-553
-174,1226,1182,-6511,-4223,-17
-166,1170,1301,-6538,-4700,477
-151,1135,1413,-4716,-5070,1012
-145,1092,1430,-1590,-4120,2444
5,1085,1481,3030,-2452,3786
267,1189,1365,5873,-3783,4585
407,1427,1172,7540,5316,4806
232,1730,1198,9797,3684,5668
128,2112,850,9584,1778,4101
-118,2365,804,12523,2043,3385
-300,2406,634,14776,-5855,2779
-114,2446,386,17434,-9065,3372
378,2636,35,17842,-7346,2735
1049,2753,-175,14858,2016,-1841
1347,2545,-134,12566,12831,-5844
1003,2188,-36,12149,14927,-6288
357,1878,7,13054,8173,-3719
-193,1739,-33,14326,342,62
-314,1813,-61,13439,-3552,1652
-150,1933,-1,11246,-2228,832
69,1943,81,10349,-1583,-1140
320,1798,180,10171,-969,-1675
594,1711,288,9465,1691,-464
680,1873,501,8282,9252,1564
210,2129,519,7679,4775,3872
-546,2117,413,6419,-7913,1963
-983,1851,210,4929,-21353,-777
-587,1753,59,4650,-26641,702
389,1973,21,3333,-12958,1463
873,1923,116,1733,-1705,1992
467,1944,-25,-1202,-2294,1845
-42,1901,-352,-2308,-11333,1120
13,1898,-779,-1348,-14320,-922
711,1888,-1012,-617,-3970,-1540
1254,1858,-966,208,11867,503
936,1884,-845,126,18660,161
282,1863,-759,168,16179,-2364
-135,1867,-626,201,8749,-4150
-93,1890,-540,-26,4462,-3153
83,1902,-517,794,3689,-681
174,1985,-444,534,3421,1233
293,2096,-289,-1232,7301,2400
183,2188,-95,-2429,10780,885
-247,2236,101,-2890,6221,-1110
-501,2178,321,-1926,-5565,-627
-245,1989,420,-2045,-12020,477
354,1907,468,-3931,-4219,2917
874,1988,602,-6323,2555,4023
813,2069,634,-9914,11087,772
374,2044,571,-12761,9674,-2569
85,1817,473,-10692,1478,-3007
166,1681,347,-12805,-2633,-1517
474,1670,-42,-12626,49,627
729,1790,-163,-12853,10121,-340
662,1969,-6,-13545,18724,-3650
339,2068,-153,-15288,14672,-6589
60,2071,-343,-18515,5366,-6371
-152,1909,-462,-15702,-7059,-3566
-151,2010,56,-7889,-11836,2108
131,2446,246,-12614,-4185,5136
203,2587,546,-10785,4373,1391
60,2274,636,-8724,-15,-3412
-103,1738,632,-8962,-4128,-6147
-76,1380,926,-5606,-1516,-4664
67,1467,1146,-4628,3626,-1556
43,1718,1191,-3553,6252,-581
-220,1769,1152,-1555,-1423,-236
-305,1699,1099,244,-6446,-802
-96,1674,1076,835,-5504,-729
230,1757,1111,2152,378,228
305,1837,965,1600,6356,907
87,1796,942,1560,5816,554
-121,1730,925,1934,2491,-89
-212,1731,853,1979,-372,-459
-216,1759,846,2311,-795,-532
-159,1735,807,2623,-916,376
-69,1711,741,2385,-805,819
-24,1674,705,2621,-113,364
-20,1629,794,2320,-174,-215
24,1687,1004,2046,-676,-446
59,1785,988,1814,270,-1012
3,1737,957,1067,-555,-875
-8,1598,936,1120,-1890,-569
88,1564,895,750,-1086,-233
161,1625,910,479,-474,-17
197,1668,924,710,-902,-61
272,1689,911,405,-160,27
303,1704,908,410,1573,295
265,1713,908,-272,2793,180
167,1721,894,-496,3808,-229
-23,1720,861,-506,2745,-544
-168,1701,838,-49,-722,-448
-144,1718,838,170,-1955,-261
-32,1775,835,221,-1692,-138
86,1824,829,-216,30,-225
139,1823,831,-171,1813,-289
82,1784,815,-506,2397,-298
-28,1735,841,-388,1474,-375
-106,1715,853,-262,-329,-408
-94,1734,847,-198,-1598,-215
-13,1766,845,-320,-1005,-117
66,1797,827,-540,165,-151
93,1807,811,-328,1444,-152
40,1788,816,-307,790,-24
-38,1752,835,-177,144,-57
-85,1745,846,66,-660,4
-69,1769,852,197,-1041,-107
-26,1780,834,127,-1017,-210
50,1785,848,203,-235,-244
86,1788,831,247,687,-147
61,1778,842,137,827,6
15,1763,836,160,5,-6
1,1746,845,224,-669,9
27,1743,854,104,-785,103
59,1744,866,63,91,168
69,1743,859,64,391,158
53,1746,860,168,53,151
47,1749,840,174,115,107
42,1757,848,30,374,86
26,1762,863,100,355,63
4,1751,862,118,-219,38
7,1731,870,271,-410,31
30,1724,865,260,-997,-109
57,1733,874,332,-365,-9
80,1745,882,316,96,10
64,1743,882,283,410,-206
32,1735,882,696,32,-360
18,1733,870,425,-438,-424
45,1736,861,373,-915,-259
106,1744,860,368,-75,-58
128,1742,847,551,163,9
115,1741,868,358,915,-20
76,1741,864,415,683,-204
53,1739,852,331,544,-263
47,1747,863,263,403,-325
36,1757,854,147,308,-267
53,1753,849,276,-6,-26
88,1748,841,161,284,157
94,1750,840,189,295,141
73,1759,844,225,247,160
70,1766,842,203,225,165
76,1769,844,174,690,140
86,1770,839,261,836,42
74,1766,835,289,1090,-8
43,1765,842,243,796,-4
27,1762,836,201,383,128
35,1763,835,250,440,-2
32,1768,830,151,451,-134
25,1761,840,133,398,-203
23,1757,844,27,442,-227
27,1754,842,214,85,-72
48,1752,847,156,13,-106
62,1752,843,-48,464,-121
69,1753,839,184,224,-17
64,1755,840,219,440,0
47,1761,843,164,450,-44
45,1764,838,161,265,-61
44,1758,843,380,727,-46
21,1751,847,303,267,-117
21,1747,840,314,-242,-161
40,1759,841,186,396,-184
46,1754,849,88,253,-141
51,1739,855,0,287,-52
63,1738,855,137,531,-139
57,1749,864,74,529,-87
36,1745,860,195,316,-54
36,1736,846,378,-131,133
48,1739,857,195,334,29
51,1758,859,76,381,-49
38,1768,858,3,669,-110
20,1754,844,159,407,-174
10,1742,829,151,-100,-132
25,1752,835,179,-106,-101
45,1768,845,190,243,-54
54,1771,847,216,432,-27
52,1762,838,216,353,3
40,1749,839,288,268,-13
29,1746,853,271,69,-45
27,1746,868,155,325,-116
29,1742,864,106,14,-172
39,1744,855,114,-37,-241
47,1747,844,126,-70,-186
60,1753,853,85,319,-179
61,1753,845,110,251,-76
67,1746,850,247,453,65
60,1746,850,287,297,15
46,1750,846,12,121,-28
36,1752,856,46,241,-157
43,1759,846,67,209,-225
47,1758,832,104,63,-108
53,1760,838,47,25,-49
66,1767,838,117,408,-18
67,1772,830,170,317,62
59,1770,841,150,609,9
55,1764,835,151,388,85
69,1767,836,122,415,204
65,1771,834,142,695,184
37,1765,841,163,621,64
21,1756,840,147,344,-93
19,1748,844,250,95,-168
30,1740,846,231,29,-81
44,1745,852,190,320,-58
59,1763,853,110,548,-8
61,1761,848,238,581,-50
43,1743,847,115,695,-104
5,1739,855,58,205,-233
-25,1746,862,70,-249,-424
-13,1744,858,144,-675,-300
35,1735,857,39,-586,-131
94,1733,852,385,163,-6
100,1750,866,669,539,148
57,1765,843,453,196,148
34,1765,825,-63,-457,13
57,1751,842,-84,46,5
87,1737,848,-111,634,-4
83,1737,852,-22,618,5
76,1750,849,65,486,166
71,1770,840,-64,459,136
55,1777,839,-134,752,169
31,1759,843,-97,609,132
16,1738,850,-24,404,-39
5,1735,854,173,-29,-129
10,1752,864,166,-6,-156
37,1762,858,139,-32,36
67,1754,863,-18,299,63
71,1736,860,-173,535,21
56,1716,874,-293,495,21
31,1697,882,-469,33,9
29,1680,904,-476,-245,144
17,1671,923,-898,-72,197
0,1666,941,-1430,-1224,368
16,1674,946,-1959,-1333,287
11,1657,966,-3123,-1603,247
-21,1609,1015,-4318,-2795,-13
-74,1543,1064,-5702,-4475,-346
-126,1445,1096,-6436,-4907,-699
-186,1299,1089,-5995,-3661,-30
-183,1092,1159,-2715,-4992,1497
1,904,1163,678,-3424,2038
288,970,1407,4117,-2942,3175
510,1432,1343,9784,1706,4846
275,2053,996,7490,1126,6139
47,2312,1061,9663,-394,5555
-85,2299,1004,11439,-1712,2497
-171,2282,767,14799,-6894,1331
71,2441,291,16474,-11945,933
775,2687,-45,14182,-5024,-1064
1430,2695,-56,12410,10215,-4885
1314,2383,59,11589,16851,-5927
621,1978,162,12351,13619,-5250
-290,1735,127,13417,2981,-3433
-880,1811,71,13687,-9456,-2959
-849,1983,-94,13711,-21887,-2969
-166,2054,-294,13618,-25439,-1933
916,1941,-214,11657,-14052,-409
1817,1746,-4,9746,4548,-437
1965,1711,197,9840,20229,-32
1099,1879,317,10368,21759,2310
-417,2036,298,9128,4822,2383
-1416,1968,431,7540,-15339,-313
-1313,1855,403,6344,-23700,-48
-492,1948,389,2864,-24366,585
618,1919,381,-32,-7793,210
1105,1808,398,-2106,3379,3195
675,1801,-39,-3384,2832,4121
204,1803,-569,-2685,-3656,153
316,1950,-908,-1717,-1389,-1236
644,2040,-1052,-1695,7484,-360
531,2031,-1117,-1524,11691,-167
169,1974,-1096,-290,10245,-1809
7,2002,-1016,312,8300,-3013
106,1995,-801,1059,9190,-2481
195,1942,-591,1567,11137,-1872
124,1909,-374,1316,8413,-1234
-25,1893,-151,745,5661,-451
-193,1974,69,-79,-155,308
-123,2085,319,-1688,-4460,1790
208,2085,418,-1519,-3547,2585
484,2049,390,-3202,962,1780
496,2024,309,-2385,1785,508
264,2080,185,-3057,398,-126
-64,2055,266,-4217,-1957,-225
-73,2008,409,-6781,-6164,520
314,1967,421,-7814,-4592,1216
776,1962,367,-11863,2499,83
940,1818,111,-12331,12549,-3157
768,1742,158,-16170,18408,-4359
512,1779,339,-16673,16797,-4286
403,1808,297,-17617,16892,-5376
235,1723,0,-16536,6776,-4977
-89,1670,6,-16803,2287,-2597
-151,1736,-61,-12019,-9847,450
61,2149,37,-16539,370,1967
150,2487,287,-13427,5340,527
-310,2463,648,-10016,3533,-1180
-688,2149,600,-6964,-8331,-1893
-669,1832,812,-2798,-11423,-2677
-279,1805,809,-2804,-10300,-2647
141,1937,893,-2229,-2762,-1929
329,1965,1005,-1269,4530,-1612
161,1797,1036,274,4664,-1038
-63,1608,1037,2175,-1365,-731
-82,1566,959,3040,-5232,-401
94,1684,976,3104,-3674,-398
308,1803,934,2637,618,-633
405,1845,869,1346,5558,-1326
314,1782,782,871,6056,-864
154,1679,754,955,5362,-464
4,1645,777,523,2343,319
-91,1695,842,281,926,386
-163,1750,900,-155,-231,-404
-192,1712,906,225,-1270,-501
-152,1652,905,157,-1643,-948
-36,1632,903,-20,-1775,-1017
108,1671,931,-331,256,-830
163,1721,911,-542,1435,-507
118,1726,948,-324,1465,-436
59,1696,944,322,653,110
16,1705,925,243,1202,327
-19,1720,909,669,514,-37
-30,1696,910,597,260,81
-10,1674,929,506,55,422
55,1696,922,629,786,730
58,1731,896,376,2271,611
-53,1743,872,429,1776,177
-114,1744,848,601,326,88
-102,1762,839,432,537,-243
-96,1772,831,179,422,-293
-91,1756,847,146,-73,-183
-90,1730,854,263,-598,-119
-70,1721,878,256,-826,-195
-24,1734,856,269,-638,-104
41,1757,826,222,-145,196
92,1764,845,299,364,479
87,1760,854,256,642,501
54,1752,867,394,896,270
22,1744,859,532,547,90
-12,1747,867,611,256,-98
-33,1752,852,360,-27,-285
-21,1761,849,203,110,-413
1,1757,851,263,416,-255
-7,1745,852,195,61,-149
-16,1736,850,412,-466,-139
15,1737,854,416,-725,105
46,1738,879,426,50,77
47,1743,865,293,56,16
33,1756,838,147,429,-188
8,1761,834,130,84,-342
-2,1756,845,87,100,-421
14,1741,845,10,-77,-259
34,1743,846,33,124,-128
53,1757,838,25,148,10
59,1777,826,21,599,-47
50,1785,824,-91,706,-40
46,1774,817,209,710,154
47,1763,830,311,732,443
35,1761,836,260,995,263
-4,1759,847,84,978,47
-36,1745,862,121,425,-207
-52,1748,856,107,305,-300
-49,1756,837,200,-119,-279
-29,1759,838,201,-101,-144
-12,1763,846,77,-86,-180
-10,1757,862,-22,61,-299
-23,1751,860,100,-130,-298
-8,1749,840,222,-139,-110
13,1751,845,216,2,-42
32,1755,843,70,100,-20
47,1766,833,111,17,106
62,1767,836,246,371,156
55,1766,836,218,994,7
19,1757,837,339,953,-33
-6,1761,834,121,454,-32
-20,1761,837,149,293,-196
-27,1752,841,61,-126,-205
-2,1751,846,119,304,-71
23,1756,844,99,278,201
29,1755,860,-2,414,210
17,1738,868,-49,288,30
7,1725,865,-53,300,-13
-13,1720,866,28,473,-28
-24,1724,865,171,274,-89
-15,1737,859,174,-96,-199
-4,1756,864,94,52,-178
1,1766,858,150,-13,-162
-4,1749,857,62,372,-117
-25,1725,873,44,-228,-219
-38,1717,883,101,-438,-471
-37,1737,869,149,-893,-632
0,1760,856,91,-349,-623
29,1761,847,68,-212,-425
42,1758,856,56,51,-542
37,1750,846,11,-166,-364
52,1741,857,132,-114,-108
60,1740,864,210,243,-133
59,1747,854,142,204,-138
67,1751,848,100,285,-59
75,1755,854,123,793,-4
49,1756,846,118,933,-13
28,1750,846,190,579,16
30,1753,853,42,629,145
23,1759,848,168,625,55
-3,1757,855,22,603,-17
-16,1755,844,79,147,-58
-9,1757,835,69,348,24
-3,1759,839,-59,528,139
-22,1762,847,-101,600,93
-29,1772,848,73,-59,139
-24,1772,835,67,88,101
-25,1759,839,44,-51,12
-5,1746,839,328,428,-29
13,1758,859,233,742,-8
-3,1770,851,86,615,-57
-15,1753,848,178,382,-137
1,1728,849,325,-134,93
23,1733,860,238,409,103
31,1756,864,211,682,3
17,1763,860,200,710,65
-17,1741,856,401,535,111
-32,1724,855,244,272,-12
-19,1736,856,232,-60,-121
10,1757,863,173,43,-78
13,1764,862,106,300,-146
3,1750,857,64,59,-103
18,1742,848,137,13,120
26,1745,848,116,123,146
26,1746,859,162,246,-1
28,1746,855,-15,409,10
22,1748,855,260,705,-19
5,1749,856,352,265,46
-6,1760,849,261,70,-2
3,1764,835,107,-98,-9
17,1749,844,130,-41,21
35,1735,854,243,276,162
43,1735,862,338,522,203
39,1751,869,309,406,38
32,1755,853,69,519,35
20,1746,860,57,481,78
9,1721,881,-13,361,-125
25,1723,896,181,340,-173
37,1750,864,-18,411,-120
37,1756,859,84,599,-89
27,1755,831,-2,471,-37
23,1752,836,28,624,28
0,1759,854,38,525,12
-27,1759,856,11,-151,-34
-28,1748,860,240,-345,-120
-10,1753,849,279,-45,-188
14,1757,854,283,212,-247
33,1754,843,218,402,-113
49,1742,857,235,366,199
47,1750,868,110,621,137
21,1758,861,66,713,23
-11,1741,866,16,350,-80
-25,1718,867,209,6,-96
-7,1718,860,339,-283,-54
18,1737,861,321,-63,147
48,1763,870,88,277,279
45,1781,868,0,954,49
20,1755,863,-94,601,21
-3,1703,871,314,256,155
13,1687,876,386,-193,247
54,1743,890,338,550,246
54,1806,861,108,979,63
28,1807,809,56,459,71
29,1767,803,241,564,171
27,1755,801,127,933,23
11,1767,811,74,496,-76
-11,1762,854,59,257,-9
-26,1746,870,226,-269,23
-11,1732,858,104,-306,-67
27,1727,861,124,89,-134
49,1723,870,-52,576,-96
42,1717,892,131,276,-66
33,1728,889,78,369,38
25,1740,894,124,429,125
7,1733,884,70,-93,-35
8,1724,885,250,-313,-85
25,1728,890,155,-176,35
48,1734,880,171,390,15
60,1743,861,189,475,17
54,1757,854,130,852,-112
27,1762,844,86,554,-119
3,1756,841,-19,58,-145
-1,1748,850,-77,-273,-64
5,1736,863,-129,-337,-122
30,1714,864,-281,-234,-100
62,1683,900,-552,-18,-25
80,1644,955,-861,-121,20
52,1604,1032,-1692,-771,459
-15,1550,1068,-3469,-2039,455
-86,1454,1107,-5156,-2732,-54
-122,1332,1166,-5841,-2482,-398
-156,1213,1246,-5619,-1784,-263
-210,1126,1379,-3380,-1880,851
-183,1145,1423,-1497,-1009,1815
-92,1209,1408,3698,-2055,2429
-53,1363,1287,5836,-2736,4040
-7,1519,1081,9008,-5861,5807
100,1802,1048,10058,-3283,5266
210,2212,735,9878,-321,4024
71,2510,636,12347,-753,2180
44,2551,359,14307,-6269,1650
391,2543,105,15485,-4786,2171
951,2589,-87,13179,4213,-621
1183,2499,-76,11510,12853,-4039
905,2223,41,11602,12977,-4448
379,1917,96,12837,8847,-2486
-167,1843,23,15775,2262,1467
-428,2118,-220,15139,-1785,2710
-433,2366,-265,11740,-6506,-1749
-122,2194,-58,9392,-7863,-4521
474,1708,160,10359,-6110,-2551
1096,1492,341,10082,1163,824
1353,1651,562,11808,7662,3388
828,2000,569,10150,12254,4697
-308,2091,559,7256,-766,2167
-1302,1775,498,4737,-19803,-639
-1068,1694,360,3911,-31657,-198
179,1992,272,422,-18394,1447
1152,1960,231,936,-988,1388
930,1903,-47,-235,2954,2659
398,1841,-386,-903,-496,793
206,1939,-697,-1272,-2710,-428
333,1927,-903,-1127,1127,-464
459,1952,-980,-600,7387,-710
359,1964,-978,326,10783,-1373
173,1954,-912,566,10300,-2661
138,1933,-843,1291,10654,-3092
188,1945,-683,1446,11153,-2858
144,2004,-561,1543,9892,-1080
-102,1989,-339,1902,6012,-94
-276,2028,-233,1668,-1535,-307
-140,2026,-62,641,-2868,875
217,2025,107,-528,-1051,1824
461,2070,217,-2798,4513,1319
385,2125,330,-4022,2374,1226
202,2128,444,-4505,-2246,1258
117,2075,506,-5686,-3187,579
259,1981,587,-6564,-1983,201
453,1953,519,-8557,-891,925
472,1958,480,-12040,1153,-1000
452,1844,427,-14307,-555,-2405
402,1680,-46,-11340,3287,-2034
307,1674,-137,-8936,4675,-1221
504,1887,17,-6839,8604,-1735
582,2212,-34,-13931,16895,-4565
434,2250,-213,-18490,9917,-5755
194,1794,-363,-15399,2254,-6963
64,1525,72,-7418,-11028,-3248
388,1899,-130,-8471,-3804,3972
740,2680,207,-11605,13132,4356
425,2815,252,-13738,20458,-271
-441,2283,436,-10411,8809,-4446
-1010,1554,461,-8258,-7683,-6234
-936,1293,738,-5713,-9726,-5135
-583,1579,855,-5914,-3327,-2524
-490,1943,1111,-2702,-631,-905
-644,1974,1197,415,-5193,-325
-612,1741,1207,4767,-12628,390
-199,1635,970,5038,-16346,586
387,1706,885,4890,-9574,-734
896,1831,879,3302,2769,-2469
1017,1833,840,1492,11736,-2510
729,1703,771,708,14710,-1107
245,1585,795,784,10542,785
-164,1553,811,1456,2092,1739
-346,1638,762,231,-3362,1333
-297,1747,751,380,-5010,798
-144,1808,769,-359,-3064,131
2,1813,790,-1533,841,-671
11,1776,795,-1377,2965,-1181
-161,1738,816,-1545,746,-1458
-281,1690,821,-337,-4654,-1110
-168,1693,851,385,-6565,-403
87,1771,878,892,-4586,-26
282,1855,840,632,-433,-33
348,1859,830,440,1971,-297
295,1806,821,111,3651,-609
169,1776,805,295,3330,-399
47,1789,764,603,1681,147
5,1819,730,408,273,851
53,1831,733,190,339,1425
126,1824,729,42,1049,1523
166,1811,754,129,2485,1097
114,1794,786,-56,3872,413
-36,1772,802,9,3189,22
-182,1759,822,-22,1845,-312
-293,1758,825,-18,-444,-883
-289,1751,801,137,-2703,-798
-155,1754,807,296,-3125,-518
-2,1773,812,219,-1529,-340
105,1780,819,128,-473,-129
145,1765,830,-110,951,-118
97,1746,859,-129,1150,-238
34,1750,847,142,459,-276
-4,1756,824,39,-356,-119
-2,1760,827,131,-242,-105
22,1770,823,88,149,-35
52,1810,836,131,541,112
54,1844,787,125,951,2
15,1831,771,-26,1160,-101
-19,1794,772,260,545,53
-13,1776,771,362,94,22
-7,1771,775,442,383,9
-29,1763,808,465,666,46
-46,1766,810,573,-87,32
-40,1762,797,308,-620,-186
-22,1732,809,328,-744,-231
14,1724,847,417,-174,-171
22,1756,837,350,430,-147
-12,1767,835,88,-174,-284
-29,1748,829,-122,-814,-387
-7,1727,839,30,-1237,-399
15,1730,857,-124,-898,-315
58,1738,874,-97,-795,-113
92,1754,858,-116,-166,26
99,1755,839,224,145,152
98,1754,828,12,400,90
95,1769,818,155,605,-74
82,1794,822,4,952,91
54,1803,813,212,861,192
9,1794,791,181,279,149
2,1786,781,325,131,56
34,1801,770,337,159,108
49,1809,779,347,837,51
23,1799,785,90,762,-55
-7,1784,800,58,343,-33
-22,1775,785,67,-277,-139
-21,1761,810,-8,-183,-250
2,1754,833,151,60,-247
18,1748,838,-20,-172,-45
25,1729,854,24,-291,7
48,1728,856,165,-44,57
57,1753,846,93,1075,-204
8,1757,824,-45,469,-454
-30,1753,832,-46,-256,-523
-20,1762,833,91,-542,-447
22,1776,809,44,-458,-251
45,1776,807,34,-30,44
65,1777,815,267,8,14
76,1791,797,76,-110,-36
83,1790,821,85,480,9
71,1776,833,90,535,-153
49,1759,832,291,114,-99
62,1759,822,553,-243,-9
100,1774,807,240,406,98
114,1778,806,144,1263,48
82,1776,818,25,1419,-10
29,1768,819,21,673,-86
-2,1761,816,222,-183,-19
-3,1768,820,261,74,-146
5,1777,809,14,-73,-217
34,1782,815,107,220,-88
71,1784,813,115,638,1
57,1780,812,11,1008,-158
18,1767,822,33,590,-205
11,1764,817,-52,-117,-99
35,1763,818,7,141,36
53,1765,820,111,617,67
56,1775,830,352,1059,172
42,1787,833,390,629,260
49,1789,818,438,760,193
57,1789,803,331,1549,51
21,1783,801,185,1638,122
-30,1772,809,243,949,176
-46,1762,806,406,86,158
-28,1771,818,260,130,71
-10,1776,821,206,342,-3
1,1777,814,248,594,-31
-12,1773,795,247,109,-105
-18,1757,801,146,-230,-134
6,1748,823,43,30,-61
23,1750,827,312,-453,-115
33,1755,842,157,-171,-172
48,1757,843,64,122,-114
57,1762,834,2,190,-7
46,1756,822,7,567,68
16,1753,825,26,3,-55
-1,1756,831,53,-434,-148
4,1767,839,108,-283,-224
31,1770,813,249,-371,-95
49,1766,832,154,251,-90
51,1763,829,89,228,5
41,1767,830,119,40,-37
36,1758,831,163,22,-77
39,1750,832,71,91,-64
45,1762,821,337,380,-70
50,1783,811,107,314,77
26,1788,817,217,362,-119
3,1776,804,203,-386,-225
19,1773,808,185,-10,-173
23,1782,807,58,111,-386
6,1777,805,134,75,-428
7,1762,811,213,-590,-300
42,1754,813,42,-638,-200
80,1763,823,-74,-5,-65
84,1761,834,-71,299,-146
49,1750,841,-115,263,-150
24,1752,851,214,-545,-53
44,1765,827,196,-441,-26
79,1778,819,126,155,51
89,1778,824,262,615,58
72,1769,821,108,541,-43
47,1761,819,176,423,-7
11,1770,829,144,349,-25
6,1781,811,349,-412,-36
32,1792,804,216,-84,-148
54,1789,807,187,497,-86
58,1767,811,292,89,77
60,1760,823,258,367,27
57,1775,820,217,548,-89
44,1779,823,230,393,-99
39,1763,821,120,133,-124
44,1755,816,61,389,-54
49,1757,821,108,424,-110
47,1762,831,47,242,-135
45,1762,836,99,57,-115
46,1761,823,55,246,-226
44,1760,828,16,34,-165
47,1777,831,-13,170,-228
37,1794,817,51,211,-314
4,1782,805,83,-3,-315
-5,1763,812,262,-811,-222
27,1763,814,358,-665,-163
60,1775,810,272,-361,-144
91,1769,813,98,-193,-15
123,1762,825,160,212,145
127,1761,830,156,980,133
101,1759,835,292,1092,91
57,1751,849,255,1164,102
8,1745,851,238,401,23
-14,1739,847,287,-377,-152
8,1745,824,223,-303,-233
31,1766,822,125,-43,-152
41,1781,817,152,223,-177
45,1775,812,136,302,-88
39,1764,834,104,-164,-97
39,1757,830,-38,-206,-130
48,1758,832,38,-338,-112
75,1752,835,-46,-85,79
91,1746,840,-173,96,210
96,1738,867,-524,532,277
67,1729,910,-1130,318,191
-7,1700,956,-2175,-1208,67
-108,1643,983,-3689,-3921,239
-182,1526,992,-5224,-6558,94
-168,1372,1043,-6297,-7113,-296
-63,1221,1145,-6531,-5172,-99
46,1141,1301,-6108,-3147,491
52,1155,1500,-3553,-1649,1112
-5,1198,1484,918,80,1852
72,1208,1356,5427,-2159,2112
220,1198,999,8663,-1807,3418
245,1268,716,7607,-1752,6547
415,1803,1083,12143,-4913,7832
504,2712,587,9953,7652,5435
79,2973,669,12698,4188,2508
-130,2601,392,14631,-3470,1267
130,2410,155,16347,-2452,1426
455,2647,-77,13645,962,-2474
607,2701,-81,12020,4160,-7891
531,2361,-46,12223,1865,-7733
351,1981,-48,13991,-1541,-3917
227,1886,-110,14632,-3315,-344
177,1958,-127,14067,-3308,434
239,2011,-121,12989,-4515,-348
377,1951,-92,11832,-5939,-2256
473,1739,67,12213,-3721,-2820
607,1607,221,11420,-951,-384
624,1747,466,10738,1730,2249
334,2049,578,8097,-3489,2360
-17,2166,581,5404,-10114,1146
-299,1899,649,3950,-14311,334
-339,1764,688,2312,-17184,1524
-113,1940,622,-3421,-18462,1905
280,1830,334,-5040,-13741,2116
586,1856,-147,-5080,-10873,2449
816,1803,-756,-1894,32,1955
769,1899,-1024,-875,3395,1237
567,2054,-918,-2064,8666,476
147,2006,-848,-2597,7746,281
-126,1945,-963,-1726,4888,-1787
20,1978,-1074,46,6676,-3118
380,2075,-983,1044,12540,-2773
411,2048,-731,1476,18355,-2381
55,1978,-509,1490,13967,-2318
-200,1915,-360,1378,7179,-1465
-253,1851,-235,2300,2064,-480
-82,1911,-232,3217,92,980
134,2014,-143,1784,3339,1578
299,2135,60,346,4343,878
507,2132,238,-916,-1108,428
682,2147,497,-5720,3814,730
480,2058,671,-7165,10068,-48
121,1887,747,-5829,3537,110
-5,1782,584,-8732,-1605,1801
178,1764,671,-14276,-1981,811
489,1762,583,-14845,-2,-1119
667,1695,231,-15441,6011,-770
666,1603,51,-11668,7084,6
759,1666,-34,-11036,8023,-247
806,1903,-373,-8729,13302,333
579,2393,-409,-13126,15170,-1816
189,2675,-447,-13791,11252,-4251
-135,2607,-355,-11904,1904,-2340
-239,2385,-139,-11429,4695,-178
-407,2224,-4,-10819,-846,-2
-557,2149,312,-9046,-5505,-1479
-451,2088,473,-7768,-8464,-2195
-183,1975,632,-6410,-9758,-2689
172,1908,797,-5078,-5341,-2857
411,1883,863,-4512,655,-2722
422,1836,983,-2267,1119,-2566
362,1798,960,-1387,610,-2056
325,1752,968,-323,177,-1475
345,1715,957,-347,1769,-1347
306,1647,990,-283,3775,-1353
169,1564,1043,135,3848,-992
49,1520,1035,883,1684,-1061
-12,1538,1012,831,1428,-1584
-42,1591,999,476,1270,-1829
-84,1621,1027,510,1090,-1749
-127,1609,1021,393,-179,-1357
-134,1601,1001,295,-765,-973
-125,1576,1005,149,-1099,-800
-83,1554,1010,17,-1373,-739
4,1549,1025,114,-1737,-419
112,1569,1040,385,-215,-92
133,1609,1025,-62,1618,16
65,1646,1004,94,2322,147
-14,1669,978,-24,2375,228
-70,1688,939,68,1466,189
-83,1726,908,472,496,569
-53,1781,865,770,551,676
-45,1811,840,550,1009,685
-59,1810,848,709,1380,449
-86,1795,828,511,1491,95
-151,1763,841,272,944,-516
-210,1729,859,271,-197,-833
-186,1739,855,726,-1233,-760
-128,1763,838,313,-1744,-627
-43,1765,847,169,-1398,-472
49,1747,842,3,-476,-111
90,1706,852,238,-51,66
98,1675,877,263,380,348
103,1700,889,632,722,685
73,1757,876,298,1418,576
0,1762,849,120,798,325
-32,1726,845,362,278,141
-24,1716,852,766,-360,115
-8,1746,864,702,361,202
-4,1781,867,643,-28,224
12,1783,843,505,-182,233
21,1751,845,431,141,41
5,1718,870,265,307,-390
-33,1728,882,387,-302,-693
-14,1738,879,391,-1017,-381
25,1725,879,33,-944,-170
60,1714,880,-83,-606,-195
90,1718,894,-156,263,-191
79,1718,892,-365,469,-174
46,1713,896,-287,354,-259
36,1723,864,-268,-37,-58
51,1743,872,-87,54,151
33,1764,865,-102,92,124
7,1758,870,-64,131,37
-3,1748,869,58,-43,-217
-3,1751,867,31,14,-345
-5,1755,870,224,286,-430
-22,1757,863,317,-343,-471
-31,1748,859,154,-931,-468
-5,1734,869,320,-742,-420
37,1725,881,151,-266,-422
60,1725,892,138,119,-590
44,1715,889,-106,206,-617
30,1704,885,-184,-418,-650
30,1704,905,-317,-95,-466
33,1709,903,-187,-281,-340
41,1717,899,-223,-685,-212
64,1725,901,71,-445,-54
99,1740,888,-155,143,76
119,1755,883,71,1245,94
85,1756,877,18,1175,246
27,1749,884,208,1041,178
-25,1742,880,255,370,-60
-33,1744,871,472,-29,-202
10,1756,857,463,154,-97
55,1764,853,373,786,61
81,1763,852,237,1204,256
70,1756,868,151,1672,197
2,1740,870,128,1479,-59
-64,1718,872,202,199,-179
-52,1706,881,157,-210,-119
1,1714,898,35,379,-124
27,1716,907,-135,1018,-126
33,1701,903,18,336,100
48,1701,896,111,440,300
50,1712,896,85,953,546
39,1731,906,144,1479,394
-5,1735,900,118,1043,124
-41,1741,896,298,533,-55
-48,1759,859,336,-97,-90
-25,1776,847,326,74,36
1,1781,839,387,269,176
7,1774,851,292,289,9
11,1764,865,322,494,-140
10,1762,856,349,268,-232
11,1756,841,304,175,-177
19,1750,848,255,266,-23
37,1747,853,84,349,16
38,1745,866,18,637,-24
24,1748,873,79,559,-15
-3,1741,878,255,404,18
-21,1726,888,301,111,64
-8,1716,880,376,-97,-7
12,1723,880,195,457,-132
6,1727,881,160,459,-184
-1,1729,868,607,697,-119
-16,1737,852,470,177,27
-35,1740,862,305,-96,-12
-26,1746,880,355,-378,-164
15,1760,866,370,5,-177
22,1756,847,289,302,-158
19,1737,837,348,125,-82
28,1735,840,530,417,108
9,1752,864,301,252,-40
-4,1765,857,239,-26,-197
-2,1767,850,378,-128,-286
-11,1751,861,190,215,-387
-31,1748,865,160,176,-613
-47,1748,849,101,-904,-572
22,1739,859,139,-694,-182
81,1746,863,-108,220,78
79,1752,864,27,441,76
54,1736,879,205,529,0
29,1719,880,97,148,-19
15,1715,877,86,62,-64
22,1735,876,-95,496,-112
18,1752,860,32,-45,-16
20,1747,871,42,117,-95
24,1744,865,120,711,-39
14,1746,863,187,551,100
8,1744,876,73,336,161
-9,1745,873,158,76,-51
-18,1745,867,-9,-101,-22
-9,1734,867,258,-264,12
5,1732,872,343,87,-75
21,1744,873,274,94,-103
36,1756,871,297,853,-91
23,1754,862,230,439,41
-9,1737,858,156,28,-80
-13,1730,864,184,-52,-95
-8,1735,871,408,145,-238
-18,1736,869,183,50,-448
-19,1738,871,140,-146,-471
-8,1739,856,40,-617,-200
21,1731,873,389,-513,-26
52,1739,869,356,-216,0
60,1751,869,44,369,18
53,1741,865,179,244,44
39,1733,861,131,77,28
33,1742,857,205,330,-32
22,1752,867,79,147,-90
11,1753,867,184,189,-115
10,1741,857,187,-386,-60
39,1741,860,147,-86,-10
57,1755,857,23,471,-6
35,1759,861,101,558,-134
14,1744,850,-55,43,-156
19,1730,870,-1,56,-122
27,1732,875,223,-83,12
27,1741,878,165,-120,5
35,1744,875,126,124,-40
38,1746,864,153,107,-49
48,1741,865,113,315,-7
53,1736,864,209,595,-76
39,1743,862,181,232,19
29,1756,858,135,388,-69
13,1759,857,84,448,-88
1,1745,859,-28,-38,-108
15,1729,868,-193,-49,-211
28,1718,872,-401,-110,-198
36,1706,891,-550,116,-158
28,1685,922,-864,-22,-234
7,1653,982,-1561,-909,-349
-46,1602,1038,-3319,-2851,5
-99,1508,1061,-5376,-4975,2
-103,1357,1098,-6747,-6315,-141
-26,1205,1181,-7079,-5091,207
48,1091,1305,-6057,-3420,1525
61,1051,1429,-3324,-1233,2949
175,1089,1489,899,-493,3943
288,1219,1503,5165,489,4061
307,1381,1174,7445,3145,4722
105,1559,1071,8568,1530,6129
82,1913,993,9747,-1568,6307
-26,2414,838,11063,2953,4273
-295,2623,660,13729,-2735,1856
-285,2582,345,16976,-10289,1847
227,2654,-22,16933,-9065,1751
999,2776,-153,15039,709,-2371
1407,2622,-83,13437,12115,-5919
1144,2244,37,13341,16082,-5654
381,1843,68,13732,13470,-3598
-534,1693,-54,15402,2352,-1591
-1153,1906,-256,14209,-11637,-1371
-1023,2092,-217,11924,-24153,-1371
-165,1988,-122,9896,-23019,-1218
974,1750,132,8737,-10229,-391
1736,1548,544,10487,4284,690
1591,1696,377,9056,7835,2287
587,1976,350,8362,9224,2239
-600,2022,439,6608,-15627,1730
-950,1830,377,5704,-29610,281
-326,1911,331,3455,-26458,-339
579,2062,124,2546,-15070,-396
918,1965,42,1241,-6076,1251
660,1894,-173,-16,-3685,1865
321,1818,-422,-1415,-6660,771
377,1852,-624,-1052,-4072,-172
529,1859,-784,-666,1199,-505
508,1947,-890,-599,5669,-441
414,1951,-892,-853,8100,-448
273,1885,-868,-282,11430,-708
93,1942,-838,248,13271,-1722
-171,1953,-765,1117,9768,-2656
-287,1955,-660,1264,2508,-3190
-120,1955,-530,1550,-588,-1594
163,1956,-402,1500,140,446
406,1949,-229,514,4398,1382
540,1994,11,-1472,8810,1433
443,2141,227,-2890,10847,351
224,2195,241,-2206,6387,343
169,2075,263,-3910,3615,817
186,1983,420,-6778,5555,-135
95,2020,667,-6881,3802,419
78,2078,767,-9833,-877,2246
213,1990,754,-12749,-3992,2236
503,1765,531,-13339,-1728,658
674,1544,230,-15356,10054,-980
631,1455,-38,-15211,9797,-2181
712,1637,40,-11676,12112,-3075
849,1933,-320,-11738,13743,-2057
641,2191,-513,-15362,12483,-2343
398,2156,-577,-19240,4937,-2253
296,2184,-259,-12753,374,-2462
255,2521,-12,-11674,6125,2073
-16,2678,212,-11138,10125,5016
-499,2352,428,-10068,4008,1433
-829,1846,692,-8563,-8804,-3161
-683,1470,886,-5580,-13532,-5445
-203,1480,1052,-2620,-8925,-4318
318,1807,1040,-1297,52,-1072
484,2099,1014,-175,5048,1092
281,2098,953,438,5272,728
37,1857,949,1718,923,-113
-28,1641,953,2572,-469,-883
23,1631,936,2515,496,-998
89,1738,905,2488,1921,-991
122,1784,895,2484,4184,-924
108,1739,844,1992,3700,-828
54,1687,818,1515,3204,-870
-3,1661,813,1597,1905,-901
-16,1654,844,867,734,-474
41,1675,874,457,928,-80
40,1711,868,520,1234,28
-10,1699,846,62,263,-73
-17,1660,847,232,298,-197
17,1668,859,737,-6,-543
51,1742,841,14,1202,-218
59,1796,831,651,2105,-373
24,1826,810,501,410,-98
1,1823,806,725,354,99
5,1805,783,557,301,221
33,1791,818,553,867,2
36,1788,819,661,1104,7
23,1784,767,762,92,179
39,1769,755,764,252,197
63,1779,781,879,749,269
53,1800,788,848,1217,204
17,1799,785,320,969,-26
-23,1761,788,113,724,-278
-31,1725,808,366,274,-424
-40,1727,815,360,377,-369
-35,1756,790,107,-725,-188
6,1768,786,-160,-618,-37
43,1770,822,-59,-339,102
52,1761,815,-11,-83,91
39,1750,833,-49,8,63
42,1752,852,414,-77,-33
41,1766,799,273,497,-9
14,1779,782,-18,369,-101
11,1784,777,729,77,-122
13,1809,765,631,-188,-179
14,1834,787,443,-201,-246
32,1840,773,639,952,-245
31,1815,785,856,347,-458
30,1780,772,463,-4,-241
43,1765,776,363,-305,-123
86,1786,786,-26,757,-122
89,1782,789,-120,1152,-36
47,1758,798,73,737,-38
8,1739,810,192,133,8
6,1745,796,24,-308,95
22,1771,812,88,426,-26
19,1785,799,-195,553,-145
12,1772,796,-56,458,-163
8,1769,778,-144,296,-47
-2,1792,783,-172,603,-18
-13,1801,796,292,-219,69
-18,1795,788,583,-206,52
25,1797,770,489,157,58
66,1824,767,500,120,-10
81,1843,756,262,1206,-17
62,1832,747,358,622,129
36,1807,772,272,711,190
23,1784,759,453,416,336
30,1786,766,292,359,216
53,1804,748,46,851,-3
55,1816,751,275,726,-162
33,1818,748,121,1038,-153
9,1813,758,80,829,-3
-13,1801,760,299,434,53
-35,1791,786,78,-81,-30
-31,1773,782,57,-530,-225
-5,1756,800,33,-461,-237
32,1759,789,14,124,-170
48,1775,793,-40,259,-22
52,1789,808,28,750,-218
42,1789,779,-186,464,-209
11,1766,783,51,137,-40
-21,1753,798,342,-405,-141
-21,1781,796,202,-874,-325
-1,1805,780,226,-332,-496
9,1807,773,41,-603,-441
31,1796,796,248,-188,-404
47,1791,767,91,-83,-308
60,1786,786,189,78,-206
79,1782,806,-1,22,-110
67,1767,798,221,32,-16
54,1774,800,168,340,2
54,1786,782,215,702,-13
38,1793,791,207,986,-17
13,1787,792,191,544,-211
-10,1771,789,192,-140,-207
-20,1768,794,365,-248,-141
-12,1787,781,204,-2,-69
20,1801,773,192,159,-122
24,1800,768,61,161,-197
23,1792,803,489,524,-369
7,1798,775,-2,644,-326
-17,1788,783,348,250,-243
-13,1770,803,435,-737,-171
30,1763,786,353,-703,-140
69,1783,788,129,323,-109
83,1801,776,-22,1116,-8
50,1793,775,24,550,26
22,1782,773,72,389,-1
8,1786,777,116,244,-24
6,1796,774,257,225,1
10,1800,783,179,204,-90
21,1799,777,198,561,-121
16,1797,771,156,183,-96
18,1795,776,280,461,-2
9,1797,776,168,312,47
25,1797,780,237,43,69
36,1797,778,179,399,77
14,1789,780,120,585,8
-19,1779,769,403,-302,-68
-20,1785,773,472,-314,-404
6,1801,765,262,-523,-268
38,1809,769,-66,257,-193
40,1795,767,-87,267,-154
19,1775,793,14,63,-90
10,1778,786,116,-577,31
22,1785,781,228,-388,77
52,1783,780,292,-182,-23
75,1792,770,95,618,-131
73,1809,762,80,786,-61
44,1814,770,197,778,38
14,1808,765,206,469,69
0,1793,753,332,-169,24
4,1791,768,295,-52,-13
14,1803,755,475,-188,-177
26,1815,765,337,209,-269
25,1811,766,117,484,-242
4,1787,777,259,-119,-333
4,1774,781,173,24,-304
23,1777,783,73,-154,-273
56,1781,794,-1,246,-131
70,1773,792,169,303,53
68,1764,786,283,445,50
52,1776,811,347,637,53
9,1794,797,84,-93,43
-14,1781,786,140,-308,-117
-4,1765,776,114,-128,-65
37,1776,752,-63,60,-28
65,1811,768,-12,624,-135
44,1823,764,-107,639,-254
2,1801,757,-27,-103,-162
-17,1791,768,-61,-602,-93
7,1795,771,-11,-376,-186
48,1798,766,236,-325,-62
72,1800,776,51,539,-164
64,1797,770,-29,590,-56
51,1799,768,133,236,-30
35,1801,771,192,160,40
16,1793,774,146,328,-12
4,1789,789,232,30,-57
11,1784,783,134,48,-148
25,1782,785,124,-292,-65
34,1790,785,173,265,-203
33,1788,784,331,143,-193
15,1779,789,220,-151,-191
13,1776,801,496,-267,-292
22,1781,800,121,-144,-239
29,1774,790,-30,-391,-177
36,1768,770,-92,-158,-132
43,1776,788,-4,-104,-317
64,1784,779,-77,78,-307
62,1792,787,13,590,-101
28,1789,782,-37,-418,-117
28,1785,789,52,-467,-149
63,1785,782,73,-142,-20
91,1789,774,-255,625,54
81,1785,791,-450,981,-1
49,1769,819,-704,557,-68
31,1737,855,-1389,-158,10
12,1696,895,-2937,-1344,213
-25,1623,924,-4845,-2729,242
-64,1490,974,-6178,-3428,391
-78,1337,1046,-6511,-3539,674
-55,1231,1148,-7168,-2885,1031
-22,1169,1275,-4800,-1571,2058
6,1153,1262,-771,-1941,2384
103,1219,1280,1078,-1505,2960
237,1447,1310,2731,900,3613
227,1664,1100,4601,1969,4257
6,1793,997,6968,4610,3866
-232,1813,943,9219,-2508,4049
-268,1982,891,10928,-2784,4007
-194,2323,713,12471,-7454,3539
67,2646,457,14818,-7190,2144
531,2774,99,14530,-4204,1590
994,2714,-30,13749,5020,-870
1080,2542,-65,12000,12007,-3700
731,2275,4,11733,10602,-5349
267,1959,62,12698,2862,-3966
62,1804,20,14892,-4260,-284
169,1910,-138,14912,-3325,2195
341,2100,-210,12607,1810,1327
274,2152,-123,9849,7118,-1850
60,1948,-71,9357,1937,-2775
-52,1690,99,10746,-6120,-1489
178,1657,308,9826,-6246,1018
439,1816,491,7979,-805,4375
135,1934,661,6351,-1886,3338
-432,1866,616,4403,-12535,-23
-483,1783,575,3250,-20658,-322
25,1895,538,-7,-16548,1530
496,1946,351,-1734,-8972,1608
484,1814,-17,-1518,-9610,2078
450,1844,-425,-748,-8730,1281
541,1955,-680,-657,-4173,-473
560,1961,-889,-849,1131,-449
525,1982,-954,-861,5916,-662
359,1973,-968,-358,10009,-834
114,2000,-984,485,8946,-2079
-17,2001,-913,1155,6681,-3437
116,1971,-752,1644,7646,-3378
213,1927,-531,1862,9014,-1721
109,1919,-376,2097,5892,-711
-15,1925,-284,2114,-21,612
-50,1929,-139,2475,-1577,1358
-21,1998,-90,1578,-4138,2291
45,2139,43,-129,-4070,876
53,2199,135,-420,-6200,-149
160,2128,247,-1084,-11337,780
479,2014,317,-1393,-7852,1402
882,1939,341,-2574,-3259,1662
1225,1969,426,-5999,9162,1086
987,2068,359,-6986,13669,-1145
455,2045,159,-9319,8894,-3232
135,1935,206,-9191,2772,-2754
236,1859,171,-9777,838,-1049
395,1789,32,-14467,11826,-630
345,1757,-10,-12722,13518,-2757
137,1888,94,-15606,14377,-5986
-43,1907,68,-13310,6944,-7336
-204,1802,-227,-15975,-3849,-4177
-17,1701,-58,-14052,-12015,604
421,1809,-18,-12072,-4872,2777
824,2166,59,-13904,1778,2955
931,2373,123,-14839,12828,1078
361,2354,363,-12287,13141,-1003
-488,2186,455,-9038,4621,-1845
-992,1940,659,-6166,-6656,-3593
-879,1770,755,-4183,-12078,-3047
-429,1818,854,-2752,-12105,-1519
162,1957,929,-2633,-6543,7
539,1932,976,-1918,2812,1517
485,1760,1062,-245,3304,2159
246,1627,1063,1329,3169,1151
57,1613,1034,3034,2279,-267
-21,1682,964,2597,1851,-642
-1,1748,869,1749,1581,-442
13,1762,831,1147,2224,-443
-39,1712,780,1694,1544,29
-67,1672,776,1839,-797,297
44,1710,743,2074,-1128,-4
150,1809,783,239,1150,-372
179,1844,784,786,777,-690
102,1798,815,-66,751,-625
61,1737,801,-3,-443,-502
89,1729,813,-326,-437,-366
105,1748,848,97,-467,-472
110,1770,844,-397,-187,-496
161,1764,871,212,280,-575
177,1734,876,-335,1317,-494
144,1695,879,96,782,-316
156,1692,863,120,327,107
206,1713,852,-34,1170,564
218,1732,871,-284,1469,945
212,1753,856,-110,2624,1160
119,1764,841,-172,2971,794
-19,1756,836,100,2144,367
-72,1757,821,286,1051,396
-61,1783,835,112,1006,232
-71,1811,840,0,1190,-77
-99,1812,839,251,504,-254
-134,1772,836,350,26,-610
-144,1730,825,212,-556,-1117
-89,1736,834,263,-809,-1292
-19,1787,825,37,-718,-955
41,1804,826,343,-628,-408
111,1789,828,82,306,110
125,1778,816,196,950,188
53,1748,824,260,1105,-319
-49,1671,819,319,-537,-509
-27,1645,834,523,-1602,-475
82,1719,850,258,-561,-214
153,1806,880,-13,1097,72
135,1821,877,212,1690,15
54,1761,836,365,628,-181
-8,1693,818,558,-219,-275
-13,1684,816,368,-959,-150
48,1752,855,238,-488,-116
98,1813,858,218,262,-76
122,1818,847,436,805,227
125,1799,801,366,1160,371
100,1767,765,543,1013,110
42,1720,764,396,532,-12
11,1721,832,348,-35,-46
25,1792,844,371,56,-369
14,1824,825,122,98,-464
25,1783,826,446,-60,-206
75,1750,791,395,81,-48
77,1765,801,88,654,-41
63,1782,812,90,138,5
51,1763,822,267,120,189
42,1743,844,236,-180,254
61,1753,851,285,409,58
67,1775,835,192,838,-225
39,1770,813,7,951,-326
4,1757,826,113,768,-403
-26,1769,822,55,42,-181
-41,1775,824,77,-914,-46
-5,1767,829,368,-836,-209
51,1771,813,293,-163,-257
88,1775,815,279,359,-165
117,1781,810,336,778,-2
100,1788,821,171,1417,-41
31,1782,823,284,491,-4
0,1764,821,292,-203,-80
25,1748,823,319,-26,-204
55,1750,822,72,404,-177
70,1774,822,271,470,-101
75,1785,793,328,415,-29
76,1769,802,48,636,117
70,1752,821,307,841,298
28,1763,828,197,585,35
-12,1765,820,165,-232,-189
2,1759,816,278,-384,-146
34,1772,806,122,336,-85
33,1782,800,140,353,-81
29,1781,807,-23,288,-110
31,1767,811,159,-90,-124
34,1760,832,154,-4,-104
44,1756,830,108,-3,-122
67,1754,823,159,109,-31
84,1773,816,154,269,33
68,1788,805,225,243,47
49,1781,804,157,295,-14
48,1769,814,72,220,-1
46,1770,803,185,303,-33
24,1769,805,287,-189,-71
28,1769,804,328,-333,-47
63,1780,789,203,31,-65
76,1796,794,58,403,49
61,1795,805,90,472,0
38,1771,805,169,21,-28
