5,2055,-10,45,182,147
2,2056,-9,-13,185,113
-2,2058,-22,-98,40,126
1,2057,-26,-43,113,124
-1,2059,-35,-44,70,142
-5,2062,-44,-177,86,202
-10,2060,-38,-182,155,261
-8,2056,-28,-88,141,231
1,2057,-24,-89,157,238
12,2053,-26,-204,272,215
17,2043,-25,-143,187,150
14,2045,-28,-129,116,113
5,2050,-33,-212,175,142
-3,2053,-30,-144,284,137
2,2054,-26,-105,482,125
9,2057,-29,-187,471,111
11,2057,-28,-197,444,72
9,2055,-22,-217,459,85
11,2052,-20,-155,616,39
9,2053,-20,-230,441,51
7,2055,-16,-165,534,79
5,2056,-14,-213,565,150
6,2057,-17,-187,470,162
8,2059,-20,-346,354,175
5,2057,-16,-254,480,158
1,2053,-7,-189,539,144
2,2047,-3,-43,555,78
8,2047,-6,-40,637,84
8,2050,-13,-87,708,117
3,2049,-16,-67,631,160
2,2048,-16,-164,747,207
5,2047,-6,-42,643,180
10,2048,-4,-26,633,129
10,2049,-10,-22,636,130
4,2051,-8,-19,481,146
-5,2054,-16,-9,197,164
-17,2059,-23,-278,102,196
-20,2053,-14,-55,223,222
-9,2049,-13,-52,91,220
1,2049,-9,-46,137,167
11,2044,-10,-77,158,138
16,2044,-11,10,176,140
10,2049,-14,-2,93,147
6,2054,-17,54,250,98
3,2055,-21,95,336,130
5,2059,-18,119,412,97
4,2057,-17,147,338,134
7,2055,-23,88,293,122
13,2053,-21,7,523,108
12,2048,-19,36,480,112
9,2046,-20,38,404,105
0,2050,-23,17,262,126
-5,2051,-26,48,181,150
-2,2055,-27,63,253,172
2,2058,-25,0,349,178
6,2061,-22,4,276,186
4,2065,-15,-73,267,238
0,2065,-12,-56,136,233
1,2064,-10,-91,88,209
7,2059,-8,-18,152,197
13,2052,-13,-76,162,166
18,2047,-15,-105,384,157
13,2040,-12,128,124,144
10,2039,-19,41,124,169
9,2038,-26,112,51,189
14,2040,-29,159,451,159
9,2045,-44,40,153,116
-5,2050,-48,-27,200,205
-11,2049,-38,48,163,228
-3,2049,-29,223,-36,164
14,2052,-35,17,242,158
19,2051,-33,-50,56,195
21,2054,-27,-7,57,143
19,2056,-31,34,164,128
18,2056,-35,-15,74,149
19,2052,-37,97,200,131
20,2049,-41,22,237,122
22,2047,-43,0,190,124
21,2047,-47,-82,137,134
17,2048,-47,-42,84,165
12,2052,-48,-118,32,196
14,2052,-43,-8,50,133
23,2050,-42,49,162,80
29,2048,-48,-18,245,44
28,2049,-48,-64,356,52
22,2052,-49,-7,358,115
15,2057,-50,-96,353,125
7,2064,-46,-88,328,172
5,2069,-42,-55,352,189
11,2069,-41,-65,336,135
20,2067,-41,-148,407,142
21,2060,-38,-181,402,114
17,2055,-32,-228,362,79
7,2051,-36,-364,204,145
9,2047,-26,-244,310,184
15,2051,-32,-269,199,131
14,2058,-44,-314,58,135
10,2056,-42,-374,225,151
7,2044,-33,-163,81,146
11,2037,-34,-213,13,145
21,2025,-35,-127,108,122
25,2026,-40,-105,138,131
18,2041,-43,-186,58,161
11,2049,-39,-97,-37,231
16,2052,-37,-42,134,210
25,2055,-36,-140,226,180
26,2057,-29,-113,120,185
26,2060,-29,-236,107,215
25,2063,-29,-200,134,191
27,2065,-25,-300,141,191
24,2062,-19,-253,118,208
21,2057,-14,-240,127,231
21,2054,-12,-294,185,197
24,2050,-12,-222,66,179
25,2050,-15,-188,-4,159
23,2048,-22,-109,-11,161
18,2048,-29,-166,66,162
20,2047,-27,-104,181,149
27,2044,-28,-8,290,119
37,2044,-33,-52,363,99
37,2042,-35,-122,477,85
24,2043,-26,-14,277,110
15,2051,-25,-151,376,114
13,2058,-19,-70,241,118
18,2062,-21,-67,312,119
19,2066,-31,-235,99,93
14,2061,-26,-294,168,162
17,2055,-14,-171,244,128
19,2057,-11,-182,73,116
27,2049,-10,-180,229,150
31,2040,-10,-122,140,165
35,2043,-14,-145,191,130
34,2047,-17,-161,237,109
26,2049,-17,-91,135,142
19,2050,-20,-69,172,184
21,2050,-20,-57,243,146
30,2048,-24,-57,10,117
32,2047,-30,-148,24,90
30,2046,-23,-123,101,86
30,2046,-24,-87,57,131
34,2050,-23,-47,98,150
36,2053,-24,-113,144,178
32,2053,-24,-113,79,161
30,2052,-20,-38,26,153
30,2053,-20,-191,105,172
27,2053,-21,-67,87,169
25,2055,-22,-137,-31,171
26,2056,-19,-109,38,170
24,2058,-14,-148,-94,173
36,2055,-9,-195,124,161
42,2053,-7,-102,-37,102
39,2051,-14,-159,125,114
32,2048,-16,-129,-151,121
30,2047,-14,14,19,121
28,2051,-27,-128,-179,150
20,2053,-32,-179,-111,173
21,2049,-25,-80,5,156
28,2045,-17,13,-30,102
35,2041,-18,3,61,89
40,2040,-20,-17,148,76
37,2045,-20,-19,91,60
30,2052,-24,-39,175,61
26,2055,-26,23,79,66
27,2061,-26,-25,149,89
34,2060,-22,-105,263,52
38,2054,-19,-94,269,67
40,2051,-17,-93,262,56
35,2052,-21,-147,278,43
28,2054,-20,-141,133,61
28,2053,-21,-172,210,110
32,2051,-21,-140,279,102
30,2052,-21,-117,310,94
28,2052,-20,-122,346,89
29,2051,-17,-120,350,100
26,2053,-23,-154,319,103
21,2054,-23,-87,187,131
14,2056,-25,-119,36,161
14,2060,-21,-177,106,157
14,2060,-19,-182,71,158
16,2059,-15,-243,-24,132
15,2055,-13,-108,-259,68
12,2052,-17,-303,-143,77
13,2045,-10,-138,-8,105
19,2042,-14,-160,105,98
20,2043,-27,-211,-52,94
15,2042,-32,-258,59,183
15,2040,-20,37,116,147
17,2042,-18,7,61,155
28,2040,-17,40,266,131
34,2040,-20,25,231,107
30,2048,-26,-17,239,104
21,2055,-25,-41,251,108
13,2056,-20,46,161,99
19,2060,-16,-36,333,83
24,2064,-12,-63,148,94
25,2060,-12,-69,73,122
26,2055,-15,-141,120,76
23,2053,-11,-45,129,64
26,2054,-9,-129,52,73
31,2049,-11,-69,97,52
32,2047,-19,-138,233,42
25,2047,-21,-79,170,71
23,2050,-22,-98,246,134
25,2051,-22,-19,225,82
26,2050,-21,-42,264,108
26,2047,-19,-51,330,154
24,2047,-21,19,265,138
21,2049,-21,-54,120,124
21,2049,-21,-30,65,145
25,2051,-15,-65,232,138
27,2052,-12,64,223,61
25,2054,-14,-99,197,94
25,2053,-10,-55,137,128
27,2054,-11,10,175,105
23,2057,-25,-78,-78,82
17,2059,-25,-237,299,126
20,2051,-12,52,224,99
29,2050,-15,-12,284,47
35,2046,-17,-90,352,68
31,2041,-17,-31,315,44
23,2046,-19,-54,223,24
18,2049,-21,19,129,40
18,2049,-25,29,159,73
21,2049,-31,35,213,62
26,2051,-33,5,273,84
23,2052,-32,-68,141,98
19,2052,-31,-68,128,161
20,2055,-28,-50,87,155
26,2057,-27,-41,122,144
28,2055,-24,-153,184,115
27,2051,-23,-38,243,92
25,2050,-22,-134,208,99
20,2051,-22,-100,158,98
18,2051,-24,-71,255,88
18,2054,-24,-145,241,130
18,2053,-23,-89,218,95
18,2050,-28,-123,181,113
18,2046,-27,-121,226,100
20,2044,-25,-73,274,75
20,2044,-20,-54,126,51
21,2048,-24,-92,224,52
17,2048,-29,-71,-50,86
19,2048,-22,-1,304,104
20,2054,-30,-78,38,85
18,2059,-38,-250,315,97
13,2053,-30,-68,275,121
15,2051,-25,-22,333,85
17,2049,-24,-211,369,79
20,2041,-18,2,247,97
24,2046,-23,-28,318,44
20,2056,-27,-134,323,50
12,2056,-27,-56,127,105
10,2054,-25,-59,145,126
17,2057,-22,-123,273,104
24,2058,-22,-75,201,98
29,2056,-22,-174,282,97
22,2055,-21,-134,159,101
18,2056,-18,-97,143,101
19,2053,-18,-115,107,62
24,2049,-23,-113,157,51
24,2050,-24,-116,96,68
20,2052,-26,-132,140,69
20,2052,-28,-134,130,110
18,2053,-30,-129,104,161
14,2051,-30,-76,74,200
18,2052,-28,-88,192,179
20,2051,-27,-103,34,143
23,2051,-29,-156,127,150
21,2051,-23,-169,259,181
18,2053,-17,-104,165,164
20,2055,-19,-131,250,156
21,2054,-22,-164,21,143
19,2052,-18,-94,25,186
17,2052,-30,-148,12,141
9,2054,-28,-294,125,201
11,2047,-16,-103,187,205
20,2048,-12,6,206,159
30,2051,-16,-167,202,141
33,2050,-18,-103,139,131
29,2051,-18,-50,151,106
26,2057,-20,-97,357,69
25,2056,-22,-80,341,123
21,2056,-23,-70,347,94
21,2055,-18,-107,463,89
18,2048,-20,-19,258,82
18,2047,-25,-157,238,56
16,2044,-20,-49,282,75
15,2046,-20,-61,262,56
14,2048,-22,-111,165,59
14,2049,-23,-59,126,87
14,2050,-24,-59,260,100
18,2055,-24,-138,290,112
21,2058,-21,-94,192,126
18,2059,-20,-119,140,124
14,2055,-19,-129,183,108
13,2049,-14,-43,85,134
21,2050,-18,-98,140,84
24,2053,-19,-138,49,101
25,2054,-14,-223,140,91
25,2050,-5,42,84,61
25,2051,-18,-148,83,70
24,2047,-18,-28,73,61
21,2048,-19,-12,281,80
17,2053,-34,-89,34,76
12,2052,-32,-133,69,125
14,2049,-25,22,106,116
21,2050,-21,33,20,79
25,2047,-22,-43,218,78
26,2044,-26,24,212,57
23,2052,-28,-62,200,38
20,2055,-28,-22,188,58
11,2057,-26,-51,160,71
9,2060,-24,-92,221,83
16,2061,-20,-69,369,45
22,2058,-23,-128,207,56
22,2056,-27,-171,282,40
14,2053,-23,-182,282,57
11,2050,-19,-119,228,75
15,2050,-18,-93,262,85
20,2049,-21,-98,337,59
22,2048,-27,-99,385,49
18,2048,-25,-95,299,86
15,2051,-24,-46,308,90
12,2054,-26,-40,326,97
9,2055,-26,-38,186,108
9,2052,-26,-77,212,127
14,2051,-25,-90,275,132
14,2051,-24,-113,183,88
15,2051,-21,-72,247,72
14,2048,-16,56,175,47
16,2053,-17,-99,308,26
15,2053,-20,-90,122,36
19,2054,-15,-87,273,60
11,2055,-23,-76,91,111
1,2063,-31,-239,-37,116
1,2058,-20,-123,202,131
11,2050,-8,55,153,90
20,2049,-16,-94,201,40
24,2040,-16,-35,313,81
16,2037,-24,-27,165,68
6,2045,-28,-16,150,58
2,2052,-30,21,157,69
4,2054,-28,69,191,72
14,2054,-27,17,330,55
19,2052,-24,70,195,59
17,2053,-30,-13,247,72
11,2053,-29,-106,288,77
7,2055,-24,-61,181,80
10,2056,-24,-21,268,94
10,2057,-26,-36,193,91
11,2054,-28,-63,250,58
8,2050,-30,-52,184,60
7,2050,-27,-35,193,108
5,2051,-28,-9,194,87
5,2053,-32,-77,168,76
7,2052,-29,-21,179,77
6,2054,-26,-73,156,98
5,2053,-25,-35,98,109
8,2052,-30,-46,192,93
13,2051,-28,-127,314,93
9,2053,-25,33,196,73
10,2055,-31,-153,253,67
8,2050,-28,35,96,76
12,2048,-29,-43,325,92
3,2056,-39,-79,92,107
-4,2060,-40,-227,292,181
1,2055,-27,-13,198,142
13,2052,-30,-75,164,97
15,2044,-31,-148,239,94
10,2040,-32,-67,204,111
6,2051,-32,-128,184,76
8,2056,-32,-74,248,88
6,2055,-31,-132,216,97
5,2052,-31,-39,343,80
5,2052,-29,-53,301,114
5,2055,-30,-87,239,113
3,2056,-31,-141,350,156
4,2055,-30,-130,289,131
8,2055,-27,-156,405,133
4,2051,-30,-154,324,150
0,2046,-29,-82,240,120
-3,2045,-30,-39,170,107
-3,2048,-32,-79,201,91
0,2051,-34,-111,172,98
1,2052,-32,-89,255,132
1,2050,-31,-75,244,102
2,2050,-28,-63,147,113
1,2053,-29,-114,164,101
3,2050,-28,-112,260,98
3,2048,-26,-93,109,67
2,2051,-32,-11,114,104
0,2056,-37,-222,-11,113
2,2055,-29,-69,243,138
6,2056,-35,-94,87,91
3,2061,-42,-302,233,151
-2,2055,-33,-165,232,206
2,2050,-26,-69,180,185
10,2048,-27,-126,225,146
13,2041,-29,-88,213,144
9,2044,-32,-114,188,101
3,2049,-34,-108,139,95
1,2052,-34,-51,128,143
3,2053,-33,-49,156,166
9,2053,-34,-123,288,162
15,2053,-29,-125,309,158
15,2054,-29,-131,313,160
12,2057,-28,-156,315,170
9,2058,-25,-171,283,121
9,2054,-22,-120,299,137
15,2048,-22,-49,382,180
12,2048,-33,-162,328,188
7,2050,-31,-84,291,175
5,2052,-30,-159,319,229
9,2055,-27,-95,270,220
14,2057,-25,-122,364,180
15,2059,-26,-176,299,169
12,2055,-23,-137,225,155
11,2052,-24,-143,171,171
12,2052,-25,-229,257,213
13,2051,-20,-91,169,159
15,2052,-23,-102,260,186
17,2052,-28,-166,122,129
20,2049,-20,-108,239,149
14,2050,-27,-171,58,156
8,2053,-33,-304,144,191
4,2050,-28,-125,163,246
7,2048,-22,-68,159,217
16,2050,-21,-117,288,153
22,2045,-19,-110,178,176
21,2042,-20,-52,132,117
17,2047,-24,-144,219,96
10,2050,-24,-109,117,146
6,2055,-24,-117,112,172
11,2056,-19,-111,270,109
16,2054,-18,-135,260,84
19,2052,-21,-157,135,94
16,2053,-21,-206,129,100
15,2052,-18,-135,164,97
17,2051,-18,-149,159,107
20,2047,-23,-98,120,113
18,2050,-26,-154,155,138
13,2054,-23,-111,156,155
16,2056,-19,-165,203,141
18,2055,-17,-133,140,92
15,2052,-18,-143,93,127
15,2050,-18,-161,194,141
11,2050,-18,-119,79,169
10,2054,-18,-158,61,145
16,2053,-14,-131,224,154
22,2049,-11,-167,166,108
22,2047,-10,-37,234,111
18,2051,-17,-240,90,111
16,2051,-14,-65,165,143
19,2054,-21,-142,100,127
13,2056,-29,-189,90,161
8,2053,-24,-147,215,188
11,2050,-12,-18,168,179
22,2053,-7,-87,276,142
28,2049,-7,-135,162,140
23,2047,-12,-70,84,97
16,2050,-14,-119,108,104
14,2049,-16,-122,197,138
13,2051,-18,-73,74,155
19,2057,-17,-157,293,141
23,2057,-15,-119,239,129
25,2052,-12,-144,174,133
21,2052,-13,-91,251,141
15,2050,-14,-120,212,123
16,2045,-13,-81,239,149
21,2044,-12,-49,295,135
23,2045,-15,0,280,124
18,2051,-19,-88,301,152
14,2053,-20,-11,286,165
14,2053,-19,-53,268,178
17,2053,-16,-87,317,137
18,2050,-12,-3,298,157
19,2051,-12,-29,294,144
17,2054,-17,-61,103,118
16,2057,-16,-97,146,142
18,2058,-14,-176,308,121
23,2057,-9,-77,239,92
23,2054,-14,-130,202,123
22,2050,-12,-75,137,134
23,2049,-14,-42,329,131
15,2050,-27,-122,-5,154
9,2054,-26,-202,186,241
13,2051,-15,-43,249,205
24,2051,-12,-61,258,102
33,2049,-14,-176,318,91
28,2043,-11,-16,183,92
23,2048,-14,-135,155,74
17,2054,-15,-59,103,74
17,2055,-18,-53,128,111
18,2053,-18,-63,243,98
23,2053,-18,-53,259,81
21,2054,-19,-73,130,114
23,2055,-16,-152,186,149
25,2056,-9,-110,163,167
27,2058,-11,-59,216,141
28,2058,-14,-164,255,126
26,2053,-9,-112,207,147
22,2051,-8,-125,139,163
21,2053,-7,-104,199,143
21,2055,-9,-90,188,157
18,2053,-14,-95,79,147
21,2049,-16,-104,125,142
19,2048,-16,-74,142,110
19,2050,-13,-95,140,124
21,2051,-18,-134,122,138
26,2055,-12,-68,236,109
27,2056,-15,-76,263,83
23,2055,-16,-97,254,49
20,2052,-13,-148,56,125
30,2049,-9,-77,391,111
25,2055,-21,-208,63,110
16,2057,-19,-287,167,182
15,2048,-11,-91,122,157
25,2041,-12,-37,54,53
38,2034,-20,-114,-12,12
49,2020,-45,18,-300,-125
57,2017,-76,-306,-642,-297
55,1999,-120,-450,-1250,-570
57,1959,-164,-644,-1952,-898
90,1888,-208,-439,-1808,-1346
125,1821,-261,-454,-1056,-1801
142,1779,-317,-294,-436,-2054
139,1778,-371,-328,569,-2082
106,1799,-405,136,1033,-1953
81,1835,-430,1005,1199,-1669
98,1889,-445,1309,1345,-1208
152,1936,-443,1563,1549,-569
205,1970,-473,2632,1403,165
246,2045,-538,1975,2044,1010
281,2183,-537,-474,2024,1505
276,2315,-447,1288,847,1521
185,2535,-425,2403,-928,1218
87,2860,-271,815,-2811,837
36,3072,-41,3425,-2184,-119
63,3237,154,2578,1441,-1082
98,3300,384,2446,8224,-2302
19,3190,552,150,14721,-2086
-171,2810,563,2744,12537,-822
-248,2465,365,2165,8110,-632
-148,2230,207,1478,6135,-2309
-48,2029,71,2549,7174,-4999
-88,1944,-62,-698,9675,-7219
-249,1755,-3,26,10816,-7166
-330,1522,-11,822,9513,-6246
-377,1330,-65,-4110,7272,-3784
-444,1187,-29,-2167,3053,-2634
-485,1193,-130,-4875,547,-2514
-474,1224,-128,-5876,-1049,-1956
-458,1275,86,-761,-473,-2294
-497,1397,87,6756,-2049,-2750
-440,1554,-18,5026,-85,-1090
-413,1519,-113,11082,-2852,1041
-343,1539,-224,10306,-2891,1697
-370,1713,-380,8590,-5039,1414
-414,2042,-433,5695,-3280,-63
-459,2205,-381,2885,-4193,-724
-393,2275,-272,2515,-1363,-1039
-348,2318,-318,1528,-2177,-211
-319,2383,-361,-1568,-2372,587
-308,2438,-292,-1666,-977,388
-353,2449,-303,-1954,-1245,286
-385,2405,-350,-2943,-2442,550
-341,2368,-354,-5660,-1952,123
-342,2267,-374,-5617,-951,51
-360,2184,-381,-8526,-1045,-100
-384,2120,-315,-6747,-864,-301
-338,2058,-290,-7857,276,-182
-340,1988,-306,-8011,-1547,-130
-292,1906,-151,-5425,3160,-540
-433,1838,-322,-5712,-5939,-32
-465,1823,-209,-9387,-1977,86
-521,1744,-7,-1485,-2373,-563
-546,1743,-29,-2733,-6410,-909
-535,1722,-130,-4272,-8648,43
-490,1653,8,-2760,-7529,578
-467,1567,131,-521,-6727,536
-333,1519,160,-23,-2587,496
-269,1485,90,863,-6238,1500
-309,1499,58,-2648,-10303,2735
-299,1438,195,-272,-5830,3372
-257,1533,251,-1505,-3260,4440
-122,1753,430,-2785,-1372,4960
115,1733,553,-2465,606,4103
209,1614,547,-3277,737,3383
96,1623,551,-4383,2082,3437
-130,1803,639,-2213,2080,3435
-210,1966,748,-4643,1066,1953
-84,1850,764,-3275,7126,290
-167,1772,656,-2501,6207,186
-158,1794,562,-1837,5650,2003
-123,1857,466,-397,3518,2706
-133,1965,338,672,-233,1695
-229,2184,210,198,-1019,817
-242,2384,291,1435,1312,535
-129,2616,222,2769,172,-357
-18,2895,63,3354,-1857,-1688
-151,3098,-63,2290,-2459,-1579
-304,3246,-45,1732,-991,-1166
-247,3326,5,1010,1164,-813
-123,3271,38,172,1752,-401
-42,3074,78,154,1087,586
-27,2824,127,-545,1412,1125
-60,2559,200,-801,1884,949
-61,2324,278,-1229,3878,479
-34,2159,364,-856,7298,-103
-83,2029,437,-1792,6696,159
-152,1862,484,-932,5959,737
-206,1705,486,-955,5077,994
-204,1569,520,-605,5654,1044
-152,1467,480,1188,5799,926
-134,1414,310,1410,2751,795
-221,1372,141,683,-1602,1271
-246,1350,73,848,-1546,2084
-166,1438,37,-1106,1175,1907
-142,1626,70,-1384,-93,845
-142,1854,97,597,-1986,277
-144,2036,22,872,-3134,255
-108,2142,-65,2405,-2598,-63
-59,2301,-167,2242,-2588,-630
-72,2403,-199,1709,-2489,-797
-124,2341,-173,2520,-1713,-539
-112,2228,-165,2323,-1094,251
-8,2105,-116,1741,216,1124
119,2004,-48,490,304,1375
182,1957,46,352,1447,901
115,1956,101,1111,1331,454
14,1970,108,702,665,452
-73,1968,99,1235,141,818
-127,1989,67,1000,-281,1194
-111,2030,81,875,365,766
-70,2073,96,959,160,357
-29,2090,97,447,213,340
-20,2066,105,544,-483,345
-45,2033,109,453,-1266,501
-78,2011,109,552,-1267,616
-85,2023,103,291,-1153,541
-58,2055,111,88,-508,383
-28,2064,113,118,-55,418
-9,2055,118,227,-53,384
-17,2047,117,283,-594,346
-44,2041,95,554,-1034,287
-75,2050,75,358,-1218,182
-83,2064,68,545,-1070,120
-69,2075,56,443,-968,160
-55,2073,45,427,-977,245
-61,2064,42,365,-989,385
-62,2050,50,427,-1040,346
-40,2040,52,527,-573,265
-28,2045,44,251,-511,227
-33,2047,53,321,-351,320
-43,2039,48,324,-321,358
-51,2036,43,313,-369,332
-53,2038,44,438,-178,253
-45,2038,43,368,-89,137
-36,2034,34,694,-2,37
-52,2038,6,289,-372,123
-68,2042,12,467,-202,222
-70,2049,12,459,-371,153
-52,2064,0,388,-156,83
-42,2074,-9,220,-145,138
-36,2078,-3,323,-174,102
-38,2074,4,350,-2,70
-43,2065,-2,200,38,113
-37,2063,4,221,99,100
-27,2065,2,128,298,113
-24,2061,0,100,251,109
-30,2057,-1,25,348,98
-41,2048,-5,223,426,123
-54,2051,-12,37,72,203
-57,2053,-8,159,-60,204
-50,2055,-10,78,-78,240
-36,2058,-12,-152,106,277
-26,2061,-6,-117,212,239
-28,2062,0,-143,44,270
-32,2058,3,-76,100,298
-38,2056,-2,-224,229,241
-38,2056,0,-120,298,256
-31,2062,0,-313,212,342
-25,2062,9,-191,184,338
-29,2058,18,-243,110,261
-37,2049,29,-71,28,220
-43,2044,31,-1,-82,151
-38,2050,24,14,17,42
-27,2061,19,-147,101,74
-22,2072,6,-384,74,82
-35,2074,2,-322,-305,201
-57,2070,0,-474,-772,323
-54,2064,10,-359,-416,255
-45,2061,-7,-374,-439,217
-35,2058,-9,-494,-425,265
-29,2049,0,-297,-417,335
-21,2041,12,-313,-357,313
-12,2039,16,-205,-222,284
-10,2035,20,-237,-236,270
-13,2027,12,-38,-213,267
-25,2029,7,-80,-394,258
-25,2038,7,-61,-78,216
-23,2048,9,-98,21,228
-22,2059,15,-35,31,201
-21,2060,22,-15,200,213
-19,2056,30,21,126,219
-15,2051,26,44,41,178
-10,2051,27,-72,255,164
-4,2055,31,-20,378,122
-6,2062,26,-166,526,114
-14,2059,29,34,348,132
-22,2055,25,-82,285,141
-26,2051,23,-1,236,85
-29,2052,25,-13,234,84
-30,2052,23,19,181,90
-30,2054,19,-65,31,142
-28,2054,19,-86,-17,180
-26,2051,15,-109,-147,218
-23,2049,17,-123,-100,173
-15,2053,8,-46,-54,122
-12,2061,6,-230,-44,109
-13,2060,6,-11,48,152
-21,2053,-1,-124,-264,228
-15,2049,-2,-46,70,296
-13,2052,-5,-186,-146,372
-11,2059,-3,-164,66,361
-9,2063,5,-351,58,371
-4,2051,21,73,31,290
-6,2042,12,-70,-17,238
-8,2034,11,-189,30,183
-7,2027,14,-68,-103,138
-9,2033,10,-52,-178,93
-16,2045,6,-112,-150,136
-18,2048,10,-7,38,136
-14,2045,7,63,277,94
-11,2044,0,-13,98,57
-14,2042,-1,-27,103,30
-22,2044,-3,-35,-53,57
-19,2050,4,-6,308,71
-9,2057,4,23,534,52
-5,2059,4,-133,454,58
-11,2055,8,30,303,113
-16,2054,10,-51,345,108
-16,2055,9,32,181,115
-9,2055,6,0,328,109
-7,2057,8,-64,409,108
-8,2058,15,34,366,99
-6,2062,19,-124,367,123
-13,2059,22,-18,29,168
-23,2052,19,-150,-3,139
-27,2045,22,18,2,73
-15,2042,13,-105,141,27
-10,2044,14,29,-57,-43
-15,2051,7,-124,-244,-4
-15,2051,19,9,108,4
-7,2053,17,-12,321,36
-7,2060,10,-108,-56,48
-8,2058,12,-163,267,149
-17,2049,10,-70,-42,193
-20,2048,11,74,-129,127
-14,2049,3,43,129,136
-5,2049,0,-19,223,88
-2,2051,-1,-79,177,38
-6,2055,-3,-67,101,74
-13,2052,-4,-118,-110,102
-8,2045,-14,61,-319,77
7,2045,-34,-178,-410,-67
16,2042,-48,-179,-583,-198
24,2031,-75,-234,-1076,-402
43,2014,-97,-442,-1133,-700
71,1983,-123,-546,-735,-1103
93,1935,-157,-480,-230,-1437
97,1884,-207,-442,-40,-1552
87,1851,-257,-603,83,-1564
70,1840,-286,-372,170,-1554
57,1844,-296,65,247,-1569
65,1847,-302,690,374,-1482
72,1841,-327,842,330,-925
53,1845,-363,1109,-65,-86
16,1886,-435,2325,-2235,647
69,2012,-533,1938,-1371,1412
171,2236,-509,1383,-1296,1529
147,2515,-449,3463,-3640,1487
15,2876,-358,4024,-6165,1583
101,3174,-132,3287,-418,669
264,3302,184,2177,6148,-745
245,3217,537,-195,12545,-311
-46,2814,729,2616,9547,1601
-240,2422,581,4166,4074,2347
-335,2234,349,2069,752,1435
-334,2179,241,2161,3830,-1014
-217,2210,160,3324,9185,-4301
-165,2189,58,2365,8870,-5621
-108,1997,-10,2710,8213,-4471
-104,1779,-93,-430,5894,-2021
-183,1562,-104,-639,2542,-1082
-297,1414,-144,-1436,-500,-1652
-333,1300,-164,-811,-1715,-2324
-278,1232,-124,2806,-1399,-2503
-257,1263,-141,6153,-1197,-1790
-382,1360,-245,8191,-4454,-520
-439,1426,-330,9541,-5222,371
-388,1483,-441,10853,-3566,99
-341,1674,-601,7172,-5317,-350
-220,1978,-456,5054,-5653,-1169
-162,2183,-195,5477,-4258,-1326
-140,2204,-163,4060,-1989,-1522
-116,2162,-280,1359,-154,-1535
-93,2185,-451,1286,1731,-1028
-130,2314,-532,-2327,2213,-175
-169,2502,-378,-2104,2928,403
-176,2560,-470,-5070,4045,480
-151,2482,-520,-6963,4945,683
-178,2348,-534,-7743,5193,877
-254,2233,-504,-8616,1227,853
-261,2126,-379,-9370,1469,725
-205,1972,-352,-5550,3773,301
-218,1849,-534,-7215,2585,319
-314,1827,-521,-13265,2517,295
-493,1762,-352,-4102,-2367,252
-574,1789,-344,-9089,-5740,364
-549,1688,-199,-3443,-7021,455
-468,1667,-184,-3690,-5295,-54
-522,1643,-140,-3165,-7177,672
-539,1654,-88,-3763,-9979,1360
-468,1593,89,-950,-9318,1657
-323,1500,150,-1434,-7918,891
-141,1398,119,-1870,-6315,189
19,1317,131,-2754,-3647,1118
31,1282,142,-3339,-3669,3075
79,1341,263,-5859,-1581,4279
272,1456,504,-6234,3159,4357
343,1635,604,-7758,1692,2855
173,1891,536,-8499,-2805,2124
-211,2173,760,-6665,-2868,1843
-257,2204,855,-4709,3367,1575
-139,2219,762,-2154,3828,304
-194,2347,499,-1246,-392,-142
-205,2435,394,-1631,174,8
-76,2491,325,519,518,651
103,2670,225,667,486,-918
199,2740,106,1128,-604,-1960
151,2798,-40,3128,-808,-2180
-78,2983,-98,952,-1290,-1223
-209,2962,-61,1992,-1066,-679
-194,2805,-34,2150,-208,-147
-89,2597,-32,2197,682,525
32,2361,-29,973,1715,1101
98,2112,60,1004,2922,1073
78,1928,124,-214,2976,864
-10,1797,207,6,2829,676
-91,1720,254,148,2967,711
-120,1691,258,565,3769,1037
-129,1721,243,53,3754,1216
-143,1788,240,279,4417,1351
-131,1869,228,-220,3774,1105
-69,1935,228,217,4006,798
-18,2000,189,836,3093,597
39,2077,101,823,2018,549
36,2146,44,124,1567,135
-146,2177,50,829,-813,-424
-275,2141,31,415,-338,-452
-255,2059,53,888,1032,141
-156,2036,62,821,496,663
-32,2050,77,320,314,814
35,2043,115,112,553,821
24,2023,144,310,120,979
-4,2004,148,438,-146,1018
-44,2000,138,340,-710,1004
-69,2014,137,598,-750,940
-65,2045,137,290,-608,703
-28,2068,138,479,-255,514
17,2080,143,30,-148,553
23,2064,156,409,-296,554
-11,2041,149,225,-916,587
-33,2021,147,213,-693,711
-31,2033,159,212,-640,653
-15,2048,167,327,-430,515
0,2047,166,292,-444,511
23,2040,171,219,-46,535
32,2034,174,325,-115,466
31,2032,164,311,-21,345
17,2038,157,396,-77,340
10,2053,138,411,-25,316
-4,2066,127,281,-195,465
3,2067,134,317,-48,468
25,2066,130,314,220,338
40,2058,125,158,424,257
41,2041,119,283,415,212
34,2038,112,178,296,216
20,2043,108,269,125,205
13,2052,103,269,260,125
20,2054,100,281,435,79
31,2046,93,389,605,57
40,2032,82,350,1454,213
57,2019,84,430,2745,347
84,2013,77,836,2331,294
90,2012,63,571,1644,344
61,2008,65,967,1335,294
35,2013,51,799,1197,274
24,2012,40,946,861,483
19,2028,25,554,680,645
13,2050,22,730,183,705
16,2066,13,586,551,639
23,2071,22,459,410,496
33,2061,31,689,141,355
23,2052,33,403,-196,281
16,2038,41,310,-192,303
24,2040,46,153,-45,206
40,2045,46,-74,278,110
39,2037,46,139,321,136
18,2034,34,50,-65,196
-4,2031,30,153,-122,133
-10,2035,20,77,81,77
3,2046,19,-57,471,-71
15,2048,18,197,868,-150
9,2053,11,-80,350,-99
-8,2049,16,68,224,-10
-24,2041,21,68,120,48
-20,2037,23,268,21,86
-1,2045,14,5,160,66
6,2051,12,114,-28,106
10,2061,15,75,-24,119
17,2075,22,1,391,20
12,2090,30,-193,213,-63
15,2088,39,-194,310,23
24,2077,48,-226,390,99
23,2065,46,-255,283,77
16,2057,41,-392,309,112
18,2050,47,-294,248,85
13,2048,39,-324,-37,61
6,2047,34,-371,70,61
3,2047,38,-265,53,151
14,2053,42,-294,50,161
16,2053,43,-232,-47,167
14,2041,51,-247,-3,233
21,2030,48,-94,-57,268
30,2037,44,-283,37,248
24,2045,52,-157,40,228
15,2052,55,-221,160,234
12,2050,60,-63,209,220
21,2047,57,-47,208,285
34,2051,50,-107,135,219
36,2057,42,-256,33,205
21,2058,36,-501,-110,257
9,2048,49,-193,-85,264
20,2044,51,-284,72,266
43,2041,59,-317,395,235
36,2040,59,-207,48,275
14,2045,58,-118,0,332
-7,2049,51,-248,-253,409
-4,2048,57,-38,-332,440
12,2053,54,-98,-371,391
28,2052,58,-61,-346,262
44,2046,56,-215,0,157
36,2044,64,-83,-315,145
31,2049,66,-8,-204,148
21,2054,63,-171,-385,138
24,2054,75,141,-136,161
26,2060,63,-81,-297,131
32,2060,61,-76,-63,74
37,2053,59,-177,111,56
37,2049,70,-7,-46,25
39,2048,70,-53,-38,55
38,2048,51,-170,236,-15
25,2047,49,-128,-118,25
20,2050,48,-78,-291,52
26,2048,42,-57,-241,19
38,2042,43,-114,-2,-37
45,2037,41,64,578,-72
34,2035,36,-203,299,-20
18,2032,42,45,28,70
11,2037,39,-78,-65,139
20,2044,45,-12,62,111
30,2047,52,72,-67,67
38,2046,47,39,-95,87
34,2047,40,42,-38,69
22,2055,37,-66,11,24
16,2063,41,-67,105,101
19,2072,44,-99,14,156
29,2074,49,-166,157,127
33,2068,56,-188,59,105
38,2059,54,-104,62,88
43,2056,43,-318,230,79
30,2058,52,-390,-233,117
30,2052,64,-117,-37,41
40,2050,54,-153,333,-74
47,2050,53,-362,581,-60
30,2049,49,-252,-59,33
19,2048,44,-348,207,40
12,2041,58,-360,-9,2
12,2029,75,101,-82,-34
22,2025,72,-34,43,-68
23,2021,65,-32,-68,-101
27,2026,65,70,-145,-35
38,2044,63,-64,-151,-24
46,2057,61,-47,-89,-15
48,2063,64,-23,189,-43
43,2069,64,-83,432,-65
36,2076,69,-140,459,6
26,2079,69,-188,326,50
21,2073,74,-162,519,43
16,2062,73,-138,299,-9
16,2055,73,-222,216,-19
19,2044,77,1,408,-39
22,2045,69,-134,259,0
21,2044,64,-80,94,23
13,2042,58,11,-103,16
7,2041,49,-174,-25,9
1,2043,50,-42,-122,45
-2,2047,48,-2,-209,32
11,2042,46,5,-13,-45
21,2036,37,117,-250,-133
30,2030,23,75,-222,-233
25,2023,-14,-218,-894,-362
26,2017,-57,-472,-1268,-458
30,2002,-103,-795,-2053,-734
51,1958,-157,-561,-2329,-1169
87,1892,-217,-745,-2072,-1611
122,1813,-268,205,-1503,-2086
148,1760,-341,211,-43,-2327
166,1734,-393,331,1794,-2312
136,1736,-434,843,1688,-1809
49,1779,-485,876,-76,-821
-39,1879,-543,1517,-1242,287
49,2107,-513,-1036,2264,1240
163,2343,-443,1716,2321,1649
154,2559,-408,2072,-2313,1923
90,2766,-317,4010,-4591,1749
4,2993,-177,4031,-5004,778
35,3176,20,3266,-2338,-571
117,3221,324,3502,4659,-1383
145,3126,671,217,10705,-643
89,2763,931,2355,10746,1237
26,2353,779,4471,5519,1835
-98,2114,519,2853,1422,1388
-218,2039,412,3619,2792,-854
-234,2087,304,3764,7329,-3965
-219,2060,189,2854,6563,-4980
-127,1914,131,3381,4611,-4062
-71,1742,58,1174,2648,-2358
-152,1563,-5,942,163,-2435
-294,1442,-135,-65,-1500,-3828
-359,1390,-233,-3609,-2019,-4393
-323,1297,-82,1360,-2061,-4066
-243,1274,-69,5482,-1487,-2813
-286,1340,-185,7222,-2119,-531
-343,1419,-297,9015,-1903,519
-410,1532,-479,5994,-5882,110
-383,1667,-505,6514,-2871,-724
-397,1884,-535,4971,-3895,-1362
-402,2057,-432,3143,-4492,-1665
-344,2117,-287,3142,-2758,-1909
-201,2122,-267,1685,-875,-2185
-61,2123,-297,368,1133,-1234
-8,2227,-223,1134,3308,-644
-73,2389,-286,-1874,3670,549
-176,2473,-320,-2930,4947,1082
-266,2441,-448,-3614,5104,1262
-293,2388,-424,-5641,4668,1038
-252,2359,-341,-6596,5230,1111
-185,2260,-326,-6447,4630,1429
-144,2151,-434,-8278,5420,1320
-197,2023,-498,-7280,5475,1319
-319,1959,-508,-7846,3647,1007
-462,1918,-409,-9980,593,903
-464,1829,-202,-3849,2220,33
-414,1792,-176,-4766,759,-86
-414,1706,-311,-3246,-3425,224
-464,1699,-287,-8845,-4496,611
-595,1676,46,-3432,-4932,643
-623,1692,135,491,-7707,742
-508,1678,2,-871,-8714,581
-440,1622,-54,-3117,-8733,-144
-433,1555,96,-2475,-6613,-112
-330,1528,195,-3720,-4051,478
-140,1457,262,-3111,-1718,1160
18,1444,348,-4086,-1253,1648
29,1548,438,-5223,-2435,2672
96,1683,624,-5086,5018,2725
128,1816,777,-7508,5813,1986
101,1856,792,-4256,2771,1420
-29,1926,689,-4041,1082,1339
-81,1960,678,-2586,4821,888
-61,1950,603,-691,5817,1024
-86,2076,405,-12,2967,-269
-156,2168,272,366,-637,-324
-156,2268,154,1404,-2423,104
-153,2528,11,2541,-3500,-1325
-178,2802,-150,1259,-4100,-2776
-186,2961,-259,3200,-4593,-2741
-181,3162,-334,2656,-2736,-2720
-249,3106,-272,2211,-1386,-1728
-360,2838,-181,4157,-3315,-533
-313,2514,-212,3437,-3315,1040
-112,2169,-216,1949,-1309,2654
92,1916,-137,1164,-1054,3524
240,1841,-39,-2224,1242,2960
233,1800,120,-1502,4147,1833
92,1763,161,-1020,2405,1432
-45,1732,141,339,1375,1706
-165,1770,80,706,1212,1215
-253,1868,19,1141,299,462
-246,1976,-32,1694,1208,164
-185,2084,-93,1134,1962,434
-125,2191,-101,49,178,675
-67,2198,-43,623,531,872
-54,2157,3,41,780,991
-29,2103,78,640,779,1006
15,2063,116,808,1200,1135
53,2060,124,613,1451,1103
57,2074,124,-219,2046,1072
1,2067,132,-223,2201,1095
-72,2042,145,64,1531,1235
-94,2024,130,-176,1088,1223
-116,2022,128,-75,177,1093
-136,2032,119,-232,-953,804
-121,2035,119,-373,-800,555
-109,2041,136,-286,-1049,538
-81,2041,139,-138,-901,411
-54,2031,137,-322,-869,359
-29,2014,140,153,-1207,456
-19,2018,129,94,-1209,528
-21,2037,116,135,-1101,537
-10,2050,114,78,-606,496
5,2065,117,98,-111,514
5,2076,107,163,-128,411
-8,2067,91,-37,-226,416
-23,2045,93,171,-346,416
-40,2036,84,214,-996,334
-35,2041,80,156,-852,322
-22,2046,82,77,-813,328
-3,2043,82,352,-543,244
12,2048,70,115,-531,254
21,2054,67,288,-536,248
19,2051,56,166,-383,213
11,2048,45,201,-217,197
10,2053,40,33,-148,267
5,2061,45,77,-270,306
16,2064,49,-68,214,234
24,2060,54,-91,390,218
19,2052,57,-183,276,179
-1,2040,62,-59,-50,260
-12,2035,56,-44,-271,263
-11,2053,55,-194,-339,207
-2,2066,60,-168,-171,236
12,2070,65,-226,-85,274
17,2066,66,-272,-64,257
10,2055,73,-286,-111,315
-2,2045,70,-230,-322,337
-8,2037,68,-202,-249,299
-17,2025,57,-169,-407,359
-8,2009,58,-99,-288,313
9,2002,59,83,-155,352
14,2015,53,-81,-102,371
5,2027,51,-94,-396,410
-2,2034,60,181,-480,453
2,2047,56,177,-320,443
16,2059,53,104,-138,383
24,2065,56,-31,-120,361
21,2071,60,-147,-75,322
13,2073,76,-162,-13,293
7,2073,83,-159,-35,296
11,2074,88,-138,-11,290
18,2070,87,-237,-129,345
26,2064,89,-227,49,302
31,2059,90,-296,113,228
33,2053,84,-268,163,228
25,2049,82,-279,-43,290
20,2048,81,-255,-218,356
18,2056,85,-479,-367,355
17,2055,89,-306,-509,313
24,2054,92,-467,-437,358
28,2054,99,-373,-482,423
38,2057,103,-290,-438,372
43,2059,93,-404,-488,288
44,2056,96,-377,-563,320
45,2051,93,-364,-502,316
50,2046,94,-341,-574,298
61,2046,98,-345,-302,211
61,2045,92,-439,-441,241
64,2039,98,-338,-217,196
55,2036,88,-259,-275,188
44,2040,78,-458,-297,162
34,2038,83,-279,-553,182
35,2034,86,-165,-498,170
44,2031,91,-170,-252,97
50,2034,84,-238,-248,60
47,2039,81,-255,-238,48
40,2046,79,-395,-406,129
38,2050,90,-387,-484,132
47,2053,92,-188,-161,112
60,2057,84,-388,122,85
69,2058,95,-455,-21,63
68,2048,105,-192,17,67
69,2044,105,-347,163,109
68,2044,110,-289,212,91
73,2043,109,-258,520,95
70,2039,114,-286,263,125
65,2032,115,-192,323,126
57,2028,115,-77,283,132
58,2033,105,-109,456,132
50,2043,103,-135,81,166
41,2042,98,-207,68,205
37,2032,100,-140,103,187
48,2025,100,-115,201,112
64,2025,102,-200,351,86
63,2025,98,-71,201,0
52,2025,100,-1,348,11
38,2031,92,-99,215,90
40,2040,101,83,488,150
46,2059,97,-19,360,165
51,2074,94,-302,601,206
46,2071,109,-169,415,205
44,2063,119,29,351,156
44,2061,119,-197,405,187
49,2049,119,-45,513,228
48,2050,118,-334,446,227
41,2048,126,-162,419,235
35,2050,126,-145,194,218
37,2054,120,-264,267,160
36,2054,118,-261,248,150
34,2051,122,-295,139,148
38,2047,124,-293,174,153
42,2047,128,-173,142,101
49,2047,118,-357,282,102
48,2043,122,-240,164,128
41,2041,121,-298,106,144
39,2037,122,-192,17,209
45,2043,120,-196,36,162
53,2044,120,-191,131,110
58,2044,119,-130,151,122
51,2044,119,-180,118,179
40,2042,115,-160,51,227
36,2042,119,-111,21,236
46,2047,126,-171,170,210
60,2048,131,-21,50,178
69,2048,124,-214,113,134
59,2042,130,-77,20,140
55,2035,137,-130,244,133
49,2036,135,10,116,139
51,2043,125,-212,355,189
50,2042,134,8,29,117
51,2040,132,74,87,61
50,2032,129,105,144,13
50,2030,128,163,203,32
52,2034,128,150,277,50
53,2039,131,90,332,55
55,2042,133,109,334,90
55,2043,128,201,278,59
50,2045,118,57,308,47
46,2051,120,179,289,70
44,2058,113,82,308,51
51,2057,113,85,312,55
61,2053,114,-65,322,59
67,2041,114,-52,226,29
62,2028,107,-36,32,72
53,2023,97,-141,-32,65
40,2029,87,-89,-320,37
42,2037,69,-98,-604,-61
61,2043,46,-307,-599,-171
83,2047,33,-565,-566,-429
100,2044,39,-1129,-575,-663
95,2018,60,-855,-941,-830
94,1973,46,-612,-678,-1098
82,1936,-5,-868,-487,-1196
56,1932,-50,-1149,-1141,-1154
40,1949,-87,-843,-1467,-1043
65,1981,-136,-1255,-1184,-919
115,1992,-160,-1443,-409,-965
147,1965,-179,-489,889,-1004
145,1930,-246,-400,1796,-795
97,1919,-324,-441,357,-346
82,1984,-370,-800,858,202
119,2111,-347,-919,1845,273
119,2225,-348,47,1692,501
84,2349,-309,111,1983,1240
-57,2504,-135,1272,-3880,2201
-76,2650,-34,2115,-5001,1710
63,2774,166,3556,-3278,69
173,2952,322,4073,-1609,-1620
201,3063,468,2930,2617,-2514
187,2911,738,1467,9248,-1531
143,2568,903,4161,9652,158
151,2240,771,4205,6028,1178
81,1968,655,4635,3638,1082
10,1857,568,4252,6115,-1010
41,1924,489,3710,10390,-3844
43,1969,387,4025,9927,-3944
-8,1887,265,3342,6846,-1750
-101,1762,155,3050,3535,-174
-223,1651,-9,1844,2297,-384
-328,1548,-70,16,1753,-1474
-325,1470,-58,1501,1528,-2719
-236,1524,-48,3094,489,-3362
-205,1616,-124,3950,-1150,-2282
-306,1587,-153,6162,-2040,-1274
-428,1560,-222,8171,-3281,-1076
-480,1640,-378,5918,-4430,-1154
-415,1732,-406,5080,-4761,-1824
-336,1795,-403,4359,-4998,-2039
-282,1875,-328,3547,-4961,-2220
-220,1977,-256,1856,-3445,-2375
-154,2042,-221,1038,-83,-2567
-105,2123,-190,481,1416,-2206
-65,2242,-216,115,2873,-1319
-97,2370,-231,-950,3269,-503
-134,2445,-283,-3471,3935,-119
-171,2420,-400,-6350,3614,440
-184,2365,-379,-7824,6126,734
-209,2307,-358,-8439,7396,1201
-281,2222,-263,-5088,3630,903
-316,2110,-373,-5071,2799,983
-320,2028,-406,-6115,2717,453
-390,1949,-405,-7610,-147,617
-417,1831,-309,-5157,-879,384
-474,1775,-230,-6913,-1196,-249
-525,1709,-97,-4878,-2743,-1030
-552,1621,-265,-5288,-7336,-598
-557,1517,-140,-5054,-7694,-152
-669,1490,80,-5211,-10128,365
-587,1436,259,1925,-7961,104
-328,1490,128,-1771,-6432,-323
-173,1484,169,-2216,-6763,-296
-114,1428,185,-1596,-5460,890
-106,1430,236,-3892,-3924,2263
-65,1479,344,-3534,-3096,3673
95,1636,453,-5229,1006,4994
206,1805,613,-6434,577,4907
216,1886,792,-6560,1112,3592
90,1952,866,-6704,-155,2289
-20,1988,974,-2817,1549,1691
-147,2159,894,-2078,2328,1077
-145,2225,722,-1691,1303,668
-256,2232,519,-1306,-3330,976
-171,2214,398,-319,-3515,1282
36,2229,287,686,-1481,1276
186,2397,267,1036,730,-958
145,2606,187,1007,-660,-1966
-102,2719,138,1465,-1952,-854
-255,2735,97,2788,-1664,33
-270,2732,33,2946,-1156,625
-137,2684,-7,3848,352,749
28,2622,-40,2472,1471,676
151,2483,-5,2636,1918,710
177,2331,42,1646,1793,666
103,2163,106,1657,1483,334
-8,1995,157,1521,1255,202
-88,1866,198,1011,1732,547
-94,1782,219,1187,2674,914
-53,1746,207,1478,2692,1157
18,1768,145,1336,2270,1185
48,1835,99,518,1442,919
34,1910,79,805,341,633
-5,1996,66,46,489,391
-60,2041,101,1090,570,247
-65,2068,91,904,790,295
-32,2104,96,950,1239,374
9,2126,96,1009,929,530
41,2116,76,885,638,730
27,2094,67,851,534,749
-20,2068,55,865,-58,766
-37,2056,65,529,290,673
-35,2058,94,482,602,603
-13,2063,118,384,754,481
10,2057,132,294,1035,481
3,2048,130,146,1069,602
-26,2034,126,219,338,616
-34,2014,104,242,486,475
-42,2006,91,107,449,385
-39,2006,86,387,342,317
-30,2008,66,188,179,277
-32,2017,73,214,-54,254
-34,2020,80,309,-51,112
-24,2020,69,342,-79,120
-17,2035,63,309,-145,167
-19,2054,62,265,-275,240
-17,2059,66,280,-330,245
-8,2061,74,176,39,288
2,2066,87,94,142,264
4,2061,77,72,74,309
5,2051,86,63,134,339
-1,2051,82,99,-102,299
-1,2066,68,-167,-93,247
6,2070,81,-185,125,309
10,2064,88,-95,67,307
7,2059,89,-96,-99,331
3,2053,94,-180,-162,278
2,2049,92,43,-208,253
10,2060,92,-288,-338,221
32,2065,102,-122,-19,143
45,2070,95,-422,226,122
37,2068,108,-409,294,206
22,2051,115,-211,432,279
16,2035,113,-132,12,347
20,2029,100,-125,-350,379
31,2038,97,-186,-182,250
40,2043,102,-297,109,56
45,2041,97,-93,44,65
45,2053,97,-287,-16,152
32,2060,105,-91,114,95
25,2059,96,-267,63,137
29,2057,90,-104,-401,210
40,2063,101,-448,-184,150
44,2051,108,-99,-3,76
51,2043,101,-561,-5,120
61,2024,109,-144,236,147
58,2014,107,-425,273,197
40,1999,106,-134,-108,266
18,1989,88,-28,-347,268
6,1990,79,-39,-378,125
10,2002,80,126,-130,3
16,2030,72,-4,82,-28
27,2050,84,83,144,2
36,2057,87,128,283,-10
25,2060,87,172,-158,80
19,2058,89,57,-100,101
23,2057,95,158,101,13
29,2069,102,-13,213,-121
35,2077,103,119,418,-200
28,2083,105,-125,520,-116
11,2078,108,-111,302,-55
0,2068,109,-238,205,-15
6,2058,111,-228,334,-66
11,2054,106,-212,312,-96
11,2050,98,-239,172,-104
5,2042,92,-352,13,-86
2,2028,92,-200,68,-85
6,2017,90,-144,53,-98
15,2006,78,54,217,-129
15,2002,62,-126,348,-159
-2,2002,63,72,-2,-38
-12,2005,63,141,175,22
-17,2018,63,103,218,14
-10,2035,65,156,283,-34
-8,2057,65,63,209,-8
-11,2073,64,-37,196,-40
-14,2078,74,-169,87,-50
-10,2080,83,-139,159,-59
-5,2082,89,-255,173,29
0,2078,99,-245,201,73
4,2073,100,-318,367,106
-3,2072,106,-366,439,139
-13,2074,112,-406,327,204
-7,2071,123,-420,541,173
-3,2062,130,-361,475,152
-9,2053,130,-313,270,182
-13,2041,127,-479,460,187
-22,2032,122,-256,305,177
-26,2038,122,-443,67,197
-18,2042,122,-316,218,137
-9,2046,119,-301,133,33
-3,2045,122,-229,225,67
-7,2040,122,-140,191,123
-12,2042,119,-223,316,143
-14,2043,119,-72,214,133
-7,2043,110,-236,345,127
-9,2036,113,-97,312,117
-16,2034,112,-151,102,188
-14,2043,121,-125,48,223
-6,2052,127,-133,194,203
0,2058,124,-190,-52,201
1,2066,130,-205,-26,199
-11,2066,137,-166,-103,191
-9,2057,134,-175,122,113
0,2046,134,-30,129,70
8,2037,130,-123,378,61
11,2020,127,41,326,139
10,2004,117,148,119,216
7,1999,105,103,162,264
0,2002,99,198,-56,293
8,2010,100,230,256,233
5,2028,84,329,-3,137
-4,2052,77,-56,37,242
-11,2058,87,326,34,281
-8,2067,93,234,-54,201
6,2072,101,168,176,151
15,2070,101,179,88,126
22,2066,102,83,312,132
19,2067,109,37,418,129
16,2066,111,-40,494,163
9,2059,109,42,379,141
5,2050,106,-129,452,105
11,2046,111,-77,587,17
11,2050,112,-129,413,20
3,2054,106,-197,248,92
1,2052,105,-148,382,123
2,2049,101,-131,253,91
3,2043,103,-92,203,68
2,2038,102,-115,205,62
5,2036,103,-2,301,44
6,2041,98,-59,189,92
3,2049,94,-83,294,136
-3,2049,100,-51,295,195
1,2048,98,-52,315,162
4,2045,99,-42,204,140
6,2040,95,-13,304,177
4,2039,96,-57,374,112
1,2045,97,-92,224,93
-4,2047,97,-109,115,169
-1,2040,106,28,296,182
4,2038,101,31,152,138
-4,2043,88,-59,123,200
-14,2041,85,-204,232,296
-10,2040,99,177,107,269
3,2049,96,-13,243,176
18,2047,95,-7,429,106
13,2043,101,57,192,115
3,2045,99,-34,82,113
-1,2050,105,-67,31,126
7,2054,109,-65,34,176
13,2058,105,-233,54,184
20,2052,99,-94,220,131
13,2061,93,-250,142,136
9,2072,93,-246,103,156
19,2073,92,-264,245,158
35,2066,93,-349,268,42
38,2047,96,-409,297,1
24,2020,94,-292,92,45
8,1998,74,-420,-317,39
2,1989,48,-498,-863,-1
12,1982,13,-737,-1421,-209
39,1964,-28,-1171,-1672,-595
59,1919,-58,-1138,-1982,-987
76,1854,-96,-695,-1664,-1334
100,1788,-156,-600,-722,-1541
138,1736,-233,-3,710,-1621
178,1728,-312,-554,1261,-1463
204,1762,-321,-668,1670,-1016
151,1829,-334,339,334,-384
83,1945,-377,-442,-568,542
10,2101,-406,456,-1920,1428
37,2312,-415,-366,-145,2302
44,2480,-408,605,-4080,2713
-20,2646,-253,-138,-7045,3262
-39,2812,-44,1570,-6023,3140
80,3011,193,4251,-3694,1691
175,3238,324,5309,-1745,-218
278,3314,409,5613,329,-1244
322,3240,548,3782,5776,-1393
233,2978,755,3220,9511,-663
167,2603,827,3233,9380,311
192,2205,787,3953,6602,422
188,1874,664,4199,5725,-386
196,1747,562,3142,12496,-2677
98,1745,457,2879,13749,-4525
18,1683,287,2867,9587,-3282
-41,1538,108,-135,7254,-767
-193,1404,61,-1462,4644,167
-367,1367,57,506,2045,-1029
-550,1386,-83,-2628,-1414,-1930
-518,1302,46,3683,-1331,-2791
-424,1224,22,9636,-5365,-2963
-381,1231,-214,11343,-7301,-568
-288,1416,-446,8623,-6873,764
-157,1611,-518,8622,-3919,-379
-119,1776,-592,10151,-2608,-888
-228,2011,-552,5029,-4383,-1392
-253,2167,-309,3768,-1246,-3008
-172,2195,-274,741,1236,-3775
78,2215,-269,413,5729,-3943
150,2349,-306,-879,6788,-2002
-5,2526,-264,-1887,4990,-1072
-118,2592,-344,-5562,5731,-975
-165,2534,-463,-9135,4040,-191
-208,2432,-456,-9148,2310,-49
-210,2307,-344,-6746,3237,82
-234,2168,-371,-7222,3336,65
-276,1984,-422,-5474,2001,420
-270,1856,-486,-5764,4355,382
-326,1783,-483,-8116,1631,946
-342,1711,-267,-3201,1440,475
-481,1643,-335,-3847,-5354,541
-525,1546,-234,-2010,-3321,-221
-629,1522,-279,-4166,-5034,-134
-779,1529,-130,-4706,-9774,1453
-725,1511,49,1712,-12778,2497
-432,1552,-49,-1119,-12174,2302
-221,1501,-70,-1092,-13125,1797
-64,1425,93,-1973,-5446,1702
16,1371,196,-881,-3124,2204
294,1448,266,-4192,5102,1811
389,1592,478,-4348,281,2763
511,1729,589,-4815,3267,2384
374,1926,638,-9876,3853,1631
107,2104,911,-7251,3366,822
-62,2187,900,-3770,748,789
-31,2248,746,-2864,2910,-355
-238,2316,390,2255,-1462,-2082
-391,2461,55,-2215,-515,-2173
-413,2465,-30,1062,145,-347
-213,2552,-167,268,-359,50
-4,2666,-297,2554,-2644,-307
59,2691,-334,971,-2159,484
70,2717,-245,2426,-204,69
14,2834,-180,1150,-679,-362
20,2801,-62,1960,-149,188
62,2628,-6,2638,599,840
76,2418,-17,2836,409,1348
74,2200,-33,1881,1401,1613
30,2000,4,363,2585,1373
-5,1850,94,-217,3262,941
12,1762,157,395,4038,675
19,1719,155,-81,3599,736
-36,1692,147,413,1645,860
-116,1704,113,226,817,1092
-162,1737,96,105,248,1103
-131,1800,64,667,211,813
-86,1930,5,143,19,400
-62,2070,-27,808,-460,95
-46,2166,-59,265,-758,152
-34,2199,-45,1061,-924,344
-12,2233,-44,348,-821,496
35,2243,-6,431,-318,579
64,2238,22,-53,157,607
41,2214,59,-20,-194,739
6,2169,80,-139,-81,1011
-5,2117,100,-216,50,1024
5,2075,122,-439,371,831
18,2039,123,-598,382,585
21,2001,133,-647,147,456
2,1977,135,-384,-373,413
-15,1974,114,-561,-600,351
-21,1982,113,-180,-515,333
-8,2004,99,-138,-442,311
21,2023,91,-93,-124,265
39,2028,86,236,-189,247
45,2031,73,142,61,252
36,2034,60,332,-1,219
30,2042,53,63,261,178
20,2046,65,268,408,181
12,2055,73,358,227,204
13,2065,79,71,345,170
19,2058,86,231,384,90
16,2049,86,75,89,81
17,2044,89,91,376,-6
8,2049,84,100,248,-102
-2,2059,76,-35,126,8
-1,2074,82,-50,246,128
10,2077,74,4,477,112
10,2075,70,-109,491,69
2,2073,72,95,648,45
-7,2073,57,-33,668,-6
-5,2062,46,16,720,-16
-20,2057,29,-151,545,71
-40,2055,24,-322,107,173
-45,2039,32,-193,-126,211
-41,2025,44,-145,-162,186
-24,2013,47,-98,-144,98
-10,2000,40,-29,-366,86
-3,1999,38,-155,-202,34
2,2004,42,-24,-157,-52
6,2016,42,-23,75,-35
1,2028,47,40,-39,28
-1,2038,41,126,-157,154
5,2055,38,33,-62,250
17,2077,51,-110,55,214
32,2091,65,-223,516,153
33,2086,67,-213,403,156
27,2080,65,-418,576,227
-4,2075,79,-291,178,272
-14,2069,81,-347,-84,306
1,2066,86,-372,146,265
8,2065,99,-418,1,233
7,2054,107,-235,-223,263
4,2041,92,-275,-396,321
-1,2037,81,-463,-300,340
-17,2035,82,-325,-639,418
-11,2032,75,-364,-576,371
10,2031,75,-314,-493,242
21,2038,80,-414,-514,129
17,2040,83,-239,-408,111
17,2039,88,-305,-120,71
2,2043,83,-147,-420,184
-8,2052,74,-286,-403,322
0,2047,78,-181,-367,367
22,2045,81,-22,-295,240
38,2056,90,-185,-38,193
45,2060,93,-216,33,168
41,2055,94,-99,-44,176
34,2053,88,-212,28,186
28,2053,86,-216,114,203
25,2050,84,-152,127,250
28,2047,82,-245,189,203
34,2043,87,-157,213,187
31,2048,91,-116,63,170
29,2048,83,-169,225,158
26,2047,83,-270,-30,247
31,2049,84,-152,-51,248
36,2056,92,-306,51,219
40,2053,102,-109,319,140
39,2050,100,-159,305,96
38,2046,98,-150,422,150
29,2043,99,-230,245,283
21,2038,96,-15,72,257
22,2034,87,-257,23,187
20,2029,82,-53,-39,164
20,2035,85,-190,-257,175
33,2041,90,-156,-105,168
51,2046,96,-86,-9,83
59,2049,93,-24,310,26
42,2048,83,-246,-2,116
33,2040,90,-34,76,185
24,2045,84,-105,-255,208
28,2054,82,-273,-73,180
37,2052,87,-86,86,159
42,2051,88,21,142,114
39,2054,94,-68,286,160
41,2053,99,-102,285,166
47,2051,101,-75,302,150
45,2051,106,-97,354,128
39,2048,108,-58,217,167
33,2049,103,-217,219,102
33,2045,106,-93,324,55
30,2046,103,-119,228,118
26,2051,102,-144,200,152
26,2056,102,-156,166,130
33,2060,106,-70,124,39
44,2059,103,-109,380,-26
42,2055,91,-161,543,-29
21,2051,90,-98,194,78
3,2050,92,-123,398,189
-9,2058,91,-10,245,218
5,2069,88,-171,246,241
23,2075,91,-225,481,167
26,2076,96,-220,447,78
17,2070,105,-318,250,65
20,2058,113,-359,351,6
25,2039,113,-241,333,-42
23,2032,107,-280,-15,-40
20,2033,104,-404,117,27
22,2025,112,-270,214,45
34,2019,115,-273,417,45
33,2027,98,-242,289,101
32,2030,87,-493,387,130
17,2027,93,-175,50,218
11,2036,96,-62,-57,131
19,2040,97,-260,8,156
35,2038,101,-52,-250,160
48,2040,97,-162,24,145
40,2042,94,-239,-124,168
33,2042,103,-46,-84,272
41,2051,101,-292,196,287
53,2059,109,-239,313,284
55,2064,103,-301,357,272
38,2063,104,-286,310,236
20,2058,110,-395,182,264
21,2056,120,-174,67,199
35,2053,120,-171,124,124
44,2049,122,-172,24,27
52,2039,124,-255,533,-25
38,2032,135,-32,186,-15
29,2032,135,-76,113,45
31,2031,135,-168,284,20
36,2029,136,73,259,3
44,2032,122,-127,292,-2
41,2034,122,-92,304,-12
33,2032,126,-1,435,11
31,2033,123,-68,468,-11
24,2040,119,77,179,-7
28,2043,114,-2,422,24
28,2043,110,38,311,3
20,2053,104,-46,299,50
9,2050,104,-91,138,129
13,2038,108,85,21,106
24,2036,102,-72,95,85
42,2029,97,-78,107,30
58,2023,87,-217,73,-35
62,2014,70,-358,-227,-137
67,1989,33,-406,-660,-269
90,1944,-21,-710,-845,-577
123,1870,-77,-572,-476,-1063
132,1800,-143,-1166,346,-1321
109,1753,-180,-1155,163,-1291
82,1739,-214,-727,-208,-1089
81,1769,-271,-108,11,-1027
97,1849,-391,301,-135,-945
159,2035,-395,-914,929,-705
184,2263,-320,1402,-121,-291
127,2457,-357,3260,-715,552
-47,2562,-376,3275,-4802,1755
-102,2659,-269,3792,-3273,2162
77,2878,-85,3358,-2622,1189
257,3166,91,3526,-3125,-629
260,3306,293,1472,428,-1510
229,3161,633,2264,9068,-1617
181,2900,884,1755,12244,-845
160,2503,906,3162,10205,351
110,2109,796,3260,6344,845
27,1852,678,4400,6309,-710
13,1836,528,3655,9474,-3908
-12,1919,366,2156,10769,-5067
-88,1865,266,3268,8097,-3352
-153,1750,112,634,6072,-1560
-257,1620,28,281,2985,-1251
-362,1521,-51,-15,1879,-2580
-436,1413,-129,-1326,1145,-3418
-422,1291,-99,678,42,-3595
-273,1212,-35,7590,226,-3074
-224,1245,-234,7235,-2420,-828
-338,1331,-449,6172,-5836,1301
-388,1451,-485,9692,-3828,435
-390,1707,-538,7434,-2870,-996
-372,1899,-475,7359,-2763,-1498
-345,2048,-376,3966,-1772,-1262
-251,2151,-260,1900,-380,-1741
-74,2152,-212,1672,3342,-1940
26,2222,-266,280,6007,-1146
-39,2342,-311,0,5621,237
-165,2462,-314,-2083,4203,801
-239,2471,-435,-4076,3854,841
-262,2413,-513,-7124,2452,1082
-301,2310,-507,-5889,1086,1208
-359,2186,-537,-5767,-1011,1305
-305,2098,-495,-6226,1703,909
-240,2041,-417,-6208,1436,423
-212,1958,-490,-5012,2620,73
-312,1933,-456,-10319,643,-196
-395,1857,-308,-5609,-889,-748
-539,1866,-159,-7397,-3341,-446
-578,1824,-151,-2997,-5074,-510
-530,1794,-91,-6209,-6831,-455
-493,1680,-119,-477,-10879,-648
-504,1703,28,-7539,-8876,-180
-461,1620,211,2493,-4437,-533
-421,1678,45,-2662,-8197,-227
-361,1676,85,-2313,-10779,533
-308,1601,158,-2147,-11622,698
-218,1457,223,-1757,-9177,390
-94,1374,272,-3010,-6155,895
78,1369,380,-2321,-3003,2129
243,1406,463,-2345,-1397,3499
326,1420,450,-2999,-1298,4090
341,1485,554,-4462,1503,4347
291,1653,576,-4881,3624,3736
216,1925,652,-4561,4877,2266
108,2049,678,-2785,2856,928
23,2149,625,-1431,4687,440
-65,2313,479,1086,2278,489
-146,2535,278,477,1424,138
-163,2610,180,1296,1870,-55
-70,2678,31,2478,1589,-486
-2,2899,-114,2400,687,-1295
-57,3038,-224,1697,-475,-871
-126,3068,-223,2474,-812,-266
-150,3044,-194,1835,-113,101
-104,2892,-135,1559,682,586
-17,2655,-79,1871,927,1407
49,2416,-16,478,1920,1648
71,2174,75,84,2531,1550
52,1970,136,-473,2809,1555
18,1796,182,-1014,2871,1512
-34,1680,227,-359,2659,1519
-86,1634,207,-3,1836,1542
-126,1650,167,-395,1695,1383
-129,1695,162,115,1465,1031
-99,1763,132,288,1243,723
-65,1853,104,-231,1273,603
-72,1930,104,464,529,629
-81,1996,68,290,161,720
-92,2060,63,314,-340,819
-74,2108,64,775,-230,688
-25,2147,44,408,-316,599
27,2165,64,591,33,571
53,2160,80,501,278,561
55,2131,85,146,384,659
27,2090,103,73,102,807
-5,2055,132,241,254,718
-31,2024,133,297,-169,653
-21,2002,129,132,47,636
-5,1999,134,214,228,577
10,2009,131,30,-63,403
28,2005,120,192,-120,306
32,2004,99,32,-134,306
28,2014,105,220,-158,304
20,2029,102,439,-657,420
17,2049,93,63,-134,517
23,2057,113,374,-86,532
45,2063,123,547,325,417
56,2061,117,433,557,376
47,2047,115,477,482,391
35,2040,115,407,405,499
29,2043,111,399,217,511
34,2056,115,94,420,459
43,2070,116,218,628,329
38,2075,118,81,383,270
36,2060,115,108,314,278
41,2047,111,91,362,282
33,2044,106,94,8,172
30,2044,102,52,-30,92
31,2037,100,80,69,59
28,2034,102,109,-142,134
30,2034,100,211,239,158
37,2033,86,15,150,169
38,2032,80,193,15,217
33,2038,73,94,-4,259
39,2042,64,104,42,190
49,2048,56,22,-6,191
54,2059,58,-58,146,154
51,2064,64,20,292,112
42,2059,61,-65,-36,179
47,2046,67,16,56,277
61,2046,69,-135,185,175
53,2046,65,-130,0,223
35,2047,59,-151,-378,223
30,2051,58,-349,-298,229
33,2050,75,-72,-300,219
44,2056,77,-194,-36,204
58,2053,79,-63,75,183
65,2046,68,-101,228,145
63,2044,60,-231,317,94
46,2045,65,-144,142,141
36,2050,81,-270,193,158
31,2055,87,-104,275,112
36,2055,90,-293,348,18
33,2045,89,-223,176,22
25,2038,93,-227,-53,20
19,2038,98,-241,-194,-35
24,2037,103,-211,-356,-143
39,2041,107,-228,-496,-186
54,2049,112,-436,-388,-210
50,2054,116,-270,-461,-213
46,2058,97,-542,-605,-71
42,2060,97,-601,-655,149
41,2059,100,-457,-384,247
37,2059,95,-387,-519,274
38,2060,90,-503,-546,287
48,2054,95,-436,-391,269
60,2046,102,-300,-350,210
68,2045,100,-358,12,126
55,2042,100,-299,-348,155
44,2034,102,-297,-221,248
25,2030,95,-91,-458,254
29,2032,95,-502,-154,206
42,2023,108,-25,-53,129
55,2026,110,-237,78,64
56,2029,110,-72,196,24
48,2027,103,-165,194,29
43,2032,106,-120,215,66
37,2044,104,-245,236,6
36,2050,108,-131,247,-16
32,2053,108,-47,90,15
37,2058,111,-262,253,-19
43,2060,119,-96,289,-61
42,2061,117,-258,221,-71
33,2059,117,-87,212,-56
24,2057,115,-298,162,29
23,2053,117,-101,226,25
33,2052,121,-170,382,26
39,2050,118,-119,533,1
38,2047,114,-313,452,10
27,2044,118,-193,328,34
13,2042,118,-107,268,86
9,2045,116,-259,347,134
11,2046,119,-219,22,129
24,2041,112,-268,95,102
34,2035,111,-263,162,7
33,2029,115,-417,54,-48
22,2027,130,-296,179,-44
7,2024,127,-277,18,57
12,2022,130,-200,220,105
20,2030,122,30,35,128
23,2051,108,-390,-174,184
29,2063,115,-114,-94,171
39,2072,120,-213,71,124
41,2087,129,-292,162,100
43,2087,137,-243,277,150
42,2071,142,-285,334,136
37,2055,151,-265,439,143
26,2046,150,-336,217,140
25,2037,152,-323,153,166
25,2026,145,-182,191,138
23,2021,141,-421,-95,81
23,2015,141,-260,142,41
14,2018,138,-243,-82,55
22,2024,138,-148,-36,33
34,2033,131,-150,36,13
38,2038,124,-119,-107,24
36,2036,123,-62,-42,49
25,2044,118,-179,-60,94
21,2061,128,-155,100,176
24,2068,137,-96,10,164
30,2063,141,-163,-90,165
35,2058,141,-263,2,174
39,2053,149,-341,44,103
44,2042,148,-88,222,68
47,2043,143,-437,125,152
45,2043,157,-8,5,154
47,2051,154,-297,230,80
42,2047,147,-194,239,69
43,2039,147,-246,372,60
26,2032,142,-35,48,130
16,2036,132,-319,217,150
20,2031,145,-114,84,137
38,2031,144,54,37,70
48,2035,139,-202,203,105
45,2026,141,108,219,78
36,2022,135,-64,102,135
31,2030,141,11,26,128
41,2046,143,-75,100,103
47,2054,138,-161,-103,138
54,2054,142,-126,77,120
54,2054,152,-298,272,101
51,2050,163,-113,321,89
43,2053,157,-317,351,118
31,2051,155,-122,170,182
35,2044,146,-299,282,204
37,2032,136,-177,-39,82
48,2022,116,-363,-155,-49
52,2016,108,-516,-395,-231
45,2003,92,-483,-776,-415
36,1967,55,-540,-1245,-548
41,1904,-7,-450,-1297,-762
66,1826,-80,-539,-1160,-1036
108,1747,-143,-422,-418,-1507
132,1678,-208,-232,-184,-1785
145,1639,-268,-233,261,-1837
130,1664,-300,-460,33,-1744
78,1753,-361,809,-895,-1165
32,1956,-423,-702,-1461,-151
29,2243,-426,276,-1392,681
46,2544,-369,1538,-469,1336
27,2767,-262,3623,-3749,1808
35,2986,-54,2486,-4401,2022
171,3151,162,4333,-2454,436
212,3277,378,5431,-870,-1321
249,3265,544,4453,4682,-1551
232,3122,765,2838,10800,-995
170,2827,896,3358,12347,209
149,2470,778,5033,9035,731
80,2144,636,3686,5726,369
50,1948,548,4132,8179,-1995
33,1949,443,3304,12394,-4736
-48,1908,326,3682,11436,-4536
-85,1773,166,2130,8990,-2493
-147,1618,90,1325,7351,-734
-314,1504,47,-559,4681,-840
-515,1396,-18,1158,-460,-1966
-568,1288,-109,-818,-1767,-1965
-478,1153,-67,1548,-3060,-2231
-346,1118,73,5871,-2117,-1986
-310,1172,-19,11218,-4090,-864
-304,1295,-373,8992,-9998,402
-275,1458,-623,8512,-7132,920
-323,1810,-717,3842,-6510,12
-404,2083,-336,4608,-6951,-1950
-365,2137,-347,1355,-3235,-3225
-148,2115,-343,-887,2799,-3886
113,2107,-239,3574,2516,-2640
208,2284,-249,4474,3280,-876
104,2578,-302,-1757,5001,562
-59,2643,-379,-4692,5466,863
-141,2616,-441,-8065,6314,1019
-218,2511,-452,-8603,4452,932
-239,2370,-404,-8699,4485,721
-255,2191,-439,-6892,5408,660
-286,2037,-462,-7988,4604,896
-334,1902,-376,-4881,2524,614
-380,1774,-281,478,1451,729
-421,1757,-441,-4783,591,618
-479,1693,-475,-5081,-2137,730
-532,1638,-301,-4890,-3176,472
-633,1572,-151,-2188,-6487,181
-722,1513,-107,1525,-7352,249
-774,1510,-164,-3712,-11762,1853
-699,1452,4,-4551,-15078,3016
-455,1309,84,503,-14654,3232
-53,1217,132,-4350,-9521,1901
280,1023,161,-872,-2235,-510
178,968,165,-2517,-3507,589
18,1213,249,-4090,-4975,3039
121,1803,447,-4696,-197,4185
258,2539,676,-7560,2621,1979
257,2342,894,-6855,4178,2492
214,2263,1014,-1038,3360,2417
253,2453,872,-3864,4044,1246
112,2519,716,-2941,2097,-44
-21,2470,429,-2251,828,-1819
-151,2536,186,-413,868,-2090
-126,2706,2,1858,3141,-1422
-43,2971,-194,1406,1291,-894
-14,3033,-299,1350,487,-550
-64,2906,-290,2300,1571,-664
-73,2731,-226,1815,2958,-751
-14,2562,-145,1347,3212,19
59,2369,-64,1434,2817,1141
42,2171,-7,915,2150,1529
-40,1987,32,361,1267,1871
-75,1824,88,579,1497,2224
-62,1731,82,-488,1119,2017
-36,1698,112,-403,1662,1419
-64,1717,164,143,1102,993
-72,1757,150,972,1060,812
-79,1825,81,200,-241,577
-112,1909,75,662,-534,494
-134,1987,53,998,-1108,418
-112,2042,14,645,-1384,370
-77,2076,14,890,-1091,463
-30,2107,13,1004,-975,604
12,2141,0,688,-519,633
21,2158,17,659,-442,565
8,2139,28,564,-586,548
0,2104,47,626,-415,667
3,2079,66,361,-86,743
26,2067,90,362,249,745
41,2068,87,112,-37,830
32,2066,102,-192,-20,819
9,2052,96,194,-452,667
-5,2062,92,-186,-711,633
1,2064,92,-515,47,480
4,2045,107,-13,-188,394
25,2027,98,-377,-227,546
28,2015,110,-133,-478,714
33,2006,110,-41,-657,643
42,1998,93,108,-1051,506
59,1993,62,402,-971,446
75,1999,41,144,-634,399
78,2014,46,78,-628,442
58,2039,66,-139,-1171,507
57,2040,79,10,-285,252
48,2033,79,224,-137,219
56,2039,66,263,-92,317
72,2049,53,168,27,295
71,2068,54,-208,10,173
45,2086,81,-65,-329,68
25,2083,94,-13,-185,-27
24,2063,88,168,136,-39
39,2049,70,206,90,16
60,2041,55,6,186,-19
61,2031,52,89,363,-142
40,2020,52,8,271,-176
20,2011,56,-21,420,-119
21,2017,68,272,659,-3
27,2042,55,65,430,48
27,2057,44,-222,119,15
18,2050,54,-17,184,29
5,2049,66,-16,153,-46
7,2053,67,-52,465,-109
6,2060,67,-71,199,-63
6,2069,67,-67,105,-41
5,2075,73,-210,219,-87
3,2073,78,-262,128,-70
5,2070,82,-193,230,-43
-1,2068,86,-351,174,108
-1,2063,95,-180,243,180
7,2057,85,-330,162,104
7,2048,84,-364,90,91
6,2043,93,-406,138,97
8,2041,96,-131,42,118
17,2045,88,-555,375,110
14,2041,105,-204,323,162
14,2037,110,-265,322,279
16,2032,102,-231,274,420
22,2030,108,-235,424,350
23,2031,93,-46,194,268
19,2038,75,-201,41,198
19,2046,77,-211,73,110
16,2048,80,-107,80,2
14,2046,77,11,179,3
9,2049,74,-180,-53,66
14,2049,76,15,-9,181
8,2047,66,-117,-253,190
7,2043,67,-251,-223,191
10,2044,80,-63,-205,222
18,2048,91,-177,-115,206
28,2046,99,-42,137,143
33,2041,98,-104,-2,100
31,2038,93,-63,1,59
27,2046,89,-219,-4,105
29,2055,95,-125,17,138
24,2066,98,-270,-20,173
22,2066,99,-239,80,127
24,2058,103,-209,2,91
31,2053,94,-81,23,57
32,2055,94,-396,19,71
30,2050,95,-96,-132,62
29,2049,91,-299,41,56
30,2045,94,-35,50,71
33,2041,80,-60,85,67
34,2040,74,-171,113,74
30,2040,79,-100,100,76
25,2041,81,-69,37,100
22,2042,84,-32,67,76
27,2044,84,-85,259,107
35,2045,86,-123,290,79
36,2039,81,36,323,27
37,2035,78,2,776,-34
18,2037,84,63,705,22
0,2039,91,315,811,117
-9,2048,81,236,594,114
-20,2056,66,50,400,151
-21,2052,75,-1,267,205
-12,2042,85,255,139,179
-2,2044,85,146,-53,124
15,2042,90,-48,59,129
28,2039,92,-2,-19,97
29,2043,92,-158,-18,74
30,2050,88,-79,102,87
30,2060,84,-284,343,106
34,2069,88,-177,441,94
32,2071,87,-262,417,107
26,2065,84,-265,255,115
15,2058,87,-256,154,146
8,2051,85,-163,171,135
15,2047,85,-381,4,132
25,2039,92,47,104,93
33,2038,87,-211,173,87
24,2029,80,-43,81,128
15,2024,80,-14,166,166
12,2030,80,26,129,207
18,2036,78,137,383,169
23,2037,67,228,443,205
30,2037,52,59,579,215
28,2042,60,104,380,192
25,2042,73,158,427,137
16,2043,79,225,291,135
14,2049,74,241,302,207
14,2058,70,-50,267,274
12,2060,73,45,12,310
10,2060,71,-113,-45,271
15,2057,78,-137,-7,239
27,2057,87,-87,177,157
30,2064,84,-127,141,126
30,2063,86,-140,259,168
33,2053,88,-109,249,151
32,2047,85,-153,252,142
27,2046,85,-253,280,84
22,2042,84,-120,199,120
23,2043,77,-176,210,78
28,2042,78,-114,225,10
30,2040,73,-1,315,20
26,2043,74,-49,200,34
20,2045,71,-52,87,55
19,2045,71,30,53,48
24,2046,68,-7,124,23
28,2042,67,204,356,9
30,2042,65,-122,289,65
26,2037,70,97,301,32
8,2031,69,-87,75,119
3,2025,75,28,102,174
10,2028,67,-97,-25,166
17,2040,73,-22,-275,212
30,2052,75,-88,-21,174
38,2064,77,-52,-61,117
38,2070,78,-102,119,83
30,2068,78,-83,-71,83
30,2066,80,-116,252,83
23,2069,74,-66,-100,103
17,2072,67,-335,6,122
16,2064,79,-259,156,146
20,2059,85,-67,-45,83
29,2056,87,-192,267,48
29,2041,81,-43,219,34
29,2034,78,-157,454,31
15,2039,80,23,165,64
13,2045,74,-94,166,96
20,2048,72,-57,260,64
26,2050,70,-21,222,6
22,2050,68,14,187,-2
17,2051,67,-16,313,-7
7,2049,68,10,390,19
3,2046,64,4,295,37
8,2041,67,63,264,3
11,2038,67,39,362,-8
12,2039,70,94,268,6
15,2045,73,102,334,11
10,2049,68,74,171,35
0,2048,68,157,126,112
-6,2050,68,119,80,160
-4,2053,73,204,102,177
13,2056,68,-11,358,130
20,2050,74,146,87,71
20,2047,71,76,136,62
11,2040,64,-64,-195,154
18,2030,66,-36,4,130
33,2025,51,-94,-369,30
37,2023,6,-319,-670,10
30,2008,-26,-594,-1479,-11
43,1967,-59,-331,-1882,-343
78,1903,-120,-392,-1811,-906
125,1807,-188,-328,-1346,-1408
170,1697,-276,-227,-138,-1747
164,1615,-374,-232,-1018,-1796
139,1603,-474,-86,206,-1670
118,1692,-535,-1149,1541,-1456
76,1841,-538,-201,-621,-516
54,2093,-589,459,353,455
15,2444,-636,-580,1407,1593
-37,2772,-401,542,-2682,2720
-21,2948,-222,4815,-4886,3198
87,3131,-116,2186,-3374,1632
178,3266,161,5924,-989,-567
220,3344,319,3158,3515,-1555
227,3226,634,2408,10675,-1280
129,2954,861,1805,12105,-185
77,2570,851,3319,10920,757
31,2210,733,3708,6449,575
-12,1962,575,3306,6158,-1245
-18,1914,438,1621,9989,-3723
-49,1934,352,1,11053,-4479
-66,1822,295,-145,9073,-3055
-80,1590,168,-1356,5983,-1026
-170,1359,118,-2302,3707,-426
-304,1220,66,-801,100,-1721
-395,1156,20,584,-46,-2159
-391,1139,30,4472,-279,-1837
-299,1196,-77,11602,-2483,-718
-188,1421,-396,8092,-262,1552
-318,1650,-588,4265,-4991,2242
-336,1766,-465,7794,-2152,-56
-282,1930,-476,6387,-2277,-1036
-153,2094,-492,3570,-77,-1596
-153,2186,-425,2572,-1725,-1253
-126,2279,-252,734,575,-1900
-87,2306,-238,-1042,1965,-2161
-75,2323,-295,-1199,817,-1272
-82,2381,-331,-3252,935,-472
-133,2393,-321,-3444,43,-418
-108,2384,-428,-5932,2355,-407
-132,2305,-517,-9045,2310,430
-163,2220,-462,-8980,1916,304
-167,2105,-290,-7862,2415,153
-172,1968,-239,-3505,2229,606
-238,1845,-438,-6520,1157,368
-325,1719,-420,-10447,691,133
-442,1631,-60,-4302,625,-165
-631,1608,-60,-212,-7362,420
-552,1579,-93,-5478,-5819,1142
-481,1462,51,-1879,-7204,1392
-397,1424,119,-590,-6081,1545
-358,1457,98,26,-8568,1919
-275,1501,166,-108,-5374,1711
-184,1534,197,30,-4987,1503
-67,1566,212,-1378,-4393,2009
47,1513,226,752,-544,2516
28,1540,290,-3246,1270,3693
10,1679,448,-3389,638,5101
160,1892,552,-7085,-212,4982
475,1989,583,-8493,-1459,2343
529,2114,646,-10018,-5181,-6
181,2387,823,-4021,-2513,-1747
-437,2490,731,-2519,-3182,-1763
-486,2228,523,703,4336,-1011
-417,2186,112,1442,-355,524
-103,2382,-93,216,-188,974
211,2604,-141,-231,-31,-288
278,2637,-165,-639,657,-1078
213,2613,-107,1391,1919,-951
88,2609,-91,719,-209,-35
41,2507,-44,2413,-1132,1170
47,2435,-50,2225,-1229,1528
126,2427,-55,348,-167,1136
203,2393,34,95,1205,1001
222,2317,91,460,903,1474
215,2250,93,-778,266,1658
160,2191,159,-766,-38,1042
61,2093,211,-504,-682,726
51,1988,196,-702,149,723
79,1962,208,-1451,-209,700
65,1964,231,-564,-420,815
23,1943,242,-868,-736,980
5,1901,274,388,-461,764
7,1879,237,-393,861,474
8,1843,225,618,355,640
30,1859,180,591,135,766
55,1919,148,-37,47,318
70,1964,170,65,91,-200
56,1988,204,201,429,-222
17,1979,211,550,880,-101
-5,1949,208,884,1689,-24
-2,1934,180,882,1168,87
26,1957,159,795,1078,-143
34,2002,148,427,462,-387
31,2042,157,616,422,-495
18,2071,176,496,825,-564
-9,2068,188,939,493,-389
-25,2044,168,788,31,-35
-7,2022,148,886,-19,144
29,2031,133,517,-101,9
66,2052,136,292,48,-246
78,2057,142,286,-50,-248
68,2053,149,24,21,-104
33,2049,183,292,-402,130
17,2036,180,612,-504,251
26,2031,158,175,-550,245
40,2045,161,325,-829,209
53,2071,152,240,-917,110
61,2092,155,31,-665,107
67,2090,161,69,-312,163
67,2083,164,117,-211,209
49,2077,173,102,-515,341
44,2065,181,51,-586,404
52,2061,178,168,-511,320
71,2064,176,-182,-339,180
78,2054,178,90,-344,117
77,2043,168,-46,-337,109
68,2034,165,129,-421,52
56,2032,166,-82,-179,62
40,2030,162,16,-279,131
31,2030,146,-52,-397,174
32,2034,144,-192,-330,250
33,2039,139,142,-385,197
35,2043,133,-137,-394,110
38,2045,134,210,-256,78
49,2053,125,6,14,32
51,2058,123,124,-68,-21
38,2059,121,119,-80,-18
26,2055,119,173,175,9
21,2050,117,207,295,24
35,2050,109,67,247,59
49,2052,118,7,100,4
49,2046,121,109,160,-57
25,2039,109,-128,46,-79
15,2035,124,-55,390,19
6,2034,121,125,84,110
12,2040,107,-190,287,127
19,2040,111,-160,244,125
22,2038,120,-138,56,98
21,2040,119,-79,69,86
22,2041,128,-284,122,68
28,2040,131,82,211,18
30,2056,128,-381,228,131
30,2061,136,-184,155,178
27,2057,140,-98,-12,191
26,2056,142,-199,-54,182
30,2056,146,-219,86,159
29,2051,147,0,114,210
36,2045,139,-348,296,192
38,2040,144,-107,294,162
29,2041,140,-242,6,149
24,2035,145,13,-67,126
27,2030,139,-100,75,111
25,2030,140,-36,-110,156
30,2032,139,-45,-49,144
37,2033,139,38,-169,130
41,2039,139,74,-138,155
40,2053,135,-40,-190,172
46,2053,143,130,-78,132
49,2047,142,99,-165,182
54,2048,135,27,-45,113
46,2050,130,-1,-203,155
34,2042,123,61,-540,187
43,2036,121,-69,-134,160
44,2037,119,88,-340,151
46,2039,108,-170,-5,155
44,2032,115,49,138,164
44,2031,119,46,77,158
48,2035,118,29,-33,151
46,2038,113,135,-137,170
47,2045,112,-39,-47,159
51,2046,111,-39,132,84
55,2045,117,18,187,69
55,2049,112,10,62,107
56,2059,116,-9,72,135
59,2060,115,-129,267,87
47,2054,112,-153,22,107
39,2048,119,-107,1,164
41,2043,121,37,13,161
48,2047,110,-54,67,143
58,2046,106,-192,105,86
58,2043,102,-84,241,53
43,2039,101,-181,322,94
24,2036,101,-48,244,186
26,2036,104,-177,251,215
37,2035,112,-103,404,149
44,2033,114,-195,246,154
43,2033,113,-238,137,155
36,2032,121,-191,129,169
32,2034,125,-58,152,198
45,2043,127,-131,195,122
54,2054,124,-4,281,60
48,2063,120,-285,10,100
55,2060,132,-248,361,87
49,2056,125,-140,227,127
36,2063,119,-484,190,232
39,2057,135,-340,360,185
53,2053,140,-295,240,152
65,2054,148,-286,210,102
62,2049,148,-342,262,154
58,2042,148,-260,287,104
54,2038,147,-285,321,57
56,2037,142,-202,471,46
50,2037,139,-261,364,52
43,2036,141,-117,242,31
49,2033,143,-94,560,17
50,2032,133,-33,391,4
38,2036,126,-40,191,38
30,2033,123,-69,198,45
26,2026,120,9,89,23
32,2023,116,29,122,-34
36,2023,124,-17,144,-53
38,2029,124,28,431,-34
28,2043,122,-335,277,82
31,2045,135,-132,412,169
43,2043,135,-150,377,153
55,2043,133,-191,333,8
57,2042,134,-205,490,-20
56,2043,134,-218,602,-42
51,2056,135,-270,416,-4
50,2064,135,-220,475,-4
46,2060,131,-397,392,21
43,2046,141,-96,373,36
46,2042,130,-98,239,18
42,2052,119,-435,514,80
35,2055,132,-276,280,123
46,2047,143,-60,423,48
51,2040,137,-274,366,26
52,2015,133,-172,303,31
51,1994,121,-321,280,35
47,1979,108,-345,90,-36
51,1968,87,-536,106,-219
49,1963,63,-940,-66,-333
35,1945,59,-959,-603,-428
31,1912,46,-924,-644,-504
38,1872,16,-1038,-937,-641
56,1829,-28,-916,-1307,-830
86,1792,-89,-776,-1497,-1058
139,1764,-145,-601,-171,-1499
165,1748,-214,-354,472,-1646
146,1765,-299,549,-931,-1348
123,1888,-440,55,-662,-666
81,2225,-428,-1561,-1189,230
-106,2724,-218,2001,-4700,847
-87,3015,-37,3844,-3630,1030
173,3267,146,5160,917,-118
375,3492,340,4204,2950,-3034
305,3388,550,2848,7337,-2712
74,3060,840,2339,10893,-898
-54,2638,913,4916,9334,951
-5,2296,771,3262,6153,1354
-3,1991,668,6036,6047,-212
-16,1981,525,3997,11229,-3820
-84,2088,539,5376,13179,-6810
-122,2019,457,5787,9924,-6196
-36,1811,278,4762,7803,-3291
-38,1597,201,3928,5385,-1995
-148,1432,122,6481,5047,-3421
-352,1352,-58,3701,4388,-4548
-469,1213,-234,3717,3876,-3615
-466,1066,-353,4159,-422,-1157
-354,998,-360,7281,699,963
-439,1117,-603,5493,-5429,1756
-505,1264,-576,10230,-4887,1348
-529,1539,-746,5964,-6071,1091
-438,1767,-681,5311,-4913,510
-303,1958,-560,5412,-3145,-144
-161,2144,-431,4485,-768,-1266
36,2305,-333,2845,4366,-2085
173,2531,-293,-1497,7914,-1139
77,2690,-268,-3665,6843,185
-130,2705,-358,-5272,4647,401
-239,2675,-459,-7755,3882,124
-254,2583,-532,-11136,4605,206
-272,2419,-468,-10612,4050,723
-317,2223,-389,-9422,3097,618
-323,2011,-424,-6728,1713,252
-337,1841,-396,-5926,-174,-290
-325,1722,-276,-2804,-560,-715
-387,1603,-403,2456,-3006,-710
-477,1574,-594,-5151,-2567,-306
-629,1517,-471,-570,-5987,-301
-721,1573,-409,1463,-7113,-722
-777,1634,-461,-1339,-8181,-442
-755,1646,-367,1749,-9432,237
-692,1699,-300,-931,-12667,1518
-515,1668,-117,-124,-9351,2401
-310,1586,-9,-2471,-8955,3405
62,1427,155,-4411,750,3664
293,1282,321,-5085,150,4674
480,1304,446,-5427,-54,5874
605,1457,510,-10805,3543,5311
419,1508,558,-6515,-1848,2742
140,1733,625,-8909,94,1310
1,1993,790,-4985,4062,-231
-7,2163,638,-27,757,-1712
-145,2394,188,1885,-2747,-2448
-458,2709,-88,-319,-2656,-1688
-436,2771,-123,492,1207,-1313
-378,2911,-182,730,-1458,-1019
-143,2930,-272,1322,-2287,39
40,2756,-306,1878,-4063,1405
99,2626,-263,1738,-2439,1367
35,2599,-192,1813,-977,440
-25,2563,-142,926,-273,81
-37,2447,-84,1171,249,794
-66,2305,-61,586,-829,1723
-46,2126,-3,663,922,1820
-36,1987,51,-901,2714,1412
-70,1908,110,-1195,2862,1176
-105,1890,163,-1013,139,996
-98,1891,160,-1015,395,749
-130,1875,143,-1034,-262,494
-155,1857,137,-108,634,444
-146,1878,95,-212,656,456
-112,1928,57,55,431,496
-88,2002,18,-346,-171,270
-48,2057,20,-440,439,158
-15,2084,38,-233,606,88
-27,2101,42,15,380,116
-42,2094,48,124,424,225
-57,2076,30,548,180,367
-63,2082,-2,235,-355,391
-40,2084,6,572,-85,360
1,2079,14,214,804,285
29,2076,30,196,1263,183
1,2072,45,-306,1177,258
-53,2041,68,282,103,531
-61,2026,60,-42,333,797
-57,2033,69,-116,24,818
-49,2033,77,-67,-339,680
-34,2019,89,46,-145,620
-27,2013,91,47,-86,462
-34,2017,87,36,-277,463
-46,2016,71,277,-753,593
-38,2035,58,-148,-884,660
-37,2067,66,11,-1116,719
-22,2091,80,-266,-645,630
11,2081,85,-9,190,427
14,2075,84,-192,214,377
-8,2070,97,-86,322,431
-26,2048,99,114,220,412
-30,2033,75,68,365,301
-34,2041,58,-92,136,231
-35,2049,64,28,-7,200
-34,2041,58,175,-157,163
-30,2034,49,6,-107,149
-31,2033,60,57,-48,184
-41,2031,64,142,-353,270
-41,2027,62,-30,-216,280
-44,2027,63,-18,-197,272
-32,2030,75,-47,-63,199
-17,2027,77,65,-23,169
-4,2039,69,-176,212,246
-5,2064,72,-263,179,238
-12,2079,80,-250,46,261
-5,2077,80,-82,0,237
-1,2076,71,-462,-39,304
-3,2070,80,-138,-84,390
6,2061,82,-290,146,295
22,2050,81,-166,468,121
18,2046,79,-108,487,97
-4,2044,73,-129,221,178
-20,2040,75,-140,273,229
-36,2035,63,-90,-211,226
-38,2032,52,-187,-383,282
-25,2030,49,-119,-356,315
-15,2039,56,-58,-694,296
-1,2050,60,-174,-365,275
2,2063,68,-204,-487,273
15,2063,76,-164,-302,271
24,2070,76,-385,-291,302
19,2071,85,-364,-304,350
13,2067,97,-278,-97,355
12,2061,90,-251,-75,301
18,2056,92,-326,-45,309
19,2050,98,-202,52,252
11,2041,92,-146,-210,263
8,2034,86,-201,-160,241
10,2035,83,-197,-194,222
13,2034,84,-55,-238,148
23,2030,75,-34,-60,156
26,2026,67,-161,-49,150
22,2026,68,31,-61,171
14,2032,67,-68,186,157
6,2037,70,-72,207,174
4,2044,70,-98,218,189
14,2045,75,31,163,166
23,2040,63,-32,266,67
15,2037,67,220,273,22
-4,2043,60,91,185,126
-12,2045,58,130,250,183
-8,2049,63,168,207,243
-12,2061,52,-13,-48,198
-15,2058,53,-76,-108,222
-2,2050,63,-32,16,200
4,2055,73,32,-6,115
13,2062,77,-105,49,115
19,2059,79,-3,281,163
16,2063,78,-131,153,200
17,2064,79,-177,443,171
16,2058,83,-85,411,172
15,2054,77,-176,472,134
13,2055,81,-245,373,114
14,2048,88,-94,482,107
15,2049,85,-234,280,94
14,2046,83,-176,218,119
18,2044,82,-305,164,103
20,2043,81,-203,165,95
17,2051,73,-355,-57,207
22,2064,87,-210,-266,238
31,2068,90,-403,57,190
33,2065,93,-288,54,208
29,2060,89,-391,-30,345
30,2053,90,-354,56,368
35,2046,100,-311,98,335
42,2043,99,-317,184,271
45,2046,101,-240,143,235
41,2046,103,-246,182,293
32,2041,91,-215,-91,318
29,2035,90,-213,-4,273
22,2037,86,-171,-35,231
23,2044,84,-385,251,213
30,2042,100,-68,175,207
39,2049,103,16,300,93
42,2052,97,-303,489,-6
28,2038,103,41,68,67
23,2035,108,-46,10,153
29,2038,107,-32,253,122
36,2044,112,15,325,58
41,2046,103,-75,401,31
29,2045,98,-48,325,24
15,2048,98,24,96,114
20,2057,102,24,49,79
32,2063,99,-118,123,-26
43,2055,99,25,379,-73
38,2044,93,-187,422,-83
25,2038,92,-73,650,-14
16,2039,89,-139,461,33
24,2044,94,-13,463,-61
34,2047,81,-148,860,-143
28,2046,81,-103,767,-265
26,2038,78,-251,1343,-315
-2,2029,83,-3,829,-267
-26,2037,88,-37,618,-105
-26,2043,87,25,640,-6
-16,2053,85,-5,223,-61
2,2058,78,-115,328,-151
5,2055,84,17,172,-137
-4,2064,76,-184,132,-56
-12,2067,83,-293,177,116
-4,2061,97,46,110,160
18,2056,90,-213,293,124
19,2048,95,-159,7,135
14,2039,96,-132,175,206
15,2039,92,-277,128,144
13,2040,97,-91,169,110
18,2036,88,-121,169,68
16,2034,81,-205,539,76
-3,2042,79,-90,-79,159
3,2058,83,-249,54,164
20,2064,83,-256,218,63
34,2057,76,-272,242,-63
44,2044,75,-452,792,-77
19,2038,87,-352,402,59
-3,2051,111,-271,531,154
-8,2071,120,-291,911,105
-7,2080,124,-270,531,69
-5,2077,121,-479,641,154
-10,2062,128,-400,253,109
-5,2041,120,-470,251,50
-2,2022,127,-373,285,-67
-11,2019,119,-323,80,-61
-12,2024,117,-180,39,-12
-8,2026,105,-157,106,22
0,2022,100,-153,269,42
3,2021,101,5,171,99
-9,2032,95,-232,181,186
-14,2040,103,169,1,175
3,2047,101,90,571,123
9,2049,103,212,365,88
10,2048,104,173,625,40
-3,2044,104,141,698,75
-17,2045,97,87,564,89
-21,2051,98,0,146,111
-23,2056,102,20,43,127
-18,2054,107,-119,54,32
-7,2045,112,-1,103,-35
5,2033,97,-17,-177,-87
15,2019,70,-6,-403,-65
27,2003,32,149,-710,-162
36,1979,-35,4,-1198,-381
57,1933,-105,-61,-1510,-623
73,1860,-172,-96,-1560,-910
88,1770,-247,78,-1669,-1224
104,1690,-305,-62,-1055,-1335
123,1640,-327,348,1154,-1335
77,1654,-377,1442,-1362,-883
26,1789,-501,695,-2533,86
-10,2067,-519,1070,-1910,702
-10,2465,-393,1849,-1215,1045
76,2775,-247,4143,-605,1318
171,3003,-146,3963,817,1391
231,3208,56,4967,-451,125
248,3296,257,3191,3433,-1080
175,3168,530,1509,10080,-1103
51,2849,778,2226,11312,297
-13,2455,723,4507,6177,2314
-50,2157,583,3504,944,2231
-133,2006,506,4638,1367,-2
-120,2099,352,1162,9601,-2941
-98,2307,268,-3863,15301,-4247
-116,2237,326,835,8632,-1683
-16,1928,199,1343,2020,1435
-8,1605,119,1096,-334,1738
-157,1408,69,3931,884,-1592
-382,1249,-99,2945,242,-3870
-452,1051,-157,5210,641,-3414
-351,930,-265,9884,-736,-2379
-251,1162,-648,2723,-3025,-1054
-258,1503,-492,8382,-3857,-672
-268,1716,-546,8256,-4654,-545
-231,1831,-619,4589,-3604,-948
-117,1991,-372,5880,1873,-2249
-31,2121,-349,4681,4227,-2805
72,2180,-290,1209,5513,-1990
48,2210,-261,1223,3634,-1045
-1,2374,-277,-1266,5617,-911
-86,2465,-286,-2541,3875,-618
-124,2499,-330,-4520,3288,-470
-106,2454,-410,-5565,3699,-70
-106,2345,-402,-3778,4722,454
-177,2242,-362,-2144,4004,691
-313,2096,-522,-3415,-978,1432
-377,2001,-546,-5031,-1474,758
-386,1887,-509,-4627,-2148,-281
-324,1763,-451,-3154,1022,2
-425,1674,-576,-3379,-4593,645
-515,1648,-464,-6668,-8552,1177
-591,1601,-393,-1563,-11919,1086
-556,1636,-251,-4750,-8940,1211
-473,1633,-104,-412,-9893,1031
-327,1650,-48,-326,-8386,863
-180,1638,-59,1983,-8412,493
-95,1681,-107,-1803,-6838,45
-58,1655,-14,-3105,-3281,37
72,1529,107,232,6006,857
104,1541,117,-4728,5153,3575
156,1718,300,-4322,6069,6193
147,2004,403,-5360,4214,6718
352,2141,555,-8138,8564,3092
421,2081,525,-7120,8212,-528
147,2049,488,-9231,2900,-2040
-182,2041,621,-1364,5532,-386
-283,2108,434,-2156,6385,763
-179,2088,117,-1789,5335,352
-97,2121,-77,-1291,3148,623
-20,2196,-215,-1909,-221,1680
18,2375,-378,-685,-5980,1049
64,2662,-520,2213,-8181,-764
97,2926,-661,729,-7729,-2743
-55,2961,-456,1912,-4078,-3302
-181,2855,-292,3040,-397,-1940
-84,2686,-316,-870,1787,918
32,2364,-188,2935,-1779,3844
128,2166,-189,-1544,-2939,4853
196,2044,-61,-1332,-1318,3258
216,1946,58,-1909,193,1203
127,1844,176,-2320,2116,351
-37,1744,262,-528,2223,705
-151,1699,223,-720,1669,1036
-175,1715,207,11,2231,657
-184,1794,153,2,1564,432
-138,1868,95,295,831,337
-54,1949,50,455,-907,177
-2,2044,24,-68,-1481,-134
-2,2103,8,552,-2422,-219
4,2154,7,-184,-1828,155
12,2198,51,272,-1125,518
56,2216,81,5,-514,650
116,2188,101,323,40,622
135,2154,119,-420,-35,659
110,2102,159,21,30,650
62,2065,149,-377,-146,600
44,2046,151,-491,468,433
24,2039,161,-299,-439,370
31,2035,136,-353,-751,377
43,2036,135,-787,-407,519
52,2028,148,-447,-175,442
61,2021,136,-516,128,315
58,2008,119,-239,84,232
36,2006,107,-236,-465,308
19,2011,99,76,-906,281
16,2025,86,-94,-875,246
33,2030,90,73,-704,234
57,2032,84,193,-566,211
73,2037,80,152,-566,260
72,2038,85,154,-618,291
71,2037,85,227,-455,285
71,2044,93,-55,-228,263
77,2050,109,120,85,209
79,2055,112,31,312,243
67,2065,105,-55,-130,343
59,2077,105,-175,-207,381
70,2086,115,-260,7,399
93,2084,124,-33,-43,286
125,2079,111,-45,-160,179
134,2072,96,-189,-236,165
107,2064,93,-315,-714,189
80,2036,101,-249,-535,208
58,2009,100,-62,-394,321
43,1991,80,-87,-660,396
51,1991,88,-268,-600,401
55,1995,89,215,-489,267
47,2012,60,-332,-852,167
49,2009,71,442,-542,92
46,2011,56,303,-573,72
51,2019,47,417,-491,-5
52,2028,43,269,-503,-66
51,2036,53,267,-242,-58
56,2055,54,280,170,33
70,2081,59,-66,170,48
80,2080,65,139,325,38
80,2077,70,-34,294,79
71,2084,81,-47,225,54
69,2089,88,-180,359,16
74,2088,86,-217,269,-17
77,2085,84,-335,367,5
75,2071,87,-423,452,35
71,2050,100,-356,337,-31
65,2034,99,-217,193,-47
64,2028,95,-369,337,-63
62,2017,94,-29,73,-54
72,2005,88,27,124,-25
82,2003,80,104,135,-66
84,2013,68,-28,269,-36
81,2024,59,26,277,63
61,2032,57,9,317,214
44,2033,55,-23,291,277
33,2035,64,103,235,297
31,2037,56,-33,264,281
44,2044,63,-101,467,218
39,2062,60,-90,-241,233
31,2076,59,-307,-244,264
28,2074,65,-176,-247,246
38,2073,77,-261,-5,193
53,2071,96,-184,305,51
58,2061,99,-252,167,55
57,2050,103,-157,325,130
50,2045,104,-152,235,168
47,2042,94,-216,233,161
45,2036,94,-270,243,148
43,2031,99,-86,138,113
48,2036,96,-332,352,85
51,2039,99,-60,305,28
50,2042,87,-277,134,-19
40,2041,92,-38,-85,72
33,2044,90,-106,-216,175
48,2050,95,-92,61,161
72,2053,93,-127,204,94
88,2054,93,-142,196,88
86,2053,84,-89,190,80
77,2060,86,-115,391,170
72,2068,97,-195,806,289
81,2075,100,-139,991,461
108,2080,98,-153,940,560
117,2083,86,-441,710,553
103,2062,91,-344,679,453
79,2040,91,-321,372,414
63,2030,93,-295,280,402
61,2025,93,-414,285,327
63,2021,100,-227,83,277
61,2026,91,-442,-51,263
59,2028,97,-355,-108,231
66,2026,99,-234,-261,163
73,2025,102,-105,-291,67
72,2027,96,-146,-271,58
73,2029,101,-152,-122,44
74,2027,97,-10,-193,25
78,2031,89,-188,-289,-45
75,2033,92,-163,-393,-67
73,2034,96,-22,-214,-92
77,2040,95,-169,205,-116
75,2044,94,-12,-66,-106
73,2051,87,-85,-170,-114
71,2055,90,-135,-7,-149
77,2048,99,17,207,-192
85,2043,93,-95,381,-170
88,2044,95,-27,593,-156
76,2045,96,-143,408,-100
68,2046,99,-53,354,-68
63,2054,103,-179,538,-40
55,2056,108,-145,470,-65
50,2048,114,-78,476,-71
45,2040,111,-149,202,-45
42,2037,116,-10,200,-102
44,2036,113,-150,423,-92
55,2032,109,-119,311,-131
59,2030,106,-107,57,-126
49,2029,98,24,-114,-88
46,2028,88,-220,251,-102
45,2036,88,120,165,-106
38,2061,70,-234,12,-28
43,2073,80,-229,260,79
49,2072,99,-103,178,91
62,2067,106,-96,522,28
60,2056,106,-206,440,-41
51,2045,101,-297,546,26
31,2049,99,-275,351,130
23,2060,109,-245,167,180
40,2061,111,-214,273,88
57,2055,115,-265,299,22
55,2050,114,-275,306,78
48,2041,121,-187,329,132
40,2038,123,-218,316,156
40,2034,124,-206,400,162
39,2032,118,-171,226,177
39,2026,113,-106,94,156
33,2023,116,-73,148,130
27,2026,115,15,243,123
23,2031,110,-135,64,115
23,2031,110,-4,146,181
23,2037,108,-115,55,231
18,2040,107,-59,-200,222
17,2048,107,-67,-289,169
25,2058,102,-53,-216,150
34,2064,104,-40,-413,129
47,2066,106,43,-258,63
50,2065,101,-106,-389,91
60,2057,106,-169,-27,169
70,2050,120,-68,214,222
68,2053,106,-134,174,267
65,2048,102,-251,105,366
64,2036,112,23,275,290
55,2033,104,-15,276,214
49,2024,99,29,353,126
40,2018,90,-78,173,111
30,2031,92,-60,-42,142
32,2044,97,-60,42,105
48,2049,101,-265,171,114
54,2049,100,-108,-149,108
61,2042,100,-274,-7,125
64,2035,99,-191,-111,131
67,2035,84,-368,-191,78
78,2033,71,-420,-401,6
92,2023,46,-492,-601,-171
95,1996,4,-678,-1422,-465
94,1947,-37,-622,-2108,-880
99,1872,-77,-481,-2242,-1370
105,1777,-119,-3,-1986,-1900
118,1687,-203,388,-681,-2180
127,1634,-295,226,-217,-2134
143,1650,-375,495,879,-1909
108,1760,-432,326,-477,-1211
57,1952,-454,1403,-1064,-551
63,2214,-426,949,-306,-116
115,2460,-372,3259,-222,777
163,2758,-261,2296,-2840,1964
177,3020,-14,5477,-3240,1720
212,3202,52,4708,-1679,-265
288,3326,288,3190,4687,-1549
268,3284,586,1980,12056,-1891
109,2992,776,2528,12154,-665
-51,2607,661,4001,7438,1075
-95,2345,505,3860,3896,561
-115,2202,364,3647,4439,-1830
-90,2174,288,2588,9577,-4159
-122,2114,245,3012,10059,-4718
-101,1996,197,2308,8057,-3794
-111,1775,119,630,5042,-1317
-207,1528,136,-71,3115,-1316
-332,1305,37,1101,-316,-2630
-351,1142,-27,-197,-876,-3184
-337,978,-36,2883,-1967,-3370
-366,948,-95,6867,-3269,-2129
-425,1082,-225,8524,-5571,-717
-439,1320,-477,8077,-7613,-577
-416,1552,-550,8470,-8145,-801
-364,1766,-605,6214,-7814,-1390
-307,1895,-493,4808,-7245,-2365
-254,1981,-431,3982,-4114,-3305
-155,2099,-340,3159,-684,-3304
-32,2253,-334,3248,788,-2048
-46,2434,-385,108,2138,444
-147,2571,-330,-2853,1860,1301
-195,2587,-388,-6399,4698,1207
-203,2521,-434,-6650,6293,953
-201,2485,-418,-6185,5372,1350
-200,2431,-423,-6836,4643,1926
-230,2311,-430,-6846,2256,2643
-304,2136,-506,-7007,-347,2786
-331,1954,-464,-3199,357,1657
-357,1812,-652,-4879,2396,952
-416,1738,-529,-9946,2380,812
-500,1638,-209,-3314,-1668,1243
-498,1636,-216,-3120,-7137,2226
-355,1587,-256,-6120,-8547,2003
-353,1441,-149,-5365,-7738,840
-527,1382,-10,-7182,-8013,1354
-506,1317,393,-2154,-4292,2937
-88,1318,412,3297,-1646,2284
404,1443,203,-5649,1754,11
429,1370,259,-3081,1981,2
80,1377,217,-3970,-1935,1546
-42,1561,346,-6714,5267,3537
-41,1883,585,-9542,7578,4666
28,2199,815,-8730,5625,4420
105,2281,926,-7624,4381,3913
96,2250,956,-5049,2046,2876
-66,2308,820,-4252,-802,1150
-206,2302,705,-3739,-684,400
-205,2301,524,-459,-2326,391
-127,2484,283,-1091,-4022,-82
-39,2607,184,34,-2737,-601
-21,2672,158,-779,-1313,-963
-18,2654,193,-18,1020,-1979
-85,2605,199,-115,1465,-1790
-107,2468,202,1172,541,-400
-59,2347,166,1429,132,809
-1,2288,142,1313,-155,588
46,2218,143,1790,1418,275
42,2157,78,785,1270,344
24,2108,89,310,1580,668
-11,2046,94,1279,1285,592
-66,1977,67,1564,1438,36
-103,1916,47,1163,1116,-583
-105,1877,51,1457,1024,-825
-81,1882,43,1236,952,-760
-29,1906,41,1355,423,-721
8,1934,44,2017,-58,-443
16,1951,19,1731,-1082,89
12,1959,27,1653,-1314,559
5,1972,43,1552,-1546,742
46,2005,56,1661,-378,648
77,2075,69,1003,-274,592
85,2122,99,1307,-123,656
64,2150,92,772,-730,799
27,2163,117,512,-698,807
2,2151,156,459,-757,673
22,2127,191,365,-293,561
73,2106,208,263,362,542
95,2080,206,167,68,459
77,2042,169,130,-154,438
-1,2020,155,-305,-1030,615
-44,2000,172,87,-699,609
-20,1987,160,-248,-558,494
19,1987,157,268,-914,386
48,1997,148,-188,-599,400
39,2005,155,-2,-1041,473
32,2024,141,-67,-1117,409
30,2054,143,-507,-807,393
23,2065,170,226,-481,453
27,2070,152,-71,-209,497
33,2072,153,-15,-219,428
25,2072,164,-291,-112,368
9,2060,176,62,-334,199
5,2048,167,77,-54,62
8,2037,158,42,143,0
-9,2023,148,86,-166,88
-17,2007,154,131,-413,119
-4,1997,155,135,-119,-5
2,1992,159,156,-184,-80
4,1988,153,307,-106,-126
8,1989,139,307,42,-117
-3,1994,123,405,-223,-89
-9,2011,115,231,-486,-78
0,2037,117,377,-418,-73
15,2065,115,270,-166,-140
18,2083,111,192,-246,-120
19,2088,108,154,-91,-77
13,2087,106,-39,-74,-81
4,2079,115,182,-193,-52
1,2073,100,100,-81,-35
-7,2077,101,-248,-113,29
-16,2066,114,88,-237,31
-12,2051,113,51,-358,1
2,2036,111,-17,191,-61
-7,2021,103,-83,77,-45
-16,2006,94,5,53,17
-17,2007,84,-189,46,66
-15,2013,86,-179,122,27
-16,2023,93,-194,133,-62
-23,2029,94,-260,159,-69
-36,2035,102,-64,-126,75
-40,2052,97,27,-550,232
-14,2081,86,-320,-234,245
9,2102,97,-313,-42,210
19,2110,111,-415,143,172
24,2099,126,-255,568,238
21,2089,132,-519,515,279
11,2074,146,-300,394,393
2,2061,149,-344,59,450
10,2049,146,-281,223,431
19,2045,138,-593,530,284
15,2033,153,-237,304,204
24,2019,150,-75,690,247
28,2013,138,-128,572,221
36,2006,134,105,599,159
32,2003,124,-45,412,244
20,1999,115,-80,93,343
12,2004,119,103,178,441
11,2028,109,-79,401,445
9,2050,116,67,486,354
4,2070,118,83,272,331
9,2084,127,333,-18,282
9,2093,134,-114,2,269
3,2084,144,157,-146,275
5,2077,146,126,15,219
5,2073,148,-6,15,200
8,2067,154,-81,-215,249
11,2058,156,3,-123,300
14,2049,154,-323,-111,237
22,2031,161,13,45,291
28,2023,156,-53,-6,279
36,2026,157,-19,-32,222
42,2033,156,137,-87,200
51,2044,147,182,316,81
48,2051,135,300,288,188
53,2049,119,317,219,274
59,2045,107,220,401,171
48,2037,105,395,170,116
32,2034,102,220,143,109
22,2035,119,424,311,130
23,2042,117,358,214,111
41,2047,115,202,444,106
51,2045,125,262,396,58
41,2041,125,385,94,95
40,2038,113,115,284,140
46,2040,119,297,527,128
47,2056,119,-11,489,88
31,2059,103,200,143,101
10,2053,99,-122,257,198
3,2042,111,260,239,124
11,2041,104,140,360,-6
30,2031,104,281,660,-57
30,2030,90,129,244,-22
20,2030,89,145,164,-68
12,2028,93,349,142,-52
19,2036,85,403,110,-58
32,2045,79,236,446,-65
32,2046,76,239,371,-31
28,2043,74,115,406,-28
16,2043,74,202,374,-21
8,2049,67,118,333,10
12,2052,67,282,322,3
26,2060,56,65,362,-27
33,2066,60,116,214,-85
29,2063,59,216,196,-63
19,2057,57,133,11,-68
11,2056,59,115,162,32
14,2057,61,114,407,81
25,2058,59,110,341,50
29,2057,64,13,259,69
25,2054,70,-14,234,99
27,2046,71,221,336,34
26,2043,59,-94,264,16
14,2038,67,62,470,35
11,2036,68,166,380,24
6,2034,41,-15,319,80
-1,2032,34,-121,224,190
2,2035,45,2,31,149
4,2045,50,-90,46,78
7,2041,53,-48,62,75
8,2036,57,15,129,147
2,2043,58,0,-109,197
3,2050,61,1,12,189
14,2058,58,-134,272,146
19,2061,56,-85,356,79
15,2060,55,-136,151,42
7,2056,60,-111,79,69
-4,2054,56,-158,91,102
-5,2052,61,-170,60,104
6,2048,62,-179,77,70
18,2040,60,-153,327,23
14,2036,52,-117,219,25
0,2049,48,-48,124,62
-3,2061,44,-105,205,150
4,2063,44,-151,88,170
15,2064,48,-168,75,168
20,2057,53,-207,385,134
9,2048,60,-355,156,89
-2,2045,61,-256,53,116
-1,2044,67,-335,195,124
2,2039,60,-389,-193,77
14,2026,59,-345,-31,48
20,2012,41,-396,-429,-26
24,2009,6,-664,-552,-156
23,1998,-35,-667,-1156,-360
46,1963,-95,-966,-1333,-672
76,1891,-149,-1088,-1565,-1156
102,1781,-202,-870,-1379,-1678
127,1661,-272,-435,-373,-2081
140,1584,-350,-367,711,-2257
120,1587,-389,-694,1714,-1786
32,1666,-450,253,-578,-729
-19,1874,-524,-453,-650,479
-48,2235,-494,-505,-824,1535
-9,2651,-366,2617,-1075,1740
36,2974,-259,2733,-2677,2073
103,3162,-77,5135,-2410,1138
158,3341,122,5091,-2629,-972
179,3391,298,3706,1748,-1776
124,3299,592,520,8895,-1078
12,2995,864,2379,10905,279
10,2619,779,3676,5972,1532
74,2286,668,3871,4034,1180
34,2084,515,3541,5853,-695
46,2059,395,2339,10793,-4103
19,2050,272,1639,10170,-4881
-63,1848,174,560,4646,-2393
-125,1555,109,1276,-363,-453
-225,1343,35,823,-3013,-1278
-422,1215,-101,2006,-3442,-3657
-578,1135,-250,728,-4844,-4613
-526,1101,-217,2800,-3516,-4758
-403,1208,-193,7399,-3405,-3411
-394,1423,-350,5762,-7049,-834
-392,1542,-466,5774,-6182,202
-326,1668,-432,5814,-3512,-580
-286,1816,-487,4109,-3366,-1370
-302,1976,-381,5166,-3173,-1950
-256,2098,-385,4517,34,-2237
-213,2161,-246,2857,350,-2401
-141,2187,-191,1959,2088,-1978
-100,2222,-168,425,2937,-1078
-147,2291,-203,140,204,54
-173,2347,-252,-2484,1228,269
-185,2339,-306,-4638,3094,513
-251,2285,-336,-4743,699,837
-256,2258,-312,-4938,4848,1293
-305,2210,-425,-5739,2340,1675
-305,2129,-441,-7463,2460,2198
-370,2001,-422,-3834,-2546,2192
-401,1907,-453,-6911,-3761,2054
-331,1771,-347,-2732,265,993
-384,1687,-465,-4967,-2962,1309
-504,1607,-400,-6996,-5318,2216
-597,1494,-147,-3982,-7501,2800
-575,1404,2,1822,-8231,2674
-453,1463,-185,-1137,-10093,3121
-363,1488,-91,-2103,-12049,3747
-273,1434,53,1915,-11802,3044
-80,1387,85,-683,-3720,1503
142,1311,126,338,5000,1007
273,1386,87,-5229,2415,3040
433,1548,374,-5237,6052,5470
457,1795,571,-7327,3489,6221
500,2143,745,-14098,5078,4531
332,2319,1015,-6988,1660,1917
45,2340,949,-5162,630,-178
-230,2226,811,-4643,3420,185
-222,2167,563,-74,4497,767
-92,2471,162,854,1362,-1611
7,2762,-96,798,1037,-2503
49,2753,-165,1126,1015,-1375
59,2793,-152,1682,1264,-1993
32,2755,-214,1089,990,-1514
-34,2608,-170,2072,1230,-703
-46,2488,-142,2109,2432,601
39,2515,-87,866,3337,1240
156,2509,11,1044,3771,1396
210,2379,69,1933,3835,1406
153,2219,69,2005,3462,1538
35,2053,34,682,4395,1636
-91,1898,67,377,4413,1285
-154,1805,90,1522,4230,1108
-116,1816,55,674,4310,930
-43,1863,27,-248,3659,568
14,1893,27,570,2720,291
-21,1917,-1,-256,1175,348
-80,1907,16,679,305,567
-86,1923,9,258,1207,561
-83,1989,19,376,586,651
-46,2061,10,727,294,532
-3,2115,-1,143,984,481
-6,2160,17,247,-293,523
13,2160,51,321,110,368
22,2121,55,523,89,261
23,2095,57,168,131,189
3,2073,72,376,-232,306
-7,2056,60,-100,-314,375
-18,2048,71,-313,-389,494
-14,2037,88,151,-159,488
-2,2031,77,-293,-375,496
15,2010,83,177,-169,410
16,1993,69,97,-237,243
-2,1989,65,198,-393,146
-7,1994,57,173,-443,60
-4,1996,48,191,-572,38
-10,1994,45,428,-978,180
-3,2000,39,357,-1062,297
21,2009,31,418,-673,255
30,2024,24,132,-779,272
25,2036,36,441,-555,303
24,2060,39,306,-410,235
41,2079,36,388,-118,252
48,2105,19,21,139,255
17,2122,34,96,-424,374
4,2117,45,-57,-413,371
24,2093,56,275,142,186
32,2087,46,-164,375,121
33,2066,50,12,352,96
32,2038,40,1,267,45
28,2023,33,-270,242,0
22,2007,40,168,100,107
19,2000,24,-67,305,101
12,2001,24,-71,368,100
5,2002,29,343,223,175
17,2010,10,196,550,227
20,2027,9,171,328,207
17,2042,10,389,50,283
19,2048,2,375,253,324
18,2064,5,623,124,332
32,2086,9,447,518,289
45,2100,11,585,787,317
41,2106,12,335,350,459
40,2106,19,308,489,466
42,2096,22,-62,321,409
44,2074,32,210,357,375
38,2058,35,27,-77,369
46,2054,36,-111,317,249
42,2055,39,-310,415,236
27,2051,47,-362,177,244
27,2044,51,-343,346,254
25,2044,40,-249,280,295
26,2044,33,-308,180,266
34,2036,28,-249,239,157
29,2030,16,-16,-269,109
29,2027,7,-60,-54,120
28,2025,5,-43,-152,92
30,2027,-1,92,7,87
21,2034,-4,85,-342,152
18,2036,-8,64,-533,209
26,2027,-8,160,-304,131
36,2028,-10,110,-248,101
29,2043,1,20,-583,121
20,2053,4,189,-788,77
27,2056,-6,104,-481,21
43,2069,-3,-185,-255,-40
52,2078,8,148,-304,-28
66,2068,6,61,48,-78
73,2054,3,25,320,-104
72,2051,-1,10,631,-45
60,2052,-8,-117,663,-42
40,2046,-12,50,79,49
27,2047,-13,55,178,153
27,2054,-8,-55,195,154
49,2048,-6,170,502,55
63,2045,-11,-44,463,1
58,2049,-3,14,506,-19
37,2051,-11,3,333,8
31,2044,-9,54,463,17
30,2045,-15,16,668,95
16,2061,-28,-279,74,279
17,2058,-15,-144,183,310
41,2045,-9,45,563,145
57,2045,-9,-132,467,39
54,2044,-2,-66,502,52
42,2038,1,-68,381,158
32,2035,-3,-107,474,135
26,2042,-6,-204,275,140
22,2047,-3,43,208,175
33,2059,-3,-217,207,136
45,2060,-1,21,496,56
39,2062,-6,-251,197,105
33,2058,0,-59,186,191
31,2057,-6,-211,337,174
33,2056,-1,-206,209,147
37,2052,-6,-53,164,191
36,2051,-13,-284,-27,256
28,2050,-19,-347,-276,282
29,2048,-16,-450,331,212
22,2044,-5,-453,138,199
14,2044,8,-277,86,263
23,2044,17,-435,-157,264
43,2039,19,-215,-31,131
55,2037,17,-349,45,68
58,2041,20,-161,-122,-8
45,2044,15,-138,-215,28
36,2044,11,-145,-87,40
37,2052,10,-29,-130,66
45,2072,6,-352,100,139
54,2077,19,-296,65,177
64,2072,37,57,285,105
69,2067,36,-124,556,64
59,2055,30,-36,218,24
37,2055,23,-187,84,112
26,2059,28,-140,232,126
24,2055,22,-31,104,62
39,2046,18,-29,403,59
40,2040,14,9,391,33
31,2031,8,-34,276,9
28,2023,4,-39,145,9
30,2023,-6,-70,194,43
32,2023,-3,-44,138,63
31,2026,-1,-6,228,65
27,2028,8,-10,188,145
29,2031,11,163,279,148
33,2034,6,83,262,87
26,2035,-1,151,13,95
20,2042,-1,101,15,136
23,2054,-1,48,27,66
24,2065,1,18,-263,89
33,2068,5,84,-8,83
39,2070,3,-18,-80,55
46,2070,5,34,48,24
45,2067,-1,-176,-127,99
48,2066,10,-175,135,99
43,2067,8,-12,-14,79
34,2065,-12,-365,147,186
26,2060,-1,-156,-189,268
38,2062,7,-10,120,180
50,2059,2,-146,183,16
49,2045,1,-108,150,10
42,2042,6,-116,209,72
34,2043,7,-42,252,46
30,2041,0,-275,309,56
23,2037,11,24,88,91
26,2033,11,-105,217,40
39,2022,12,-84,504,-6
40,2015,5,9,332,-42
27,2021,-6,-48,257,49
9,2030,-11,-10,-95,76
4,2042,-12,-14,-23,68
8,2054,-9,-34,-73,61
23,2062,-9,-126,-42,70
34,2062,-10,-169,-228,82
37,2064,-19,-313,-449,110
36,2068,-19,-495,-595,17
39,2060,-25,-575,-759,-93
57,2036,-48,-819,-750,-332
79,1984,-82,-1176,-736,-609
92,1898,-114,-1006,-1051,-945
104,1791,-181,-1036,-1124,-1296
108,1680,-255,-991,-1286,-1597
114,1592,-300,-383,-1342,-1704
129,1569,-375,-287,-405,-1673
122,1627,-418,-1050,-54,-1444
59,1766,-492,381,-1420,-826
-8,2057,-533,-3070,-3049,152
-64,2311,-457,1974,-5490,873
-78,2568,-476,1758,-5161,1869
68,2781,-443,1279,-1819,1784
249,3036,-235,2396,-755,804
360,3273,-37,3132,-1979,-744
403,3327,212,2613,2370,-1805
331,3223,493,1683,8301,-1458
226,3010,768,638,12918,-445
107,2673,917,2715,12809,328
60,2328,844,3552,9929,741
48,2079,693,5139,8010,-463
67,2010,516,3744,9846,-2861
65,2030,376,1071,14258,-4317
-71,1970,265,27,11856,-3272
-133,1835,146,-1747,9198,-1327
-144,1664,146,-2454,6631,-31
-180,1464,187,-595,4376,-828
-280,1257,47,722,2613,-1758
-398,1037,-86,3328,-2191,-1087
-304,915,-194,9441,412,145
-319,1075,-383,8507,-1694,379
-468,1303,-599,10164,-4897,-398
-544,1506,-679,12218,-5379,-1186
-420,1824,-820,2414,-1864,-2522
-291,1903,-648,4247,-2820,-2228
-155,2046,-568,2318,-274,-2105
-41,2170,-415,2373,2126,-2419
0,2304,-382,1798,2827,-1831
15,2458,-322,-274,3752,-919
-38,2582,-364,-2801,3866,-408
-110,2627,-385,-4862,3042,-181
-141,2580,-469,-7236,3599,164
-181,2483,-533,-9650,2770,798
-248,2358,-461,-9893,263,841
-313,2191,-394,-6340,-2771,276
-377,2055,-467,-7121,-4794,-6
-390,1873,-533,-5535,-6191,-704
-341,1723,-485,-2284,-2915,-519
-397,1721,-473,-6950,-3577,-241
-532,1716,-177,-3913,-7412,-438
-570,1645,-25,6275,-6881,-1154
-570,1658,-401,-4144,-9843,-820
-554,1553,-267,-1778,-13286,-35
-584,1537,-90,-1171,-12151,948
-569,1581,70,782,-7611,431
-414,1637,40,720,-5918,130
-198,1747,14,-4432,-7422,953
-35,1755,96,-3235,-7471,2683
50,1670,230,-4386,-7356,3658
143,1532,320,-3790,-786,3696
126,1525,484,-5011,-1214,5518
297,1558,588,-5275,2618,4743
342,1548,568,-4367,2152,3665
161,1613,555,-5881,412,3447
19,1711,653,-5241,2024,2639
89,1803,712,-3232,4876,1241
136,2022,695,-1375,4310,-551
16,2291,416,2926,-529,-1303
-163,2523,75,-971,-2282,-730
-255,2539,35,2223,-2088,220
-230,2658,-38,1205,-1875,-279
-111,2701,-112,2444,-2639,-619
-7,2694,-239,1966,-3782,9
95,2643,-258,2908,-3118,377
157,2632,-244,2746,-904,241
153,2643,-184,1714,-362,449
137,2544,-105,2586,1006,797
112,2386,-88,1571,493,1338
60,2210,-44,2297,184,1772
29,2066,-9,1367,806,1738
4,1968,38,686,1522,1216
-13,1940,83,173,1801,1024
-33,1950,131,80,775,1064
-50,1948,165,714,787,969
-74,1939,143,390,588,868
-71,1953,103,425,781,756
-59,2004,66,-298,506,595
-26,2033,56,167,422,72
-38,2052,28,-63,255,-3
-50,2067,18,-53,574,113
-36,2059,29,249,751,83
-24,2056,10,116,417,-8
-9,2045,21,-318,792,-7
12,2030,36,267,965,10
25,2037,18,21,935,23
22,2037,10,-35,791,29
11,2033,-8,-120,461,242
6,2045,2,-263,552,389
10,2064,22,-388,684,282
24,2075,35,-292,631,256
32,2080,31,-533,441,375
19,2078,50,-427,347,495
19,2070,44,-231,170,446
15,2066,31,-428,113,455
19,2062,41,-330,168,531
31,2058,36,-353,170,558
45,2053,34,-571,-272,650
42,2040,63,-677,-557,744
42,2026,86,-261,-454,758
50,2024,57,-562,-960,750
57,2035,60,-604,-861,762
66,2038,70,-244,-540,740
100,2041,59,-297,119,578
106,2048,51,-1038,-78,530
78,2033,91,-378,51,573
45,2014,93,-361,-113,576
27,2015,85,-273,-118,570
34,2033,80,-256,-185,636
70,2053,77,-94,-82,476
88,2069,80,-99,-183,299
92,2072,84,-346,43,181
75,2061,109,-151,142,87
53,2056,120,-106,-168,220
59,2058,119,-63,262,192
76,2061,99,-119,484,127
89,2066,92,-386,414,29
77,2064,108,-282,220,2
57,2043,119,-48,337,-108
37,2024,110,-21,334,-100
29,2020,108,-29,377,51
42,2027,103,-62,193,52
60,2037,102,-65,9,-60
71,2038,89,-97,203,-86
58,2037,83,-135,88,-56
53,2040,89,-102,296,2
59,2042,95,79,662,18
60,2047,93,89,625,91
62,2050,81,-166,795,185
55,2050,82,-69,222,285
62,2049,90,-67,378,239
66,2046,87,-166,772,138
66,2045,85,-80,672,69
57,2051,80,-335,545,173
41,2060,80,80,103,361
44,2065,69,-254,1,348
52,2060,80,-67,66,219
59,2057,87,-217,236,143
69,2045,95,-131,547,64
68,2037,97,34,417,99
63,2040,87,-125,383,125
47,2045,89,-102,-149,160
44,2040,84,-81,-73,96
57,2037,94,-125,178,74
68,2037,95,14,366,4
68,2036,91,-80,284,39
63,2029,87,-63,345,33
45,2028,89,-80,19,54
38,2031,91,50,79,111
48,2038,91,-147,90,78
48,2039,92,287,-81,89
55,2038,81,-79,66,69
65,2039,80,102,61,18
64,2045,88,86,115,-19
60,2050,85,45,238,18
58,2056,84,49,197,79
61,2063,88,-213,399,77
62,2060,100,96,338,30
59,2056,101,3,356,-29
55,2047,89,-68,376,-61
60,2045,95,-144,648,-92
48,2047,96,248,281,-73
37,2055,83,-368,208,-13
35,2049,94,77,80,-20
45,2047,95,-23,159,-51
54,2046,96,67,135,-107
